,,,,앤드피스,,,CAM 압입 (최고압입력kN/최종압입력kN/판정),,,,,,,,,,,,,,,,,,,,,,,,,,,CAM 토크(N.m)/위상각도(도)/가공여유 검사,
바코드,모델명,라인/장비/팔레트,일시,최종위치(mm)/압입력(kN)/판정,,,CAM1,,,CAM2,,,CAM3,,,CAM4,,,CAM5,,,CAM6,,,CAM7,,,CAM8,,,CAM9,,,CAM1,,,,,CAM2,,,,,CAM3,,,,,CAM4,,,,,CAM5,,,,,CAM6,,,,,CAM7,,,,,CAM8,,,CAM9,,,,,
2406150001D,ATKINSON 3.8 OCV,DM4P8,2024-06-15 00:24:20,18.996,24.8,OK,26.77,26.68,OK,25.17,25.05,OK,25.15,24.98,OK,25.05,24.78,OK,27.49,27.33,OK,24.82,24.73,OK,25.66,25.59,OK,0,0,,0,0,,12.5,OK,12.58,OK,12.57,OK,12.59,OK,12.72,OK,12.47,OK,12.46,OK,0,,0,,9.38,OK,9.98,OK,10.14,OK,10.09,OK,10.17,OK,10.2,OK,9.84,OK,0,,0,,,,81.76,OK,,,,82.02,OK,,,,157.62,OK,,,,157.51,OK,,,,37.32,OK,,,,37.53,OK,,,,,,,,,,,,,,,,,
2406150002D,ATKINSON 3.8 OCV,DM1P6,2024-06-15 00:25:15,18.992,24.9,OK,25.12,25.03,OK,23.01,22.94,OK,22.58,22.38,OK,23.73,23.64,OK,25.1,24.99,OK,22.54,22.36,OK,22.76,22.65,OK,0,0,,0,0,,11.48,OK,11.36,OK,11.42,OK,11.42,OK,11.52,OK,11.45,OK,11.48,OK,0,,0,,10.45,OK,10.54,OK,10.62,OK,10.59,OK,10.46,OK,10.65,OK,10.33,OK,0,,0,,,,82.98,OK,,,,83.05,OK,,,,157.99,OK,,,,157.89,OK,,,,37.21,OK,,,,37.47,OK,,,,,,,,,,,,,,,,,
2406150003D,ATKINSON 3.8 OCV,DM3P1,2024-06-15 00:26:14,18.99,24.63,OK,24.89,24.78,OK,24.43,24.17,OK,24.4,24.33,OK,23.45,23.41,OK,24.5,24.45,OK,25.22,25.12,OK,24.8,24.52,OK,0,0,,0,0,,11.54,OK,11.83,OK,11.56,OK,11.92,OK,11.9,OK,11.87,OK,11.84,OK,0,,0,,12.78,OK,12.77,OK,12.77,OK,12.83,OK,12.6,OK,12.76,OK,12.68,OK,0,,0,,,,82.25,OK,,,,82.31,OK,,,,157.15,OK,,,,157.62,OK,,,,37.27,OK,,,,37.51,OK,,,,,,,,,,,,,,,,,
2406150004D,ATKINSON 3.8 OCV,DM2P5,2024-06-15 00:27:09,18.996,24.41,OK,24.75,24.68,OK,23.76,23.73,OK,24.89,24.75,OK,25.01,25.01,OK,26.08,26.06,OK,25.67,25.62,OK,25.5,25.4,OK,0,0,,0,0,,11.35,OK,10.84,OK,11.34,OK,10.85,OK,10.85,OK,11.52,OK,10.98,OK,0,,0,,9.85,OK,9.8,OK,9.84,OK,9.83,OK,9.95,OK,9.95,OK,9.92,OK,0,,0,,,,82.35,OK,,,,81.83,OK,,,,157.95,OK,,,,158.05,OK,,,,38.12,OK,,,,38.07,OK,,,,,,,,,,,,,,,,,
2406150005D,ATKINSON 3.8 OCV,DM4P9,2024-06-15 00:28:04,18.989,26.25,OK,27.7,27.7,OK,25.68,25.56,OK,24.36,23.85,OK,26.14,25.84,OK,25.05,24.45,OK,25.54,25.36,OK,25.96,25.82,OK,0,0,,0,0,,12.5,OK,12.55,OK,12.57,OK,12.58,OK,12.59,OK,12.46,OK,12.55,OK,0,,0,,9.41,OK,9.93,OK,9.92,OK,10.09,OK,10.15,OK,10.23,OK,10.1,OK,0,,0,,,,82.18,OK,,,,82.07,OK,,,,158.1,OK,,,,157.96,OK,,,,38.12,OK,,,,37.74,OK,,,,,,,,,,,,,,,,,
2406150006D,ATKINSON 3.8 OCV,DM1P3,2024-06-15 00:28:59,18.998,25.46,OK,23.64,23.37,OK,21.61,21.55,OK,21.28,20.94,OK,23.28,23.19,OK,25.3,25.03,OK,22.27,22.13,OK,22.6,22.54,OK,0,0,,0,0,,11.47,OK,11.4,OK,11.34,OK,11.34,OK,11.52,OK,11.48,OK,11.47,OK,0,,0,,10.19,OK,10.26,OK,10.54,OK,10.38,OK,10.52,OK,10.55,OK,10.59,OK,0,,0,,,,82.73,OK,,,,82.4,OK,,,,157.42,OK,,,,157.63,OK,,,,37.2,OK,,,,37.6,OK,,,,,,,,,,,,,,,,,
2406150007D,ATKINSON 3.8 OCV,DM3P4,2024-06-15 00:29:55,18.988,24.28,OK,23.43,23.27,OK,25.61,24.96,OK,23.85,23.71,OK,24.43,24.36,OK,24.78,24.73,OK,24.89,24.84,OK,25.31,24.66,OK,0,0,,0,0,,11.78,OK,11.44,OK,11.77,OK,11.93,OK,11.95,OK,11.8,OK,11.8,OK,0,,0,,12.7,OK,12.86,OK,12.8,OK,12.8,OK,12.59,OK,12.77,OK,12.62,OK,0,,0,,,,82.03,OK,,,,82.19,OK,,,,157.2,OK,,,,157.64,OK,,,,37.27,OK,,,,37.21,OK,,,,,,,,,,,,,,,,,
2406150008D,ATKINSON 3.8 OCV,DM2P2,2024-06-15 00:30:53,18.984,25.46,OK,25.45,25.31,OK,25.06,24.92,OK,24.68,24.48,OK,25.67,25.62,OK,26.15,26.1,OK,25.55,25.43,OK,26.44,26.37,OK,0,0,,0,0,,11.08,OK,10.85,OK,10.81,OK,10.84,OK,10.86,OK,11.12,OK,10.81,OK,0,,0,,9.83,OK,9.99,OK,9.87,OK,9.92,OK,9.94,OK,9.98,OK,9.98,OK,0,,0,,,,82.02,OK,,,,82.2,OK,,,,157.97,OK,,,,158.11,OK,,,,38.23,OK,,,,37.99,OK,,,,,,,,,,,,,,,,,
2406150010D,ATKINSON 3.8 OCV,DM1P6,2024-06-15 00:31:48,18.993,25.36,OK,25.87,25.55,OK,21.61,21.52,OK,22.74,22.27,OK,22.92,22.78,OK,24.85,24.65,OK,22.06,21.97,OK,22.09,22.02,OK,0,0,,0,0,,11.5,OK,11.37,OK,11.47,OK,11.44,OK,11.48,OK,11.49,OK,11.48,OK,0,,0,,10.37,OK,10.27,OK,10.49,OK,10.55,OK,10.31,OK,10.56,OK,10.38,OK,0,,0,,,,83.1,OK,,,,83.07,OK,,,,156.94,OK,,,,156.96,OK,,,,37.24,OK,,,,37.44,OK,,,,,,,,,,,,,,,,,
2406150009D,ATKINSON 3.8 OCV,DM4P8,2024-06-15 00:32:44,18.994,25.67,OK,25.98,25.87,OK,25.31,25.26,OK,24.17,23.87,OK,24.1,23.66,OK,25.91,25.8,OK,25.52,25.22,OK,24.96,24.73,OK,0,0,,0,0,,12.5,OK,12.57,OK,12.59,OK,12.61,OK,12.75,OK,12.47,OK,12.51,OK,0,,0,,9.34,OK,10,OK,10.09,OK,10.07,OK,10.11,OK,10.27,OK,9.79,OK,0,,0,,,,81.52,OK,,,,81.7,OK,,,,157.71,OK,,,,157.88,OK,,,,37.4,OK,,,,37.74,OK,,,,,,,,,,,,,,,,,
2406150011D,ATKINSON 3.8 OCV,DM3P1,2024-06-15 00:33:42,18.985,25.8,OK,24.68,24.5,OK,25.89,25.59,OK,24.13,24.08,OK,23.73,23.66,OK,26.86,26.84,OK,25.98,25.82,OK,24.57,24.4,OK,0,0,,0,0,,11.86,OK,11.77,OK,11.65,OK,11.91,OK,11.94,OK,11.92,OK,11.95,OK,0,,0,,12.8,OK,12.83,OK,12.87,OK,12.82,OK,12.85,OK,12.83,OK,12.83,OK,0,,0,,,,82.07,OK,,,,82.72,OK,,,,157.32,OK,,,,157.59,OK,,,,37.23,OK,,,,37.33,OK,,,,,,,,,,,,,,,,,
2406150012D,ATKINSON 3.8 OCV,DM2P5,2024-06-15 00:34:37,18.985,25.8,OK,25.72,25.69,OK,24.72,24.7,OK,26.06,25.89,OK,26.9,26.86,OK,25.35,25.31,OK,26.13,26.03,OK,25.11,25.06,OK,0,0,,0,0,,11.53,OK,10.95,OK,11.4,OK,10.84,OK,10.81,OK,11.2,OK,10.82,OK,0,,0,,9.81,OK,9.89,OK,9.97,OK,10,OK,9.81,OK,9.99,OK,9.77,OK,0,,0,,,,82.41,OK,,,,82.32,OK,,,,157.94,OK,,,,157.93,OK,,,,37.99,OK,,,,38.11,OK,,,,,,,,,,,,,,,,,
2406150013D,ATKINSON 3.8 OCV,DM1P3,2024-06-15 00:36:31,18.984,25.23,OK,26.38,26.14,OK,23.14,23.1,OK,21.86,21.48,OK,22.9,22.72,OK,25.87,25.69,OK,24.13,24.09,OK,21.39,21.34,OK,0,0,,0,0,,11.46,OK,11.39,OK,11.47,OK,11.36,OK,11.48,OK,11.52,OK,11.46,OK,0,,0,,10.34,OK,10.38,OK,10.5,OK,10.48,OK,10.52,OK,10.5,OK,10.44,OK,0,,0,,,,83.01,OK,,,,82.78,OK,,,,157.33,OK,,,,157.66,OK,,,,37.3,OK,,,,37.43,OK,,,,,,,,,,,,,,,,,
2406150015D,ATKINSON 3.8 OCV,DM3P4,2024-06-15 00:37:26,18.99,26.43,OK,25.91,25.87,OK,24.26,23.99,OK,23.24,23.08,OK,23.52,23.22,OK,24.68,24.61,OK,24.73,24.47,OK,25.33,25.1,OK,0,0,,0,0,,11.63,OK,11.87,OK,11.82,OK,11.84,OK,11.9,OK,11.91,OK,11.9,OK,0,,0,,12.66,OK,12.51,OK,12.52,OK,12.78,OK,12.86,OK,12.78,OK,12.79,OK,0,,0,,,,82.01,OK,,,,81.94,OK,,,,157.34,OK,,,,157.75,OK,,,,37.53,OK,,,,37.83,OK,,,,,,,,,,,,,,,,,
2406150016D,ATKINSON 3.8 OCV,DM2P2,2024-06-15 00:38:25,18.998,25.86,OK,26.3,26.27,OK,23.88,23.71,OK,24.58,24.48,OK,25.74,25.67,OK,25.6,25.6,OK,23.83,23.8,OK,24.92,24.85,OK,0,0,,0,0,,10.83,OK,11.27,OK,10.84,OK,10.87,OK,10.84,OK,10.85,OK,11.22,OK,0,,0,,9.72,OK,9.81,OK,9.81,OK,9.81,OK,9.81,OK,9.97,OK,9.89,OK,0,,0,,,,82.09,OK,,,,82.31,OK,,,,157.54,OK,,,,157.66,OK,,,,37.77,OK,,,,37.47,OK,,,,,,,,,,,,,,,,,
2406150014D,ATKINSON 3.8 OCV,DM4P9,2024-06-15 00:39:20,18.984,25.23,OK,25.12,25.1,OK,25.15,25.08,OK,25.29,24.91,OK,25.82,25.42,OK,25.94,25.54,OK,25.36,25.15,OK,25.84,25.59,OK,0,0,,0,0,,12.53,OK,12.62,OK,12.6,OK,12.6,OK,12.6,OK,12.63,OK,12.67,OK,0,,0,,9.43,OK,10.04,OK,9.97,OK,10.04,OK,10.25,OK,10.26,OK,10.19,OK,0,,0,,,,82.08,OK,,,,81.93,OK,,,,157.73,OK,,,,157.84,OK,,,,38.12,OK,,,,37.71,OK,,,,,,,,,,,,,,,,,
2406150018D,ATKINSON 3.8 OCV,DM1P8,2024-06-15 00:40:15,18.996,25.63,OK,24.99,24.58,OK,21.75,21.68,OK,21.59,21.5,OK,21.79,21.61,OK,24.52,24.38,OK,21.19,20.76,OK,21.64,21.55,OK,0,0,,0,0,,11.57,OK,11.45,OK,11.43,OK,11.44,OK,11.49,OK,11.53,OK,11.49,OK,0,,0,,10.33,OK,10.5,OK,10.51,OK,10.41,OK,10.16,OK,10.41,OK,10.3,OK,0,,0,,,,81.66,OK,,,,81.74,OK,,,,157.8,OK,,,,157.75,OK,,,,37.13,OK,,,,37.77,OK,,,,,,,,,,,,,,,,,
2406150019D,ATKINSON 3.8 OCV,DM3P1,2024-06-15 00:41:14,18.988,25,OK,25.26,25.19,OK,25.52,25.08,OK,23.04,22.94,OK,22.83,22.69,OK,23.96,23.96,OK,24.87,24.82,OK,24.15,23.92,OK,0,0,,0,0,,11.6,OK,11.86,OK,11.83,OK,11.8,OK,11.81,OK,11.99,OK,11.96,OK,0,,0,,12.8,OK,12.81,OK,12.84,OK,12.83,OK,12.76,OK,12.76,OK,12.81,OK,0,,0,,,,81.61,OK,,,,82.05,OK,,,,157.57,OK,,,,157.97,OK,,,,37.45,OK,,,,37.48,OK,,,,,,,,,,,,,,,,,
2406150020D,ATKINSON 3.8 OCV,DM2P5,2024-06-15 00:42:09,18.99,25.67,OK,25.04,24.99,OK,23.44,23.25,OK,25.04,24.89,OK,24.77,24.77,OK,25.23,25.21,OK,25.64,25.57,OK,26.73,26.64,OK,0,0,,0,0,,10.83,OK,10.81,OK,10.81,OK,10.85,OK,10.86,OK,10.87,OK,10.81,OK,0,,0,,9.77,OK,9.83,OK,9.84,OK,9.85,OK,9.94,OK,9.83,OK,9.87,OK,0,,0,,,,82.24,OK,,,,81.64,OK,,,,158.22,OK,,,,158.43,OK,,,,38.05,OK,,,,38.18,OK,,,,,,,,,,,,,,,,,
2406150021D,ATKINSON 3.8 OCV,DM4P6,2024-06-15 00:43:04,18.998,25.83,OK,26.21,26.12,OK,24.47,24.38,OK,24.5,24.03,OK,25.94,25.54,OK,27,26.65,OK,25.63,25.05,OK,26.28,26.1,OK,0,0,,0,0,,12.42,OK,12.45,OK,12.45,OK,12.61,OK,12.62,OK,12.53,OK,12.43,OK,0,,0,,9.28,OK,9.71,OK,10,OK,10.19,OK,10,OK,9.91,OK,10.05,OK,0,,0,,,,82.39,OK,,,,82.6,OK,,,,157.79,OK,,,,157,OK,,,,37.77,OK,,,,38.05,OK,,,,,,,,,,,,,,,,,
2406150022D,ATKINSON 3.8 OCV,DM1P9,2024-06-15 00:44:03,18.996,24.46,OK,21.01,20.8,OK,22.67,22.6,OK,22.58,22.31,OK,22.45,22.33,OK,23.41,23.3,OK,23.37,23.14,OK,21.28,21.23,OK,0,0,,0,0,,11.46,OK,11.35,OK,11.37,OK,11.39,OK,11.47,OK,11.52,OK,11.46,OK,0,,0,,10.33,OK,10.47,OK,10.47,OK,10.38,OK,10.39,OK,10.43,OK,10.29,OK,0,,0,,,,81.92,OK,,,,82.23,OK,,,,157.66,OK,,,,157.81,OK,,,,37.96,OK,,,,37.84,OK,,,,,,,,,,,,,,,,,
2406150023D,ATKINSON 3.8 OCV,DM3P4,2024-06-15 00:45:01,18.992,26.06,OK,25.73,25.59,OK,24.08,23.75,OK,22.99,22.9,OK,23.22,23.06,OK,25.22,25.12,OK,25.82,25.75,OK,25.08,24.8,OK,0,0,,0,0,,11.57,OK,11.85,OK,11.91,OK,12.05,OK,11.94,OK,11.8,OK,11.88,OK,0,,0,,12.74,OK,12.88,OK,12.77,OK,12.82,OK,12.73,OK,12.78,OK,12.77,OK,0,,0,,,,81.59,OK,,,,81.74,OK,,,,157.5,OK,,,,157.9,OK,,,,37.81,OK,,,,38,OK,,,,,,,,,,,,,,,,,
2406150024D,ATKINSON 3.8 OCV,DM2P2,2024-06-15 00:46:00,18.986,26.83,OK,27.17,27.03,OK,24.07,23.95,OK,24.75,24.6,OK,24.63,24.55,OK,24.85,24.8,OK,24.41,24.36,OK,25.72,25.69,OK,0,0,,0,0,,10.83,OK,11.11,OK,10.85,OK,10.85,OK,10.86,OK,10.92,OK,10.83,OK,0,,0,,9.84,OK,9.96,OK,9.95,OK,9.84,OK,9.89,OK,9.98,OK,9.88,OK,0,,0,,,,81.94,OK,,,,82.19,OK,,,,157.83,OK,,,,157.94,OK,,,,38.04,OK,,,,37.96,OK,,,,,,,,,,,,,,,,,
2406150025D,ATKINSON 3.8 OCV,DM4P7,2024-06-15 00:46:55,18.987,24.78,OK,25.94,25.87,OK,25.75,25.52,OK,24.73,24.36,OK,25.19,24.96,OK,26.42,26.14,OK,26.56,26.03,OK,25.98,25.73,OK,0,0,,0,0,,12.5,OK,12.57,OK,12.63,OK,12.6,OK,12.46,OK,12.57,OK,12.59,OK,0,,0,,9.42,OK,9.84,OK,10.09,OK,9.97,OK,10.22,OK,10.27,OK,10.07,OK,0,,0,,,,82.24,OK,,,,82.9,OK,,,,157.86,OK,,,,157.41,OK,,,,37.58,OK,,,,37.88,OK,,,,,,,,,,,,,,,,,
2406150026D,ATKINSON 3.8 OCV,DM1P8,2024-06-15 00:47:50,18.992,25.91,OK,25.89,25.53,OK,23.62,23.55,OK,22.04,21.64,OK,22.15,22,OK,25.71,25.64,OK,22.69,22.42,OK,22.09,22,OK,0,0,,0,0,,11.48,OK,11.45,OK,11.43,OK,11.46,OK,11.48,OK,12,OK,11.43,OK,0,,0,,10.43,OK,10.36,OK,10.59,OK,10.61,OK,10.57,OK,10.44,OK,10.73,OK,0,,0,,,,82.35,OK,,,,82.46,OK,,,,157.37,OK,,,,157.57,OK,,,,37.29,OK,,,,37.65,OK,,,,,,,,,,,,,,,,,
2406150027D,ATKINSON 3.8 OCV,DM3P1,2024-06-15 00:48:46,18.992,24.4,OK,26.47,26.33,OK,25.94,25.61,OK,24.08,23.96,OK,24.66,24.54,OK,25.63,25.61,OK,27.61,27.54,OK,25.4,25.26,OK,0,0,,0,0,,11.3,OK,11.8,OK,11.77,OK,11.78,OK,11.91,OK,11.63,OK,11.82,OK,0,,0,,12.79,OK,12.79,OK,12.82,OK,12.82,OK,12.55,OK,12.74,OK,12.6,OK,0,,0,,,,81.79,OK,,,,81.95,OK,,,,157.46,OK,,,,158,OK,,,,37.65,OK,,,,37.82,OK,,,,,,,,,,,,,,,,,
2406150028D,ATKINSON 3.8 OCV,DM2P5,2024-06-15 00:49:38,18.994,26.23,OK,26.9,26.81,OK,24.24,24.12,OK,25.31,25.18,OK,24.82,24.75,OK,26.35,26.3,OK,26.01,25.98,OK,25.81,25.77,OK,0,0,,0,0,,10.84,OK,10.99,OK,10.83,OK,10.87,OK,10.84,OK,10.75,OK,10.84,OK,0,,0,,9.81,OK,9.84,OK,9.94,OK,9.82,OK,9.86,OK,9.85,OK,9.93,OK,0,,0,,,,82.09,OK,,,,82.49,OK,,,,157.99,OK,,,,158.03,OK,,,,38.06,OK,,,,37.99,OK,,,,,,,,,,,,,,,,,
2406150029D,ATKINSON 3.8 OCV,DM4P6,2024-06-15 00:50:36,18.99,26.06,OK,26.33,26.24,OK,24.38,24.36,OK,23.68,23.48,OK,26.05,25.98,OK,24.94,24.8,OK,25.59,25.52,OK,24.36,23.99,OK,0,0,,0,0,,12.41,OK,12.58,OK,12.61,OK,12.58,OK,12.6,OK,12.47,OK,12.45,OK,0,,0,,9.39,OK,9.88,OK,10.06,OK,10.22,OK,9.93,OK,10.07,OK,9.86,OK,0,,0,,,,82.49,OK,,,,82.42,OK,,,,157.52,OK,,,,156.9,OK,,,,37.01,OK,,,,37.93,OK,,,,,,,,,,,,,,,,,
2406150030D,ATKINSON 3.8 OCV,DM1P9,2024-06-15 00:51:31,18.984,25.07,OK,22.54,22.31,OK,23.68,23.59,OK,21.12,20.65,OK,21.75,21.61,OK,25.69,25.53,OK,21.14,21.01,OK,20.83,20.74,OK,0,0,,0,0,,11.43,OK,11.77,OK,11.43,OK,11.41,OK,11.46,OK,11.46,OK,11.49,OK,0,,0,,10.31,OK,10.12,OK,10.48,OK,10.52,OK,10.71,OK,10.45,OK,10.37,OK,0,,0,,,,82.36,OK,,,,82.31,OK,,,,157.88,OK,,,,157.72,OK,,,,37.81,OK,,,,37.29,OK,,,,,,,,,,,,,,,,,
2406150031D,ATKINSON 3.8 OCV,DM3P4,2024-06-15 00:52:27,18.988,24.73,OK,25.12,25.1,OK,25.01,24.64,OK,23.55,23.41,OK,24.45,24.4,OK,24.91,24.89,OK,25.63,25.52,OK,25.59,25.38,OK,0,0,,0,0,,11.59,OK,11.95,OK,11.47,OK,11.98,OK,11.96,OK,11.92,OK,11.9,OK,0,,0,,12.9,OK,12.69,OK,12.63,OK,12.84,OK,12.61,OK,12.78,OK,12.74,OK,0,,0,,,,81.51,OK,,,,81.79,OK,,,,157.76,OK,,,,157.8,OK,,,,37.83,OK,,,,38.08,OK,,,,,,,,,,,,,,,,,
2406150032D,ATKINSON 3.8 OCV,DM2P2,2024-06-15 00:53:25,18.984,24.5,OK,27.36,27.36,OK,25.4,25.28,OK,26.08,25.94,OK,26.35,26.27,OK,26.37,26.3,OK,26.76,26.76,OK,26.54,26.49,OK,0,0,,0,0,,10.68,OK,10.75,OK,10.84,OK,10.83,OK,10.87,OK,10.81,OK,11.43,OK,0,,0,,9.88,OK,10,OK,9.96,OK,9.87,OK,9.93,OK,9.98,OK,10.01,OK,0,,0,,,,81.65,OK,,,,82.07,OK,,,,157.87,OK,,,,158.38,OK,,,,38.07,OK,,,,37.93,OK,,,,,,,,,,,,,,,,,
2406150033D,ATKINSON 3.8 OCV,DM4P7,2024-06-15 00:54:20,18.984,24.5,OK,26.54,26.47,OK,25.89,25.73,OK,25.08,24.84,OK,26.49,26.42,OK,25.73,25.26,OK,26.14,25.7,OK,25.82,25.68,OK,0,0,,0,0,,12.46,OK,12.58,OK,12.62,OK,12.61,OK,12.6,OK,12.47,OK,12.48,OK,0,,0,,9.24,OK,9.88,OK,9.99,OK,10.17,OK,9.83,OK,10.13,OK,9.85,OK,0,,0,,,,82.19,OK,,,,82.59,OK,,,,157.73,OK,,,,157.6,OK,,,,37.45,OK,,,,37.72,OK,,,,,,,,,,,,,,,,,
2406150034D,ATKINSON 3.8 OCV,DM1P8,2024-06-15 00:55:19,18.99,25.66,OK,23.26,23.08,OK,21.68,21.41,OK,22.4,22.06,OK,22.09,22.04,OK,24.7,24.58,OK,22.29,22.18,OK,21.86,21.73,OK,0,0,,0,0,,11.48,OK,11.44,OK,11.43,OK,11.42,OK,11.49,OK,11.53,OK,11.54,OK,0,,0,,10.23,OK,10.22,OK,10.5,OK,10.5,OK,10.48,OK,10.52,OK,10.46,OK,0,,0,,,,81.78,OK,,,,81.68,OK,,,,157.71,OK,,,,157.74,OK,,,,37.51,OK,,,,37.73,OK,,,,,,,,,,,,,,,,,
2406150035D,ATKINSON 3.8 OCV,DM3P1,2024-06-15 00:57:13,18.996,25.86,OK,25.08,24.94,OK,25.49,25.15,OK,24.31,24.22,OK,24.01,23.96,OK,25.47,25.45,OK,24.82,24.78,OK,24.75,24.61,OK,0,0,,0,0,,11.65,OK,12,OK,11.87,OK,11.97,OK,11.96,OK,11.93,OK,11.88,OK,0,,0,,12.79,OK,12.89,OK,12.8,OK,12.82,OK,12.81,OK,12.66,OK,12.79,OK,0,,0,,,,82.27,OK,,,,82.02,OK,,,,157.57,OK,,,,157.75,OK,,,,37.52,OK,,,,37.55,OK,,,,,,,,,,,,,,,,,
2406150017D,ATKINSON 3.8 OCV,DM5P7,2024-06-15 00:58:08,18.986,25.51,OK,26.73,26.52,OK,25.39,25.36,OK,21.56,21.14,OK,24.16,24.09,OK,23.55,23.44,OK,22.37,22.28,OK,22.93,22.84,OK,0,0,,0,0,,2.32,OK,2.9,OK,2.74,OK,2.75,OK,2.75,OK,2.74,OK,2.74,OK,0,,0,,0.86,OK,0.81,OK,1.91,OK,0.81,OK,0.83,OK,0.83,OK,0.88,OK,0,,0,,,,82.65,OK,,,,82.72,OK,,,,158.44,OK,,,,157.73,OK,,,,36.9,OK,,,,37.23,OK,,,,,,,,,,,,,,,,,
2406150036D,ATKINSON 3.8 OCV,DM2P5,2024-06-15 00:59:06,18.998,26.8,OK,24.87,24.82,OK,23.61,23.49,OK,24.85,24.72,OK,26.13,26.13,OK,25.45,25.4,OK,25.6,25.55,OK,24.97,24.87,OK,0,0,,0,0,,11.19,OK,10.84,OK,10.84,OK,10.85,OK,10.83,OK,10.84,OK,10.86,OK,0,,0,,9.79,OK,9.81,OK,9.89,OK,9.85,OK,9.84,OK,9.82,OK,9.89,OK,0,,0,,,,82.2,OK,,,,81.64,OK,,,,158.26,OK,,,,158.31,OK,,,,38.34,OK,,,,38.55,OK,,,,,,,,,,,,,,,,,
2406150038D,ATKINSON 3.8 OCV,DM1P9,2024-06-15 01:00:02,18.983,25.76,OK,25.19,24.85,OK,23.17,23.14,OK,22.2,21.95,OK,23.3,23.23,OK,24.04,24,OK,23.03,22.81,OK,21.68,21.59,OK,0,0,,0,0,,11.48,OK,11.45,OK,11.43,OK,11.57,OK,11.51,OK,11.46,OK,11.5,OK,0,,0,,10.38,OK,10.5,OK,10.61,OK,10.48,OK,10.56,OK,10.54,OK,10.63,OK,0,,0,,,,81.99,OK,,,,82.27,OK,,,,157.16,OK,,,,157.6,OK,,,,37.56,OK,,,,37.07,OK,,,,,,,,,,,,,,,,,
2406150039D,ATKINSON 3.8 OCV,DM3P4,2024-06-15 01:01:00,18.995,24.26,OK,25.7,25.63,OK,25.75,25.45,OK,24.26,24.17,OK,23.06,23.06,OK,26.24,26.21,OK,24.33,24.22,OK,24.03,23.78,OK,0,0,,0,0,,11.63,OK,11.74,OK,11.97,OK,11.97,OK,11.93,OK,11.94,OK,11.93,OK,0,,0,,12.91,OK,12.78,OK,12.78,OK,12.76,OK,12.81,OK,12.81,OK,12.82,OK,0,,0,,,,81.93,OK,,,,82.09,OK,,,,157.97,OK,,,,158.08,OK,,,,37.83,OK,,,,37.94,OK,,,,,,,,,,,,,,,,,
2406150037D,ATKINSON 3.8 OCV,DM4P6,2024-06-15 01:01:55,18.989,25.77,OK,26.03,26,OK,23.89,23.82,OK,24.82,24.52,OK,24.5,24.31,OK,27.03,26.79,OK,26,25.68,OK,25.31,24.91,OK,0,0,,0,0,,12.47,OK,12.45,OK,12.6,OK,12.61,OK,12.58,OK,12.58,OK,12.64,OK,0,,0,,9.37,OK,9.96,OK,10.03,OK,9.7,OK,9.64,OK,10.15,OK,9.96,OK,0,,0,,,,82.58,OK,,,,82.58,OK,,,,157.62,OK,,,,156.86,OK,,,,37.81,OK,,,,36.7,OK,,,,,,,,,,,,,,,,,
2406150041D,ATKINSON 3.8 OCV,DM2P2,2024-06-15 01:02:51,18.985,24.87,OK,26.15,26.1,OK,24.92,24.75,OK,24.89,24.77,OK,27.99,27.95,OK,26.69,26.61,OK,25.35,25.28,OK,26.49,26.47,OK,0,0,,0,0,,10.76,OK,10.86,OK,10.86,OK,11.12,OK,10.82,OK,10.85,OK,10.85,OK,0,,0,,9.81,OK,9.97,OK,9.8,OK,10,OK,10.01,OK,9.89,OK,9.97,OK,0,,0,,,,81.78,OK,,,,82.26,OK,,,,157.93,OK,,,,158,OK,,,,37.91,OK,,,,37.81,OK,,,,,,,,,,,,,,,,,
2406150072D,ATKINSON 3.8 OCV,DM1P2,2024-06-15 01:03:35,18.984,24.82,OK,23.3,22.99,OK,20.8,20.74,OK,22.4,22.22,OK,23.48,23.46,OK,24.34,24.2,OK,22.87,22.58,OK,20.08,19.95,NG,0,0,,0,0,,11.42,OK,11.32,OK,11.83,OK,11.38,OK,11.52,OK,11.47,OK,11.52,OK,0,,0,,10.1,OK,10.39,OK,10.38,OK,10.38,OK,10.47,OK,10.47,OK,1.87,OK,0,,0,,,,,,,,,,,,,,,,,,,,,,,,,,,,,,,,,,,,,,,,,,,,,,,
2406150042D,ATKINSON 3.8 OCV,DM1P8,2024-06-15 01:03:49,18.985,24.87,OK,26.07,25.91,OK,23.26,23.17,OK,21.66,21.41,OK,23.17,23.12,OK,24.11,23.98,OK,22.94,22.81,OK,22.78,22.72,OK,0,0,,0,0,,11.38,OK,11.42,OK,11.44,OK,11.4,OK,11.93,OK,11.49,OK,11.53,OK,0,,0,,10.41,OK,10.57,OK,10.36,OK,10.55,OK,10.68,OK,10.5,OK,10.56,OK,0,,0,,,,81.4,OK,,,,82.09,OK,,,,157.7,OK,,,,157.86,OK,,,,37.24,OK,,,,37.41,OK,,,,,,,,,,,,,,,,,
2406150043D,ATKINSON 3.8 OCV,DM3P1,2024-06-15 01:04:44,18.988,24.56,OK,25.4,25.29,OK,25.94,25.73,OK,24.36,24.33,OK,23.89,23.87,OK,24.47,24.4,OK,24.52,24.45,OK,24.38,24.31,OK,0,0,,0,0,,11.63,OK,11.83,OK,11.79,OK,12.06,OK,11.97,OK,11.95,OK,11.86,OK,0,,0,,12.79,OK,12.84,OK,12.75,OK,12.87,OK,12.8,OK,12.79,OK,12.62,OK,0,,0,,,,81.88,OK,,,,82.12,OK,,,,157.59,OK,,,,158.18,OK,,,,37.62,OK,,,,37.75,OK,,,,,,,,,,,,,,,,,
2406150044D,ATKINSON 3.8 OCV,DM4P7,2024-06-15 01:05:40,18.994,25.92,OK,27.23,27.1,OK,25.42,25.17,OK,25.36,25.05,OK,25.89,25.8,OK,25.87,25.56,OK,25.45,25.4,OK,25.56,25.24,OK,0,0,,0,0,,12.62,OK,12.62,OK,12.44,OK,12.56,OK,12.54,OK,12.61,OK,12.61,OK,0,,0,,9.4,OK,9.7,OK,9.71,OK,9.98,OK,10.3,OK,10.32,OK,10.09,OK,0,,0,,,,82.06,OK,,,,82.35,OK,,,,158.27,OK,,,,157.73,OK,,,,37.8,OK,,,,37.84,OK,,,,,,,,,,,,,,,,,
2406150045D,ATKINSON 3.8 OCV,DM2P6,2024-06-15 01:06:35,18.986,25.28,OK,26.44,26.35,OK,23.85,23.63,OK,25.5,25.31,OK,26.25,26.2,OK,26.54,26.47,OK,26.52,26.47,OK,25.31,25.26,OK,0,0,,0,0,,10.85,OK,10.85,OK,10.86,OK,10.77,OK,10.87,OK,10.93,OK,10.82,OK,0,,0,,9.72,OK,9.83,OK,9.79,OK,9.66,OK,9.83,OK,9.85,OK,9.81,OK,0,,0,,,,82.87,OK,,,,82.93,OK,,,,157.67,OK,,,,157.15,OK,,,,37.86,OK,,,,38.32,OK,,,,,,,,,,,,,,,,,
2406150046D,ATKINSON 3.8 OCV,DM1P9,2024-06-15 01:07:33,18.986,24.02,OK,25.8,25.71,OK,22.09,22.02,OK,20.83,20.58,OK,22.09,22.04,OK,24.58,24.52,OK,22.02,21.82,OK,21.16,20.98,OK,0,0,,0,0,,11.46,OK,11.89,OK,11.44,OK,11.39,OK,11.94,OK,11.5,OK,11.49,OK,0,,0,,10.39,OK,10.49,OK,10.41,OK,10.52,OK,10.39,OK,10.5,OK,10.42,OK,0,,0,,,,81.99,OK,,,,82.08,OK,,,,157.06,OK,,,,157.64,OK,,,,37.72,OK,,,,37.3,OK,,,,,,,,,,,,,,,,,
2406150047D,ATKINSON 3.8 OCV,DM3P4,2024-06-15 01:08:29,18.984,25.23,OK,25.38,25.26,OK,24.24,23.55,OK,24.98,24.54,OK,23.87,23.75,OK,24.45,24.38,OK,24.68,24.64,OK,25.38,24.98,OK,0,0,,0,0,,11.62,OK,11.8,OK,11.77,OK,12.09,OK,11.95,OK,11.89,OK,11.99,OK,0,,0,,12.75,OK,12.81,OK,12.77,OK,12.89,OK,12.8,OK,12.76,OK,12.74,OK,0,,0,,,,81.45,OK,,,,81.93,OK,,,,157.72,OK,,,,157.92,OK,,,,37.75,OK,,,,37.76,OK,,,,,,,,,,,,,,,,,
2406150048D,ATKINSON 3.8 OCV,DM4P3,2024-06-15 01:09:27,18.996,26.48,OK,26.24,26.14,OK,24.89,24.71,OK,25.98,25.12,OK,25.82,25.22,OK,26.65,26.26,OK,25.15,24.75,OK,25.54,25.33,OK,0,0,,0,0,,12.6,OK,12.5,OK,12.43,OK,12.59,OK,12.59,OK,12.6,OK,12.57,OK,0,,0,,9.22,OK,9.86,OK,9.94,OK,10.07,OK,10.16,OK,10.16,OK,9.97,OK,0,,0,,,,82.3,OK,,,,82.1,OK,,,,158.4,OK,,,,158.06,OK,,,,37.93,OK,,,,38.36,OK,,,,,,,,,,,,,,,,,
2406150050D,ATKINSON 3.8 OCV,DM1P8,2024-06-15 01:10:26,18.99,25.41,OK,25.6,25.48,OK,21.41,21.37,OK,21.1,20.83,OK,21.73,21.64,OK,23.03,22.99,OK,21.77,21.55,OK,21.61,21.52,OK,0,0,,0,0,,11.43,OK,11.41,OK,11.36,OK,11.81,OK,11.49,OK,11.53,OK,11.47,OK,0,,0,,10.44,OK,10.39,OK,10.55,OK,10.44,OK,10.57,OK,10.53,OK,10.49,OK,0,,0,,,,81.45,OK,,,,81.62,OK,,,,157.55,OK,,,,157.76,OK,,,,37.52,OK,,,,37.71,OK,,,,,,,,,,,,,,,,,
2406150049D,ATKINSON 3.8 OCV,DM2P2,2024-06-15 01:11:21,18.988,24.02,OK,27.1,27.03,OK,24.46,24.31,OK,24.72,24.58,OK,25.81,25.81,OK,27.36,27.36,OK,25.52,25.47,OK,26.59,26.54,OK,0,0,,0,0,,10.85,OK,10.86,OK,10.87,OK,10.88,OK,11.22,OK,10.79,OK,10.97,OK,0,,0,,9.8,OK,9.93,OK,10.12,OK,9.79,OK,9.81,OK,10.16,OK,10.15,OK,0,,0,,,,82.06,OK,,,,82.74,OK,,,,157.54,OK,,,,157.46,OK,,,,37.5,OK,,,,37.43,OK,,,,,,,,,,,,,,,,,
2406150051D,ATKINSON 3.8 OCV,DM3P1,2024-06-15 01:12:19,18.998,24.3,OK,26.63,26.58,OK,25.4,25.05,OK,24.47,24.29,OK,23.43,23.36,OK,25.19,25.17,OK,25.49,25.47,OK,24.61,24.4,OK,0,0,,0,0,,11.62,OK,11.86,OK,11.83,OK,11.8,OK,11.72,OK,11.83,OK,11.86,OK,0,,0,,12.88,OK,12.83,OK,12.66,OK,12.81,OK,12.76,OK,12.74,OK,12.6,OK,0,,0,,,,82.49,OK,,,,82.38,OK,,,,157.04,OK,,,,157.85,OK,,,,37.52,OK,,,,37.75,OK,,,,,,,,,,,,,,,,,
2406150053D,ATKINSON 3.8 OCV,DM1P9,2024-06-15 01:13:15,18.994,24.67,OK,25.39,25.26,OK,22.58,22.51,OK,23.28,22.99,OK,22.42,22.38,OK,24.07,24,OK,23.44,23.14,OK,22,21.88,OK,0,0,,0,0,,11.38,OK,11.42,OK,11.43,OK,11.46,OK,11.46,OK,11.49,OK,11.47,OK,0,,0,,10.49,OK,10.52,OK,10.55,OK,10.31,OK,10.5,OK,10.41,OK,10.55,OK,0,,0,,,,82.33,OK,,,,82.69,OK,,,,156.95,OK,,,,157.38,OK,,,,37.39,OK,,,,37.21,OK,,,,,,,,,,,,,,,,,
2406150052D,ATKINSON 3.8 OCV,DM4P7,2024-06-15 01:14:10,18.998,24.3,OK,26.28,26.21,OK,25.24,25.01,OK,24.89,24.57,OK,25.7,25.08,OK,26.24,25.73,OK,24.43,24.26,OK,25.22,25.08,OK,0,0,,0,0,,12.56,OK,12.44,OK,12.45,OK,12.57,OK,12.61,OK,12.6,OK,12.6,OK,0,,0,,9.37,OK,9.88,OK,9.94,OK,9.81,OK,10.23,OK,10.25,OK,10.12,OK,0,,0,,,,82.35,OK,,,,82.98,OK,,,,158.05,OK,,,,157.24,OK,,,,37.27,OK,,,,37.59,OK,,,,,,,,,,,,,,,,,
2406150040D,ATKINSON 3.8 OCV,DM5P3,2024-06-15 01:15:05,18.994,24.61,OK,26.34,26.01,OK,26.41,26.25,OK,23.62,23.11,OK,24.95,24.9,OK,25.02,24.9,OK,23.16,23.07,OK,23.86,23.79,OK,0,0,,0,0,,2.33,OK,2.82,OK,2.85,OK,2.78,OK,2.78,OK,2.74,OK,2.75,OK,0,,0,,0.86,OK,0.86,OK,0.84,OK,0.86,OK,0.89,OK,0.87,OK,0.87,OK,0,,0,,,,82.79,OK,,,,82.34,OK,,,,157.97,OK,,,,158.36,OK,,,,37.92,OK,,,,38.25,OK,,,,,,,,,,,,,,,,,
2406150054D,ATKINSON 3.8 OCV,DM2P6,2024-06-15 01:16:00,18.999,25.53,OK,26.2,26.13,OK,25.38,25.26,OK,25.47,25.31,OK,26.52,26.52,OK,27.1,27.07,OK,26.13,26.13,OK,26.06,26.01,OK,0,0,,0,0,,11.5,OK,11.61,OK,11.56,OK,10.85,OK,11,OK,11.25,OK,10.76,OK,0,,0,,9.83,OK,10,OK,10.02,OK,10.02,OK,10.01,OK,9.91,OK,9.91,OK,0,,0,,,,83.28,OK,,,,83.16,OK,,,,157.85,OK,,,,157.71,OK,,,,37.81,OK,,,,38.19,OK,,,,,,,,,,,,,,,,,
2406150056D,ATKINSON 3.8 OCV,DM1P2,2024-06-15 01:16:56,18.99,26.46,OK,23.95,23.5,OK,22.31,22.22,OK,20.83,20.44,OK,21.97,21.88,OK,24.85,24.67,OK,21.93,21.66,OK,21.46,21.43,OK,0,0,,0,0,,11.39,OK,11.36,OK,11.41,OK,11.43,OK,11.48,OK,11.45,OK,11.51,OK,0,,0,,10.3,OK,10.37,OK,10.44,OK,10.39,OK,10.49,OK,10.47,OK,10.62,OK,0,,0,,,,82.19,OK,,,,82.49,OK,,,,157.19,OK,,,,157.01,OK,,,,37.37,OK,,,,37.13,OK,,,,,,,,,,,,,,,,,
2406150055D,ATKINSON 3.8 OCV,DM3P4,2024-06-15 01:17:54,18.99,25.28,OK,25.36,25.26,OK,25.61,25.54,OK,23.04,22.9,OK,23.48,23.43,OK,24.89,24.82,OK,24.98,24.96,OK,25.77,25.52,OK,0,0,,0,0,,11.75,OK,11.91,OK,11.88,OK,11.87,OK,11.96,OK,11.79,OK,11.79,OK,0,,0,,12.81,OK,12.84,OK,12.84,OK,12.86,OK,12.72,OK,12.75,OK,12.83,OK,0,,0,,,,81.62,OK,,,,82.06,OK,,,,157.27,OK,,,,157.48,OK,,,,37.1,OK,,,,37.15,OK,,,,,,,,,,,,,,,,,
2406150057D,ATKINSON 3.8 OCV,DM4P3,2024-06-15 01:18:49,18.982,26.57,OK,24.03,23.94,OK,25.26,25.12,OK,24.94,24.17,OK,25.24,24.59,OK,25.59,25.08,OK,26.54,26.26,OK,25.29,24.5,OK,0,0,,0,0,,12.43,OK,12.43,OK,12.44,OK,12.59,OK,12.61,OK,12.61,OK,12.63,OK,0,,0,,9.24,OK,9.73,OK,9.88,OK,10.04,OK,10.18,OK,10.1,OK,10.2,OK,0,,0,,,,82.87,OK,,,,82.26,OK,,,,157.58,OK,,,,157.56,OK,,,,37.19,OK,,,,37.3,OK,,,,,,,,,,,,,,,,,
2406150059D,ATKINSON 3.8 OCV,DM2P8,2024-06-15 01:19:45,18.993,26.31,OK,26.01,25.96,OK,24.07,24,OK,24.38,24.26,OK,24.65,24.53,OK,24.87,24.85,OK,25.33,25.33,OK,24.97,24.97,OK,0,0,,0,0,,10.84,OK,10.86,OK,10.86,OK,10.9,OK,11.1,OK,10.84,OK,11.23,OK,0,,0,,9.81,OK,9.93,OK,10.02,OK,9.86,OK,9.73,OK,9.83,OK,9.85,OK,0,,0,,,,82.35,OK,,,,82.23,OK,,,,158.12,OK,,,,157.96,OK,,,,37.11,OK,,,,37.86,OK,,,,,,,,,,,,,,,,,
2406150060D,ATKINSON 3.8 OCV,DM1P7,2024-06-15 01:20:43,18.989,25.86,OK,26.68,26.36,OK,23.26,23.14,OK,22.96,22.65,OK,22.94,22.78,OK,24.85,24.81,OK,22.72,22.4,OK,21.52,21.46,OK,0,0,,0,0,,11.42,OK,11.43,OK,11.43,OK,11.45,OK,11.46,OK,11.48,OK,11.42,OK,0,,0,,10.36,OK,10.45,OK,10.64,OK,10.44,OK,10.45,OK,10.48,OK,10.58,OK,0,,0,,,,83.8,OK,,,,82.73,OK,,,,157.58,OK,,,,157.31,OK,,,,36.83,OK,,,,37.12,OK,,,,,,,,,,,,,,,,,
2406150061D,ATKINSON 3.8 OCV,DM3P1,2024-06-15 01:21:38,18.987,26.22,OK,25.03,24.94,OK,24.64,24.43,OK,22.85,22.8,OK,23.89,23.75,OK,24.82,24.73,OK,25.19,25.15,OK,24.61,24.45,OK,0,0,,0,0,,11.79,OK,11.86,OK,11.62,OK,12.01,OK,11.98,OK,11.92,OK,11.92,OK,0,,0,,12.82,OK,12.86,OK,12.82,OK,12.89,OK,12.81,OK,12.76,OK,12.64,OK,0,,0,,,,82.34,OK,,,,82.49,OK,,,,156.88,OK,,,,157.42,OK,,,,37.12,OK,,,,37.37,OK,,,,,,,,,,,,,,,,,
2406150062D,ATKINSON 3.8 OCV,DM4P9,2024-06-15 01:22:34,18.984,25.57,OK,24.84,24.71,OK,24.29,24.29,OK,24.75,24.5,OK,25.94,25.73,OK,25.31,25.22,OK,25.75,25.52,OK,26.19,25.94,OK,0,0,,0,0,,12.41,OK,12.62,OK,12.44,OK,12.58,OK,12.58,OK,12.59,OK,12.46,OK,0,,0,,9.37,OK,9.69,OK,10.01,OK,10.04,OK,10.24,OK,9.88,OK,10.23,OK,0,,0,,,,81.85,OK,,,,82,OK,,,,157.66,OK,,,,158.03,OK,,,,38.18,OK,,,,37.49,OK,,,,,,,,,,,,,,,,,
2406150063D,ATKINSON 3.8 OCV,DM2P4,2024-06-15 01:23:32,18.988,25.87,OK,25.57,25.47,OK,23.88,23.68,OK,24.75,24.46,OK,25.64,25.57,OK,25.35,25.33,OK,25.91,25.84,OK,25.52,25.5,OK,0,0,,0,0,,10.86,OK,10.87,OK,10.84,OK,11.28,OK,11.09,OK,11.29,OK,10.81,OK,0,,0,,9.74,OK,9.89,OK,9.85,OK,9.83,OK,9.98,OK,9.85,OK,9.84,OK,0,,0,,,,82.3,OK,,,,82.43,OK,,,,158,OK,,,,158.14,OK,,,,37.7,OK,,,,37.76,OK,,,,,,,,,,,,,,,,,
2406150064D,ATKINSON 3.8 OCV,DM1P2,2024-06-15 01:24:31,18.984,26.46,OK,24.9,24.63,OK,22.4,22.2,OK,20.92,20.58,OK,23.05,22.85,OK,25.17,25.1,OK,21.5,21.32,OK,21.23,21.1,OK,0,0,,0,0,,11.44,OK,11.35,OK,11.44,OK,11.4,OK,11.48,OK,11.41,OK,11.51,OK,0,,0,,10.35,OK,10.51,OK,10.63,OK,10.54,OK,10.68,OK,10.53,OK,10.54,OK,0,,0,,,,82.87,OK,,,,82.52,OK,,,,156.64,OK,,,,156.88,OK,,,,37.06,OK,,,,36.85,OK,,,,,,,,,,,,,,,,,
2406150065D,ATKINSON 3.8 OCV,DM3P3,2024-06-15 01:25:26,18.985,26.62,OK,24.13,24.03,OK,24.17,23.55,OK,23.71,23.55,OK,24.52,24.36,OK,24.98,24.94,OK,25.84,25.61,OK,25.61,25.26,OK,0,0,,0,0,,11.75,OK,11.88,OK,11.91,OK,11.8,OK,11.79,OK,11.84,OK,11.94,OK,0,,0,,12.75,OK,12.84,OK,12.75,OK,12.75,OK,12.6,OK,12.59,OK,12.87,OK,0,,0,,,,82.83,OK,,,,82.25,OK,,,,157.36,OK,,,,157.66,OK,,,,37.17,OK,,,,37.46,OK,,,,,,,,,,,,,,,,,
2406150066D,ATKINSON 3.8 OCV,DM4P5,2024-06-15 01:26:24,18.992,26.75,OK,25.1,25.01,OK,26.1,26.05,OK,24.57,24.38,OK,26.35,26.03,OK,25.94,25.4,OK,24.87,24.64,OK,25.01,24.82,OK,0,0,,0,0,,12.58,OK,12.6,OK,12.58,OK,12.59,OK,12.61,OK,12.58,OK,12.73,OK,0,,0,,9.32,OK,9.89,OK,10.02,OK,10,OK,10.35,OK,10.12,OK,9.88,OK,0,,0,,,,82.18,OK,,,,81.98,OK,,,,157.71,OK,,,,157.67,OK,,,,37.61,OK,,,,37.44,OK,,,,,,,,,,,,,,,,,
2406150067D,ATKINSON 3.8 OCV,DM2P8,2024-06-15 01:27:20,18.992,26.06,OK,26.66,26.61,OK,23.39,23.32,OK,24.29,24.22,OK,25.94,25.91,OK,24.99,24.97,OK,25.18,25.09,OK,24.99,24.94,OK,0,0,,0,0,,10.74,OK,10.85,OK,10.85,OK,10.82,OK,11.23,OK,10.84,OK,11.33,OK,0,,0,,9.77,OK,9.78,OK,9.79,OK,9.99,OK,9.81,OK,9.84,OK,9.8,OK,0,,0,,,,82.01,OK,,,,82.09,OK,,,,157.96,OK,,,,158.24,OK,,,,37.57,OK,,,,37.47,OK,,,,,,,,,,,,,,,,,
2406150068D,ATKINSON 3.8 OCV,DM1P7,2024-06-15 01:28:18,18.99,25.95,OK,23.05,22.74,OK,21.77,21.68,OK,21.03,20.76,OK,22.2,22.15,OK,24.13,24.02,OK,22.54,22.4,OK,21.21,21.21,OK,0,0,,0,0,,11.45,OK,11.39,OK,11.41,OK,11.43,OK,11.44,OK,11.42,OK,11.47,OK,0,,0,,9.89,OK,10.38,OK,10.49,OK,10.4,OK,10.4,OK,10.45,OK,10.51,OK,0,,0,,,,82.88,OK,,,,83.5,OK,,,,157.33,OK,,,,157.98,OK,,,,36.77,OK,,,,36.95,OK,,,,,,,,,,,,,,,,,
2406150069D,ATKINSON 3.8 OCV,DM3P1,2024-06-15 01:29:13,18.994,26.06,OK,25.29,25.19,OK,24.8,24.52,OK,24.1,24.03,OK,24.01,23.87,OK,25.59,25.49,OK,25.56,25.45,OK,25.24,25.1,OK,0,0,,0,0,,11.88,OK,11.84,OK,11.86,OK,11.74,OK,11.92,OK,11.8,OK,11.73,OK,0,,0,,12.89,OK,12.89,OK,12.81,OK,12.81,OK,12.76,OK,12.69,OK,12.69,OK,0,,0,,,,82.3,OK,,,,82.52,OK,,,,157.35,OK,,,,157.65,OK,,,,37.39,OK,,,,37.6,OK,,,,,,,,,,,,,,,,,
2406150070D,ATKINSON 3.8 OCV,DM4P9,2024-06-15 01:30:09,18.997,25.26,OK,26.21,26.12,OK,24.91,24.75,OK,25.96,25.42,OK,24.91,24.36,OK,26.96,26.47,OK,25.82,25.49,OK,24.57,24.43,OK,0,0,,0,0,,12.53,OK,12.55,OK,12.53,OK,12.61,OK,12.6,OK,12.59,OK,12.59,OK,0,,0,,9.38,OK,10.08,OK,10.09,OK,10.02,OK,10.23,OK,10.26,OK,9.96,OK,0,,0,,,,81.97,OK,,,,81.78,OK,,,,158.15,OK,,,,157.97,OK,,,,38.16,OK,,,,37.84,OK,,,,,,,,,,,,,,,,,
2406150071D,ATKINSON 3.8 OCV,DM2P4,2024-06-15 01:31:07,18.999,25.58,OK,27,27,OK,24.75,24.68,OK,25.86,25.5,OK,26.03,26.03,OK,26.18,26.15,OK,25.43,25.33,OK,26.35,26.27,OK,0,0,,0,0,,10.75,OK,10.85,OK,10.85,OK,10.98,OK,10.76,OK,11.02,OK,10.97,OK,0,,0,,9.81,OK,9.94,OK,9.84,OK,9.82,OK,9.82,OK,9.74,OK,10.1,OK,0,,0,,,,82.13,OK,,,,82.27,OK,,,,157.87,OK,,,,157.79,OK,,,,37.57,OK,,,,37.72,OK,,,,,,,,,,,,,,,,,
2406150058D,ATKINSON 3.8 OCV,DM5P5,2024-06-15 01:32:06,18.986,26.1,OK,24.58,24.41,OK,25.87,25.67,OK,23.14,22.86,OK,24.51,24.41,OK,23.14,23.07,OK,23.18,23.09,OK,22.88,22.88,OK,0,0,,0,0,,2.31,OK,2.87,OK,2.75,OK,2.75,OK,2.72,OK,2.73,OK,2.73,OK,0,,0,,0.83,OK,0.8,OK,0.85,OK,0.86,OK,0.88,OK,0.84,OK,0.87,OK,0,,0,,,,83.21,OK,,,,82.7,OK,,,,156.96,OK,,,,157.94,OK,,,,36.96,OK,,,,36.99,OK,,,,,,,,,,,,,,,,,
2406150073D,ATKINSON 3.8 OCV,DM3P3,2024-06-15 01:33:01,18.997,26.15,OK,25.19,25.17,OK,25.05,24.47,OK,23.8,23.71,OK,24.15,23.73,OK,25.1,25.08,OK,25.84,25.68,OK,24.96,24.64,OK,0,0,,0,0,,11.62,OK,11.82,OK,11.84,OK,11.82,OK,11.9,OK,11.92,OK,11.91,OK,0,,0,,12.89,OK,12.84,OK,12.79,OK,12.76,OK,12.65,OK,12.61,OK,12.76,OK,0,,0,,,,82.73,OK,,,,81.9,OK,,,,157.83,OK,,,,157.61,OK,,,,37.73,OK,,,,38.01,OK,,,,,,,,,,,,,,,,,
2406150074D,ATKINSON 3.8 OCV,DM4P5,2024-06-15 01:33:56,18.999,25.28,OK,25.91,25.87,OK,25.42,25.33,OK,25.8,25.49,OK,26.31,25.84,OK,26.45,25.94,OK,25.98,25.73,OK,25.03,24.82,OK,0,0,,0,0,,12.6,OK,12.6,OK,12.62,OK,12.59,OK,12.6,OK,12.62,OK,12.61,OK,0,,0,,9.45,OK,9.98,OK,10.3,OK,10.19,OK,10.33,OK,10.3,OK,10.37,OK,0,,0,,,,82.34,OK,,,,82.19,OK,,,,157.52,OK,,,,157.37,OK,,,,37.3,OK,,,,37.39,OK,,,,,,,,,,,,,,,,,
2406150075D,ATKINSON 3.8 OCV,DM2P8,2024-06-15 01:34:51,18.991,24.4,OK,26.4,26.32,OK,23.51,23.44,OK,24.09,23.92,OK,25.84,25.77,OK,27.03,26.98,OK,25.11,25.06,OK,25.79,25.72,OK,0,0,,0,0,,10.71,OK,10.89,OK,10.85,OK,10.87,OK,10.85,OK,10.88,OK,10.86,OK,0,,0,,9.84,OK,9.83,OK,9.91,OK,9.86,OK,9.88,OK,9.92,OK,9.84,OK,0,,0,,,,81.7,OK,,,,81.75,OK,,,,158.17,OK,,,,158.18,OK,,,,37.62,OK,,,,38.04,OK,,,,,,,,,,,,,,,,,
2406150076D,ATKINSON 3.8 OCV,DM5P6,2024-06-15 01:35:50,18.998,26.3,OK,25.78,25.53,OK,24.69,24.6,OK,24.32,24.04,OK,24.92,24.83,OK,25.09,24.99,OK,24,23.9,OK,24.51,24.44,OK,0,0,,0,0,,2.33,OK,2.89,OK,2.75,OK,2.73,OK,2.76,OK,2.76,OK,2.84,OK,0,,0,,0.88,OK,0.8,OK,0.88,OK,0.83,OK,0.86,OK,0.89,OK,0.88,OK,0,,0,,,,83.69,OK,,,,82.67,OK,,,,157.49,OK,,,,157.26,OK,,,,37.62,OK,,,,37.8,OK,,,,,,,,,,,,,,,,,
2406150077D,ATKINSON 3.8 OCV,DM3P7,2024-06-15 01:36:45,18.991,24.87,OK,25.8,25.73,OK,25.42,25.01,OK,23.48,23.38,OK,23.57,23.48,OK,24.73,24.73,OK,24.33,24.24,OK,25.68,25.47,OK,0,0,,0,0,,11.83,OK,11.82,OK,11.8,OK,11.94,OK,11.81,OK,12.12,OK,12.02,OK,0,,0,,12.84,OK,12.88,OK,12.85,OK,12.84,OK,12.83,OK,12.89,OK,12.7,OK,0,,0,,,,82.7,OK,,,,82.59,OK,,,,157.99,OK,,,,157.29,OK,,,,37.48,OK,,,,37.85,OK,,,,,,,,,,,,,,,,,
2406150079D,ATKINSON 3.8 OCV,DM2P9,2024-06-15 01:37:40,18.982,24.52,OK,24.87,24.77,OK,24.02,23.97,OK,24.53,24.31,OK,25.77,25.74,OK,25.18,25.18,OK,25.14,25.09,OK,25.47,25.4,OK,0,0,,0,0,,10.85,OK,10.85,OK,10.86,OK,10.86,OK,10.84,OK,10.86,OK,10.85,OK,0,,0,,9.65,OK,9.84,OK,9.77,OK,9.8,OK,9.83,OK,9.86,OK,9.81,OK,0,,0,,,,82.13,OK,,,,82.28,OK,,,,158.33,OK,,,,158.08,OK,,,,38.46,OK,,,,37.75,OK,,,,,,,,,,,,,,,,,
2406150081D,ATKINSON 3.8 OCV,DM3P3,2024-06-15 01:38:39,18.987,25.77,OK,27.4,27.4,OK,25.19,24.38,OK,23.57,23.45,OK,24.36,24.01,OK,25.61,25.31,OK,24.73,24.38,OK,24.89,24.54,OK,0,0,,0,0,,11.88,OK,11.92,OK,11.82,OK,11.89,OK,11.9,OK,11.92,OK,11.98,OK,0,,0,,12.77,OK,12.84,OK,12.83,OK,12.82,OK,12.81,OK,12.83,OK,12.85,OK,0,,0,,,,83.07,OK,,,,82.62,OK,,,,156.99,OK,,,,157.2,OK,,,,37.24,OK,,,,37.5,OK,,,,,,,,,,,,,,,,,
2406150078D,ATKINSON 3.8 OCV,DM4P1,2024-06-15 01:39:37,18.997,24.12,OK,24.5,24.4,OK,25.29,25.12,OK,25.19,24.91,OK,25.36,25.08,OK,26.45,26.03,OK,25.82,25.4,OK,25.45,25.19,OK,0,0,,0,0,,12.45,OK,12.58,OK,12.44,OK,12.61,OK,12.43,OK,12.59,OK,12.74,OK,0,,0,,9.48,OK,9.87,OK,9.88,OK,9.88,OK,10.29,OK,10.11,OK,10.03,OK,0,,0,,,,81.79,OK,,,,81.97,OK,,,,157.78,OK,,,,158.11,OK,,,,37.9,OK,,,,37.91,OK,,,,,,,,,,,,,,,,,
2406150080D,ATKINSON 3.8 OCV,DM5P4,2024-06-15 01:40:33,18.999,24.38,OK,27.2,26.76,OK,25.02,24.99,OK,22.7,22.28,OK,25.6,25.5,OK,24.34,23.88,OK,22.95,22.86,OK,22.3,22.28,OK,0,0,,0,0,,2.25,OK,2.8,OK,2.85,OK,2.73,OK,2.73,OK,2.71,OK,2.75,OK,0,,0,,0.87,OK,0.86,OK,0.86,OK,0.88,OK,0.89,OK,0.88,OK,0.88,OK,0,,0,,,,82.94,OK,,,,82.08,OK,,,,157.79,OK,,,,158.02,OK,,,,37.84,OK,,,,36.94,OK,,,,,,,,,,,,,,,,,
2406150082D,ATKINSON 3.8 OCV,DM1P5,2024-06-15 01:41:31,18.997,25.1,OK,24.34,24.18,OK,22.04,21.91,OK,21.03,20.71,OK,21.41,21.32,OK,25.06,24.76,OK,22.24,22.09,OK,21.23,21.16,OK,0,0,,0,0,,11.43,OK,11.42,OK,11.4,OK,11.39,OK,11.44,OK,11.41,OK,11.36,OK,0,,0,,10.3,OK,10.32,OK,10.48,OK,10.5,OK,10.49,OK,10.44,OK,10.52,OK,0,,0,,,,82.37,OK,,,,82.23,OK,,,,157.21,OK,,,,157.8,OK,,,,37.24,OK,,,,37.12,OK,,,,,,,,,,,,,,,,,
2406150083D,ATKINSON 3.8 OCV,DM2P8,2024-06-15 01:42:26,18.998,24.75,OK,25.79,25.77,OK,23.56,23.39,OK,23.9,23.78,OK,25.09,25.01,OK,24.92,24.87,OK,26.06,26.01,OK,26.01,26.01,OK,0,0,,0,0,,11.14,OK,10.84,OK,10.84,OK,10.86,OK,10.85,OK,10.84,OK,10.84,OK,0,,0,,9.81,OK,9.87,OK,9.9,OK,9.93,OK,9.9,OK,9.87,OK,9.82,OK,0,,0,,,,81.76,OK,,,,81.88,OK,,,,157.82,OK,,,,158.17,OK,,,,37.56,OK,,,,37.87,OK,,,,,,,,,,,,,,,,,
2406150084D,ATKINSON 3.8 OCV,DM3P6,2024-06-15 01:43:22,18.988,26.37,OK,25.42,25.33,OK,25.33,25.08,OK,24.36,24.2,OK,23.36,23.29,OK,25.26,25.19,OK,25.4,25.22,OK,25.1,24.75,OK,0,0,,0,0,,11.61,OK,11.83,OK,11.94,OK,11.81,OK,11.8,OK,12.02,OK,11.87,OK,0,,0,,12.82,OK,12.83,OK,12.88,OK,12.75,OK,12.82,OK,12.8,OK,12.81,OK,0,,0,,,,82.77,OK,,,,82.88,OK,,,,157.25,OK,,,,156.93,OK,,,,37.51,OK,,,,37.97,OK,,,,,,,,,,,,,,,,,
2406150085D,ATKINSON 3.8 OCV,DM4P7,2024-06-15 01:44:20,18.998,25.86,OK,25.42,25.33,OK,25.42,25.24,OK,26.63,26.33,OK,25.4,25.08,OK,26.24,25.94,OK,24.26,24.01,OK,25.63,25.22,OK,0,0,,0,0,,12.59,OK,12.44,OK,12.43,OK,12.47,OK,12.47,OK,12.6,OK,12.62,OK,0,,0,,9.28,OK,10.03,OK,10.04,OK,10.01,OK,10.39,OK,10.3,OK,10.1,OK,0,,0,,,,82.29,OK,,,,82.58,OK,,,,157.9,OK,,,,157.43,OK,,,,37.73,OK,,,,37.82,OK,,,,,,,,,,,,,,,,,
2406150086D,ATKINSON 3.8 OCV,DM5P2,2024-06-15 01:45:15,18.992,25.7,OK,25.64,25.5,OK,25.32,25.27,OK,22.88,22.56,OK,23.6,23.55,OK,24.32,24.3,OK,23.18,23.16,OK,23.6,23.55,OK,0,0,,0,0,,2.36,OK,2.78,OK,2.78,OK,2.75,OK,2.71,OK,2.74,OK,2.7,OK,0,,0,,0.9,OK,0.87,OK,0.9,OK,0.88,OK,0.91,OK,0.88,OK,0.9,OK,0,,0,,,,81.79,OK,,,,81.86,OK,,,,157.98,OK,,,,157.43,OK,,,,38.25,OK,,,,37.84,OK,,,,,,,,,,,,,,,,,
2406150087D,ATKINSON 3.8 OCV,DM1P9,2024-06-15 01:46:11,18.998,25.56,OK,24.72,24.43,OK,22.2,22,OK,22.02,21.66,OK,22.2,22.11,OK,23.57,23.39,OK,21.52,21.32,OK,21.34,21.21,OK,0,0,,0,0,,11.53,OK,11.43,OK,11.43,OK,11.65,OK,11.61,OK,11.5,OK,11.49,OK,0,,0,,10.39,OK,10.48,OK,10.57,OK,10.56,OK,10.52,OK,10.54,OK,10.5,OK,0,,0,,,,82.07,OK,,,,82.22,OK,,,,157.26,OK,,,,157.41,OK,,,,37.71,OK,,,,37.28,OK,,,,,,,,,,,,,,,,,
2406150088D,ATKINSON 3.8 OCV,DM2P3,2024-06-15 01:47:09,18.987,25.57,OK,26.95,26.93,OK,23.97,23.92,OK,25.14,24.82,OK,25.96,25.89,OK,25.18,25.09,OK,24.89,24.89,OK,25.89,25.86,OK,0,0,,0,0,,10.89,OK,10.83,OK,10.84,OK,10.85,OK,10.86,OK,10.88,OK,10.86,OK,0,,0,,9.69,OK,9.83,OK,9.86,OK,9.81,OK,9.82,OK,9.85,OK,9.79,OK,0,,0,,,,83,OK,,,,82.64,OK,,,,157.93,OK,,,,158.23,OK,,,,37.48,OK,,,,37.83,OK,,,,,,,,,,,,,,,,,
2406150089D,ATKINSON 3.8 OCV,DM3P1,2024-06-15 01:48:04,18.992,24.97,OK,25.03,24.94,OK,24.82,24.29,OK,22.83,22.69,OK,22.97,22.69,OK,24.06,23.8,OK,24.64,24.5,OK,24.45,24.31,OK,0,0,,0,0,,11.71,OK,11.82,OK,11.97,OK,11.79,OK,11.93,OK,11.94,OK,11.77,OK,0,,0,,12.8,OK,12.84,OK,12.62,OK,12.76,OK,12.82,OK,12.7,OK,12.78,OK,0,,0,,,,82.15,OK,,,,82.23,OK,,,,157.88,OK,,,,157.99,OK,,,,37.74,OK,,,,37.96,OK,,,,,,,,,,,,,,,,,
2406150090D,ATKINSON 3.8 OCV,DM4P4,2024-06-15 01:49:00,18.987,24.85,OK,26.84,26.77,OK,24.89,24.75,OK,25.45,24.91,OK,25.56,25.03,OK,25.89,25.12,OK,25.82,25.49,OK,25.94,25.38,OK,0,0,,0,0,,12.56,OK,12.43,OK,12.44,OK,12.44,OK,12.46,OK,12.61,OK,12.62,OK,0,,0,,9.08,OK,9.82,OK,9.96,OK,10.14,OK,10.19,OK,10.23,OK,10.28,OK,0,,0,,,,81.61,OK,,,,81.99,OK,,,,157.69,OK,,,,157.61,OK,,,,37.46,OK,,,,37.67,OK,,,,,,,,,,,,,,,,,
2406150091D,ATKINSON 3.8 OCV,DM5P5,2024-06-15 01:49:55,18.995,26.1,OK,25.32,25.16,OK,23.58,23.53,OK,23.16,22.95,OK,24.37,24.27,OK,24.34,24.34,OK,24.11,24.11,OK,23.35,23.3,OK,0,0,,0,0,,2.29,OK,2.91,OK,2.74,OK,2.82,OK,2.82,OK,2.76,OK,2.81,OK,0,,0,,0.89,OK,0.89,OK,0.88,OK,0.88,OK,0.89,OK,0.87,OK,0.9,OK,0,,0,,,,82.75,OK,,,,81.32,OK,,,,158.05,OK,,,,158.32,OK,,,,38.46,OK,,,,38.44,OK,,,,,,,,,,,,,,,,,
2406150092D,ATKINSON 3.8 OCV,DM1P8,2024-06-15 01:50:54,18.986,24.92,OK,22.6,22.31,OK,22.02,22.02,OK,21.07,20.62,OK,21.59,21.48,OK,24.25,24.2,OK,22.13,21.95,OK,20.74,20.62,OK,0,0,,0,0,,11.49,OK,11.42,OK,11.43,OK,11.55,OK,11.45,OK,11.46,OK,11.42,OK,0,,0,,10.28,OK,10.1,OK,10.41,OK,10.48,OK,10.46,OK,10.39,OK,10.5,OK,0,,0,,,,82.19,OK,,,,82.37,OK,,,,157.33,OK,,,,157.58,OK,,,,36.83,OK,,,,37.14,OK,,,,,,,,,,,,,,,,,
2406150093D,ATKINSON 3.8 OCV,DM2P6,2024-06-15 01:51:49,18.994,27.48,OK,26.61,26.59,OK,23.13,23.08,OK,24.97,24.75,OK,26.23,26.15,OK,26.49,26.44,OK,25.16,25.11,OK,24.41,24.41,OK,0,0,,0,0,,10.83,OK,10.82,OK,10.82,OK,10.84,OK,10.86,OK,10.88,OK,10.85,OK,0,,0,,9.86,OK,9.98,OK,9.92,OK,9.87,OK,9.83,OK,9.83,OK,9.87,OK,0,,0,,,,82.85,OK,,,,82.76,OK,,,,157.88,OK,,,,157.8,OK,,,,38.13,OK,,,,38.56,OK,,,,,,,,,,,,,,,,,
2406150094D,ATKINSON 3.8 OCV,DM3P7,2024-06-15 01:52:44,18.986,25.68,OK,25.77,25.68,OK,25.96,25.68,OK,25.24,24.89,OK,23.92,23.59,OK,25.94,25.89,OK,26.31,26.24,OK,24.8,24.71,OK,0,0,,0,0,,11.45,OK,11.84,OK,11.87,OK,11.79,OK,11.81,OK,11.99,OK,11.96,OK,0,,0,,12.84,OK,12.84,OK,12.77,OK,12.89,OK,12.76,OK,12.76,OK,12.8,OK,0,,0,,,,82.53,OK,,,,82.41,OK,,,,157.96,OK,,,,157.52,OK,,,,37.92,OK,,,,38.1,OK,,,,,,,,,,,,,,,,,
2406150095D,ATKINSON 3.8 OCV,DM4P2,2024-06-15 01:53:43,18.997,26.18,OK,26.33,26.24,OK,23.92,23.82,OK,23.75,23.62,OK,24.75,24.33,OK,25.56,25.33,OK,25.94,25.82,OK,24.4,24.2,OK,0,0,,0,0,,12.46,OK,12.41,OK,12.59,OK,12.46,OK,12.44,OK,12.6,OK,12.63,OK,0,,0,,9.46,OK,9.67,OK,9.67,OK,9.82,OK,10.19,OK,10.18,OK,9.78,OK,0,,0,,,,81.79,OK,,,,82.09,OK,,,,157.55,OK,,,,157.57,OK,,,,37.67,OK,,,,37.49,OK,,,,,,,,,,,,,,,,,
2406150096D,ATKINSON 3.8 OCV,DM5P9,2024-06-15 01:54:41,18.994,26.18,OK,26.06,25.8,OK,23.95,23.9,OK,22.7,22.51,OK,23.18,23.14,OK,23.72,23.53,OK,23.18,23.18,OK,22.26,22.19,OK,0,0,,0,0,,2.36,OK,2.75,OK,2.76,OK,2.73,OK,2.73,OK,2.72,OK,2.73,OK,0,,0,,0.88,OK,0.89,OK,0.85,OK,0.87,OK,0.88,OK,0.88,OK,0.86,OK,0,,0,,,,81.83,OK,,,,81.92,OK,,,,157.84,OK,,,,157.75,OK,,,,38.77,OK,,,,37.27,OK,,,,,,,,,,,,,,,,,
2406150097D,ATKINSON 3.8 OCV,DM1P3,2024-06-15 01:55:36,18.992,25.68,OK,25.08,24.65,OK,23.14,22.92,OK,22.13,21.75,OK,23.3,23.17,OK,24.76,24.34,OK,23.26,23.14,OK,22.83,22.76,OK,0,0,,0,0,,11.51,OK,11.42,OK,11.39,OK,11.58,OK,11.51,OK,11.53,OK,11.41,OK,0,,0,,10.31,OK,10.25,OK,10.54,OK,10.52,OK,10.49,OK,10.5,OK,10.47,OK,0,,0,,,,83.47,OK,,,,82.42,OK,,,,157.43,OK,,,,157.47,OK,,,,37.16,OK,,,,37.49,OK,,,,,,,,,,,,,,,,,
2406150098D,ATKINSON 3.8 OCV,DM2P1,2024-06-15 01:56:32,18.991,25.65,OK,25.98,25.91,OK,24.29,24.12,OK,24.85,24.72,OK,25.91,25.81,OK,26.3,26.3,OK,26.35,26.27,OK,26.18,26.13,OK,0,0,,0,0,,10.83,OK,10.84,OK,10.85,OK,10.86,OK,10.85,OK,10.87,OK,10.86,OK,0,,0,,9.84,OK,9.89,OK,9.84,OK,9.88,OK,9.84,OK,9.89,OK,9.9,OK,0,,0,,,,81.95,OK,,,,82.31,OK,,,,158.16,OK,,,,158.56,OK,,,,37.84,OK,,,,38.14,OK,,,,,,,,,,,,,,,,,
2406150099D,ATKINSON 3.8 OCV,DM3P4,2024-06-15 01:57:30,18.996,24.43,OK,25.03,24.94,OK,26.75,26.14,OK,24.33,24.24,OK,23.94,23.82,OK,25.29,25.29,OK,25.87,25.61,OK,25.73,25.47,OK,0,0,,0,0,,11.79,OK,11.85,OK,11.95,OK,11.7,OK,11.8,OK,12.07,OK,11.86,OK,0,,0,,12.8,OK,12.86,OK,12.73,OK,12.81,OK,12.77,OK,12.82,OK,12.81,OK,0,,0,,,,81.36,OK,,,,81.87,OK,,,,157.97,OK,,,,158.21,OK,,,,37.86,OK,,,,38.09,OK,,,,,,,,,,,,,,,,,
2406150100D,ATKINSON 3.8 OCV,DM4P5,2024-06-15 01:58:22,18.997,25.06,OK,26.07,26.05,OK,26.35,26.31,OK,25.7,25.52,OK,25.08,24.91,OK,27.14,26.79,OK,25.61,25.26,OK,25.63,25.52,OK,0,0,,0,0,,12.57,OK,12.44,OK,12.46,OK,12.49,OK,12.46,OK,12.62,OK,12.62,OK,0,,0,,9.08,OK,9.86,OK,9.82,OK,10.07,OK,10.21,OK,10.19,OK,10.07,OK,0,,0,,,,81.62,OK,,,,81.23,OK,,,,158.32,OK,,,,158.35,OK,,,,38.16,OK,,,,38.13,OK,,,,,,,,,,,,,,,,,
2406150101D,ATKINSON 3.8 OCV,DM5P8,2024-06-15 01:59:21,18.997,25.06,OK,27.08,26.59,OK,24.46,24.44,OK,22.26,21.95,OK,24.34,24.3,OK,24.81,24.78,OK,22.67,22.6,OK,23.04,23,OK,0,0,,0,0,,2.35,OK,2.77,OK,2.76,OK,2.71,OK,2.72,OK,2.71,OK,2.77,OK,0,,0,,0.88,OK,0.91,OK,0.87,OK,0.84,OK,0.88,OK,0.83,OK,0.87,OK,0,,0,,,,82.49,OK,,,,81.57,OK,,,,158.09,OK,,,,157.85,OK,,,,37.23,OK,,,,37.35,OK,,,,,,,,,,,,,,,,,
2406150102D,ATKINSON 3.8 OCV,DM1P6,2024-06-15 02:00:16,18.989,26.51,OK,22.13,21.86,OK,23.3,23.14,OK,21.28,21.07,OK,22.9,22.76,OK,24.22,24.02,OK,21.64,21.43,OK,22.47,22.45,OK,0,0,,0,0,,11.52,OK,11.43,OK,11.45,OK,11.49,OK,11.49,OK,11.52,OK,11.42,OK,0,,0,,10.26,OK,10.28,OK,10.42,OK,10.5,OK,10.63,OK,10.45,OK,10.45,OK,0,,0,,,,82.88,OK,,,,82.92,OK,,,,156.87,OK,,,,157.18,OK,,,,37.31,OK,,,,37.65,OK,,,,,,,,,,,,,,,,,
2406150103D,ATKINSON 3.8 OCV,DM2P7,2024-06-15 02:01:18,18.991,25.95,OK,26.2,26.15,OK,24.46,24.34,OK,25.62,25.43,OK,25.28,25.21,OK,27.07,27.03,OK,24.24,24.19,OK,25.81,25.74,OK,0,0,,0,0,,11.44,OK,10.86,OK,10.86,OK,10.87,OK,10.86,OK,10.85,OK,10.87,OK,0,,0,,9.78,OK,9.91,OK,9.83,OK,9.85,OK,9.91,OK,9.87,OK,9.84,OK,0,,0,,,,82.27,OK,,,,82.53,OK,,,,158.78,OK,,,,158.15,OK,,,,37.86,OK,,,,37.91,OK,,,,,,,,,,,,,,,,,
2406150104D,ATKINSON 3.8 OCV,DM3P2,2024-06-15 02:02:13,18.992,25.41,OK,27.58,27.51,OK,25.08,25.01,OK,23.06,22.99,OK,23.62,23.52,OK,25.4,25.26,OK,26.77,26.72,OK,24.15,24.06,OK,0,0,,0,0,,11.73,OK,11.82,OK,11.88,OK,11.81,OK,11.8,OK,12.12,OK,12.12,OK,0,,0,,12.82,OK,12.87,OK,12.89,OK,12.81,OK,12.85,OK,12.84,OK,12.8,OK,0,,0,,,,81.44,OK,,,,81.55,OK,,,,157.86,OK,,,,158.01,OK,,,,38.07,OK,,,,38.18,OK,,,,,,,,,,,,,,,,,
2406150105D,ATKINSON 3.8 OCV,DM4P9,2024-06-15 02:03:08,18.998,26.02,OK,26.47,26.42,OK,23.73,23.68,OK,24.75,24.54,OK,25.26,24.8,OK,25.38,24.75,OK,25.12,24.8,OK,25.01,24.82,OK,0,0,,0,0,,12.49,OK,12.6,OK,12.46,OK,12.7,OK,12.61,OK,12.62,OK,12.6,OK,0,,0,,9.43,OK,9.71,OK,10.02,OK,9.77,OK,10.21,OK,10.29,OK,10.06,OK,0,,0,,,,81.38,OK,,,,81.74,OK,,,,158.1,OK,,,,158.28,OK,,,,38.55,OK,,,,38.14,OK,,,,,,,,,,,,,,,,,
2406150106D,ATKINSON 3.8 OCV,DM5P3,2024-06-15 02:04:07,18.988,26.25,OK,25.97,25.92,OK,25.8,25.29,OK,23.97,23.48,OK,24.97,24.9,OK,23.9,23.67,OK,23.69,23.62,OK,23.72,23.67,OK,0,0,,0,0,,2.43,OK,2.79,OK,2.81,OK,2.76,OK,2.77,OK,2.75,OK,2.81,OK,0,,0,,0.87,OK,0.84,OK,0.84,OK,0.84,OK,0.87,OK,0.84,OK,0.86,OK,0,,0,,,,82.78,OK,,,,81.94,OK,,,,158.06,OK,,,,158.34,OK,,,,38.47,OK,,,,38.18,OK,,,,,,,,,,,,,,,,,
2406150107D,ATKINSON 3.8 OCV,DM1P1,2024-06-15 02:05:02,18.999,25.71,OK,26.36,26.11,OK,21.12,21.05,OK,20.98,20.69,OK,22.11,21.95,OK,24.13,23.91,OK,22.6,22.36,OK,22.22,22.18,OK,0,0,,0,0,,11.45,OK,11.36,OK,11.43,OK,11.84,OK,11.91,OK,11.44,OK,11.74,OK,0,,0,,10.32,OK,10.17,OK,10.41,OK,10.4,OK,10.52,OK,10.58,OK,10.47,OK,0,,0,,,,82.15,OK,,,,82.67,OK,,,,157.24,OK,,,,157.39,OK,,,,37.05,OK,,,,37.12,OK,,,,,,,,,,,,,,,,,
2406150108D,ATKINSON 3.8 OCV,DM2P4,2024-06-15 02:06:00,18.99,25.01,OK,25.72,25.67,OK,26.23,26.23,OK,26.61,26.37,OK,25.62,25.57,OK,26.4,26.32,OK,25.09,25.06,OK,25.91,25.79,OK,0,0,,0,0,,10.83,OK,10.84,OK,10.85,OK,10.85,OK,10.85,OK,10.84,OK,10.85,OK,0,,0,,9.84,OK,9.92,OK,9.91,OK,9.8,OK,9.89,OK,9.85,OK,9.85,OK,0,,0,,,,81.45,OK,,,,81.79,OK,,,,158.4,OK,,,,158.37,OK,,,,38.1,OK,,,,38.07,OK,,,,,,,,,,,,,,,,,
2406150109D,ATKINSON 3.8 OCV,DM3P5,2024-06-15 02:06:56,18.986,26.36,OK,26.26,26.19,OK,25.8,25.56,OK,23.68,23.57,OK,25.4,25.36,OK,24.94,24.91,OK,26.03,25.94,OK,25.33,25.19,OK,0,0,,0,0,,11.8,OK,11.82,OK,11.95,OK,11.78,OK,11.82,OK,11.96,OK,11.93,OK,0,,0,,12.8,OK,12.85,OK,12.8,OK,12.92,OK,12.76,OK,12.77,OK,12.79,OK,0,,0,,,,81.88,OK,,,,81.58,OK,,,,157.97,OK,,,,158.09,OK,,,,38.37,OK,,,,38.23,OK,,,,,,,,,,,,,,,,,
2406150110D,ATKINSON 3.8 OCV,DM4P8,2024-06-15 02:07:54,18.992,25.58,OK,25.26,25.15,OK,23.94,23.85,OK,23.94,23.8,OK,25.49,25.12,OK,25.01,24.68,OK,25.96,25.7,OK,24.17,24.08,OK,0,0,,0,0,,12.58,OK,12.42,OK,12.59,OK,12.48,OK,12.47,OK,12.6,OK,12.63,OK,0,,0,,9.33,OK,9.85,OK,9.66,OK,10.03,OK,10.12,OK,10.28,OK,10.31,OK,0,,0,,,,81.17,OK,,,,81.57,OK,,,,158.09,OK,,,,157.99,OK,,,,37.69,OK,,,,38.11,OK,,,,,,,,,,,,,,,,,
2406150112D,ATKINSON 3.8 OCV,DM1P7,2024-06-15 02:08:49,18.988,24.88,OK,24.09,23.73,OK,22.31,22.24,OK,21.55,21.25,OK,22.06,21.95,OK,23.8,23.62,OK,22.31,22.06,OK,22.83,22.74,OK,0,0,,0,0,,11.53,OK,11.42,OK,11.42,OK,11.38,OK,11.45,OK,11.45,OK,11.47,OK,0,,0,,10.37,OK,10.52,OK,10.38,OK,10.3,OK,10.43,OK,10.34,OK,10.34,OK,0,,0,,,,82.51,OK,,,,82.7,OK,,,,158.06,OK,,,,157.69,OK,,,,37.31,OK,,,,38.02,OK,,,,,,,,,,,,,,,,,
2406150113D,ATKINSON 3.8 OCV,DM2P2,2024-06-15 02:09:45,18.992,25.12,OK,25.69,25.57,OK,25.57,25.47,OK,25.45,25.23,OK,25.77,25.69,OK,24.99,24.97,OK,25.86,25.81,OK,25.94,25.91,OK,0,0,,0,0,,10.85,OK,11,OK,11.55,OK,10.95,OK,11.57,OK,11.66,OK,10.85,OK,0,,0,,9.8,OK,9.98,OK,9.88,OK,9.89,OK,10.01,OK,9.96,OK,9.94,OK,0,,0,,,,81.5,OK,,,,82.04,OK,,,,157.92,OK,,,,158.41,OK,,,,38.09,OK,,,,37.95,OK,,,,,,,,,,,,,,,,,
2406150111D,ATKINSON 3.8 OCV,DM5P6,2024-06-15 02:10:43,18.995,26.4,OK,24.97,24.71,OK,24.78,24.53,OK,22.39,21.98,OK,23.07,23,OK,24.81,24.71,OK,23.37,23.25,OK,23.67,23.65,OK,0,0,,0,0,,2.3,OK,2.91,OK,2.7,OK,2.73,OK,2.82,OK,2.78,OK,2.66,OK,0,,0,,0.83,OK,0.83,OK,0.83,OK,0.83,OK,0.83,OK,0.84,OK,0.83,OK,0,,0,,,,82.22,OK,,,,82.55,OK,,,,157.61,OK,,,,156.96,OK,,,,38.09,OK,,,,38.29,OK,,,,,,,,,,,,,,,,,
2406150114D,ATKINSON 3.8 OCV,DM3P9,2024-06-15 02:11:42,18.987,26.18,OK,25.94,25.82,OK,24.54,24.15,OK,23.38,23.34,OK,23.92,23.71,OK,23.5,23.41,OK,24.91,24.71,OK,24.59,24.43,OK,0,0,,0,0,,11.78,OK,11.81,OK,11.85,OK,11.83,OK,11.94,OK,11.95,OK,11.82,OK,0,,0,,12.85,OK,12.83,OK,12.58,OK,12.67,OK,12.59,OK,12.79,OK,12.91,OK,0,,0,,,,81.36,OK,,,,81.36,OK,,,,158.3,OK,,,,158.54,OK,,,,38.55,OK,,,,38.15,OK,,,,,,,,,,,,,,,,,
2406150115D,ATKINSON 3.8 OCV,DM4P3,2024-06-15 02:12:37,18.989,25.32,OK,25.75,25.66,OK,25.77,25.66,OK,24.94,24.29,OK,25.84,25.17,OK,26.93,26.35,OK,25.49,24.82,OK,26,25.61,OK,0,0,,0,0,,12.71,OK,12.63,OK,12.61,OK,12.57,OK,12.67,OK,12.64,OK,12.63,OK,0,,0,,9.53,OK,10.03,OK,10.06,OK,9.93,OK,10.18,OK,10.19,OK,10.06,OK,0,,0,,,,81.91,OK,,,,81.63,OK,,,,158.09,OK,,,,158.21,OK,,,,37.98,OK,,,,38.25,OK,,,,,,,,,,,,,,,,,
2406150116D,ATKINSON 3.8 OCV,DM1P4,2024-06-15 02:13:32,18.998,25.22,OK,22.83,22.58,OK,22.96,22.87,OK,21.43,21.19,OK,22.54,22.38,OK,23.86,23.59,OK,22.33,22.22,OK,22.18,22.11,OK,0,0,,0,0,,11.46,OK,11.42,OK,11.4,OK,11.4,OK,11.49,OK,11.48,OK,11.43,OK,0,,0,,10.21,OK,10,OK,10.5,OK,10.46,OK,10.5,OK,10.52,OK,10.56,OK,0,,0,,,,81.85,OK,,,,82.29,OK,,,,157.3,OK,,,,157.54,OK,,,,37.16,OK,,,,37.7,OK,,,,,,,,,,,,,,,,,
2406150117D,ATKINSON 3.8 OCV,DM2P5,2024-06-15 02:14:31,18.987,25.58,OK,26.15,26.06,OK,25.86,25.72,OK,25.91,25.74,OK,25.79,25.69,OK,25.86,25.81,OK,24.58,24.55,OK,25.67,25.62,OK,0,0,,0,0,,10.85,OK,10.87,OK,10.82,OK,10.84,OK,10.84,OK,10.86,OK,10.86,OK,0,,0,,9.82,OK,9.91,OK,9.82,OK,9.89,OK,9.85,OK,9.78,OK,9.88,OK,0,,0,,,,81.86,OK,,,,81.4,OK,,,,158.35,OK,,,,158.43,OK,,,,38.35,OK,,,,38.44,OK,,,,,,,,,,,,,,,,,
2406150119D,ATKINSON 3.8 OCV,DM3P8,2024-06-15 02:15:29,18.985,25.81,OK,29.69,29.55,OK,24.38,24.2,OK,22.66,22.59,OK,23.87,23.78,OK,24.8,24.78,OK,25.63,25.63,OK,24.57,24.36,OK,0,0,,0,0,,11.67,OK,11.9,OK,11.86,OK,11.81,OK,11.91,OK,11.93,OK,11.96,OK,0,,0,,12.79,OK,12.85,OK,12.79,OK,12.78,OK,12.71,OK,12.58,OK,12.88,OK,0,,0,,,,81.84,OK,,,,81.88,OK,,,,157.34,OK,,,,157.72,OK,,,,37.52,OK,,,,37.79,OK,,,,,,,,,,,,,,,,,
2406150118D,ATKINSON 3.8 OCV,DM5P1,2024-06-15 02:16:21,18.987,26.21,OK,24.85,24.83,OK,26.38,26.32,OK,23.25,22.81,OK,24.9,24.78,OK,25.32,25.25,OK,23.97,23.95,OK,23.25,23.21,OK,0,0,,0,0,,2.37,OK,2.81,OK,2.78,OK,2.77,OK,2.76,OK,2.76,OK,2.8,OK,0,,0,,0.88,OK,0.91,OK,0.8,OK,0.88,OK,0.86,OK,0.85,OK,0.86,OK,0,,0,,,,82.57,OK,,,,82.38,OK,,,,157.69,OK,,,,158.19,OK,,,,37.19,OK,,,,36.83,OK,,,,,,,,,,,,,,,,,
2406150120D,ATKINSON 3.8 OCV,DM4P6,2024-06-15 02:17:20,18.996,25.36,OK,25.33,25.31,OK,24.98,24.87,OK,25.19,25.08,OK,25.08,24.89,OK,26.17,25.8,OK,24.87,24.71,OK,24.66,24.54,OK,0,0,,0,0,,12.6,OK,12.62,OK,12.6,OK,12.63,OK,12.71,OK,12.64,OK,12.63,OK,0,,0,,9.35,OK,9.94,OK,9.99,OK,10.2,OK,10.21,OK,10.32,OK,9.51,OK,0,,0,,,,82.63,OK,,,,82.9,OK,,,,157.4,OK,,,,157.1,OK,,,,37.5,OK,,,,38.03,OK,,,,,,,,,,,,,,,,,
2406150121D,ATKINSON 3.8 OCV,DM1P7,2024-06-15 02:18:15,18.987,24.68,OK,24.54,24.38,OK,23.05,22.94,OK,23.05,22.76,OK,22.54,22.4,OK,25.37,25.15,OK,24.04,23.86,OK,22.42,22.36,OK,0,0,,0,0,,11.46,OK,11.39,OK,11.37,OK,11.43,OK,11.49,OK,11.45,OK,11.45,OK,0,,0,,10.34,OK,10.49,OK,10.6,OK,10.51,OK,10.89,OK,10.63,OK,10.58,OK,0,,0,,,,83.28,OK,,,,82.65,OK,,,,157.85,OK,,,,157.59,OK,,,,37.17,OK,,,,37.59,OK,,,,,,,,,,,,,,,,,
2406150122D,ATKINSON 3.8 OCV,DM2P2,2024-06-15 02:19:10,18.998,26.03,OK,26.06,25.96,OK,24.19,24.12,OK,26.25,26.03,OK,26.08,26.03,OK,24.99,24.97,OK,25.45,25.38,OK,25.79,25.72,OK,0,0,,0,0,,10.9,OK,11.04,OK,10.79,OK,10.74,OK,10.87,OK,10.82,OK,10.84,OK,0,,0,,9.83,OK,9.97,OK,9.95,OK,9.87,OK,9.91,OK,9.81,OK,9.86,OK,0,,0,,,,82.26,OK,,,,82.49,OK,,,,157.62,OK,,,,157.93,OK,,,,37.49,OK,,,,37.46,OK,,,,,,,,,,,,,,,,,
2406150123D,ATKINSON 3.8 OCV,DM3P3,2024-06-15 02:20:09,18.983,25.4,OK,26,25.91,OK,24.66,23.89,OK,24.52,24.36,OK,24.2,23.82,OK,25.61,25.33,OK,24.36,24.03,OK,25.24,24.82,OK,0,0,,0,0,,11.76,OK,11.8,OK,11.8,OK,11.97,OK,12.09,OK,12.09,OK,11.58,OK,0,,0,,12.58,OK,12.86,OK,12.82,OK,12.76,OK,12.79,OK,12.77,OK,12.77,OK,0,,0,,,,82.41,OK,,,,81.89,OK,,,,157.46,OK,,,,157.7,OK,,,,37.34,OK,,,,37.65,OK,,,,,,,,,,,,,,,,,
2406150124D,ATKINSON 3.8 OCV,DM5P9,2024-06-15 02:21:04,18.991,24.8,OK,25.85,25.76,OK,24.11,24.04,OK,24.06,23.58,OK,24.3,24.16,OK,26.87,26.85,OK,23.97,23.9,OK,23.67,23.6,OK,0,0,,0,0,,2.33,OK,2.73,OK,2.79,OK,2.71,OK,2.73,OK,2.7,OK,2.71,OK,0,,0,,0.85,OK,0.87,OK,2.44,OK,0.86,OK,0.87,OK,0.88,OK,0.85,OK,0,,0,,,,82.24,OK,,,,82.69,OK,,,,157.89,OK,,,,158.28,OK,,,,37.71,OK,,,,37.06,OK,,,,,,,,,,,,,,,,,
2406150125D,ATKINSON 3.8 OCV,DM4P4,2024-06-15 02:21:59,18.988,24.87,OK,25.68,25.49,OK,24.8,24.75,OK,24.03,23.64,OK,24.15,23.57,OK,26.03,25.33,OK,24.24,23.57,OK,26.21,25.77,OK,0,0,,0,0,,12.57,OK,12.62,OK,12.62,OK,12.43,OK,12.6,OK,12.47,OK,12.62,OK,0,,0,,9.33,OK,9.7,OK,9.99,OK,10.15,OK,9.89,OK,10.18,OK,10.09,OK,0,,0,,,,81.65,OK,,,,81.77,OK,,,,157.94,OK,,,,157.62,OK,,,,37.51,OK,,,,37.8,OK,,,,,,,,,,,,,,,,,
2406150126D,ATKINSON 3.8 OCV,DM1P5,2024-06-15 02:22:54,18.992,24.31,OK,25.1,24.7,OK,22.38,22.29,OK,22.18,21.91,OK,22.22,22.09,OK,24.52,24.31,OK,21.66,21.41,OK,21.97,21.93,OK,0,0,,0,0,,11.44,OK,11.41,OK,11.4,OK,11.42,OK,11.43,OK,11.48,OK,11.59,OK,0,,0,,10.38,OK,10.31,OK,10.56,OK,10.51,OK,10.63,OK,10.53,OK,10.54,OK,0,,0,,,,82.22,OK,,,,81.9,OK,,,,157.32,OK,,,,158.19,OK,,,,37.48,OK,,,,37.34,OK,,,,,,,,,,,,,,,,,
2406150127D,ATKINSON 3.8 OCV,DM2P1,2024-06-15 02:23:50,18.984,24.23,OK,26.78,26.71,OK,24.43,24.41,OK,25.62,25.33,OK,25.67,25.64,OK,26.52,26.52,OK,25.79,25.79,OK,25.55,25.5,OK,0,0,,0,0,,11.04,OK,10.86,OK,10.86,OK,10.86,OK,10.87,OK,10.84,OK,10.85,OK,0,,0,,9.81,OK,10,OK,9.96,OK,9.91,OK,9.96,OK,9.98,OK,9.98,OK,0,,0,,,,82.7,OK,,,,82.71,OK,,,,157.79,OK,,,,157.84,OK,,,,37.52,OK,,,,37.69,OK,,,,,,,,,,,,,,,,,
2406150128D,ATKINSON 3.8 OCV,DM3P8,2024-06-15 02:24:45,18.998,25.33,OK,25.08,24.89,OK,25.01,24.59,OK,22.43,22.27,OK,23.13,23.08,OK,24.59,24.57,OK,25.29,25.26,OK,24.45,24.33,OK,0,0,,0,0,,11.8,OK,11.79,OK,11.89,OK,11.89,OK,11.81,OK,11.8,OK,11.81,OK,0,,0,,12.81,OK,12.8,OK,12.81,OK,12.84,OK,12.87,OK,12.89,OK,12.75,OK,0,,0,,,,81.44,OK,,,,81.93,OK,,,,157.53,OK,,,,157.77,OK,,,,37.45,OK,,,,37.86,OK,,,,,,,,,,,,,,,,,
2406150130D,ATKINSON 3.8 OCV,DM4P7,2024-06-15 02:25:40,18.994,25.18,OK,24.36,24.31,OK,24.61,24.54,OK,24.17,23.89,OK,24.54,23.92,OK,26.54,26.17,OK,24.96,24.66,OK,24.38,24.17,OK,0,0,,0,0,,12.43,OK,12.61,OK,12.48,OK,12.58,OK,12.59,OK,12.63,OK,12.79,OK,0,,0,,9.28,OK,9.8,OK,10.06,OK,10.08,OK,10.14,OK,10.15,OK,9.85,OK,0,,0,,,,82.4,OK,,,,82.64,OK,,,,158.46,OK,,,,157.52,OK,,,,37.67,OK,,,,37.93,OK,,,,,,,,,,,,,,,,,
2406150131D,ATKINSON 3.8 OCV,DM1P2,2024-06-15 02:26:35,18.989,24.67,OK,23.95,23.73,OK,21.5,21.43,OK,21.14,20.85,OK,22.13,22.04,OK,23.3,22.81,OK,21.37,21.23,OK,21.7,21.59,OK,0,0,,0,0,,11.4,OK,11.42,OK,11.47,OK,11.4,OK,11.46,OK,11.5,OK,11.47,OK,0,,0,,10.26,OK,10.38,OK,10.38,OK,10.49,OK,10.47,OK,10.49,OK,10.4,OK,0,,0,,,,82.01,OK,,,,82.41,OK,,,,156.66,OK,,,,156.97,OK,,,,37.33,OK,,,,36.93,OK,,,,,,,,,,,,,,,,,
2406150163D,ATKINSON 3.8 OCV,DM1P2,2024-06-15 02:26:50,18.986,26.15,OK,22.15,21.88,OK,21.86,21.73,OK,20.26,19.81,NG,0,0,,0,0,,0,0,,0,0,,0,0,,0,0,,11.45,OK,11.43,OK,11.46,OK,0.97,OK,0,,1.05,,0,,0,,0,,10.31,OK,10.38,OK,6.03,OK,5.87,,0,,5.97,,0,,0,,0,,,,,,,,,,,,,,,,,,,,,,,,,,,,,,,,,,,,,,,,,,,,,,,
2406150132D,ATKINSON 3.8 OCV,DM2P3,2024-06-15 02:27:31,18.996,24.98,OK,28.33,28.21,OK,23.61,23.56,OK,26.44,26.15,OK,28.45,28.41,OK,26.08,26.03,OK,26.3,26.25,OK,26.52,26.52,OK,0,0,,0,0,,10.81,OK,10.71,OK,11.26,OK,10.83,OK,11.12,OK,10.87,OK,10.84,OK,0,,0,,9.82,OK,9.79,OK,9.86,OK,9.97,OK,9.98,OK,10.01,OK,9.92,OK,0,,0,,,,83.04,OK,,,,82.65,OK,,,,158.14,OK,,,,157.99,OK,,,,37.77,OK,,,,38.03,OK,,,,,,,,,,,,,,,,,
2406150133D,ATKINSON 3.8 OCV,DM3P9,2024-06-15 02:28:26,18.989,24.66,OK,25.7,25.56,OK,24.78,24.66,OK,22.73,22.62,OK,24.68,24.54,OK,26,25.89,OK,25.98,25.89,OK,24.8,24.71,OK,0,0,,0,0,,11.94,OK,11.94,OK,11.84,OK,11.83,OK,11.95,OK,11.96,OK,11.95,OK,0,,0,,12.8,OK,12.84,OK,12.75,OK,12.77,OK,12.64,OK,12.6,OK,12.75,OK,0,,0,,,,81.81,OK,,,,81.91,OK,,,,157.58,OK,,,,157.95,OK,,,,38.04,OK,,,,37.78,OK,,,,,,,,,,,,,,,,,
2406150129D,ATKINSON 3.8 OCV,DM5P6,2024-06-15 02:29:24,18.986,25.36,OK,25.48,25.11,OK,25.13,25.04,OK,22.67,22.49,OK,22.44,22.3,OK,23.07,23.02,OK,23.25,23.23,OK,22.81,22.77,OK,0,0,,0,0,,2.3,OK,2.88,OK,2.82,OK,2.76,OK,2.78,OK,2.8,OK,2.78,OK,0,,0,,0.87,OK,0.85,OK,0.86,OK,0.85,OK,0.87,OK,0.83,OK,0.85,OK,0,,0,,,,82.76,OK,,,,82.76,OK,,,,157.51,OK,,,,157.72,OK,,,,37.86,OK,,,,37.6,OK,,,,,,,,,,,,,,,,,
2406150135D,ATKINSON 3.8 OCV,DM1P1,2024-06-15 02:30:23,18.989,23.72,OK,24.7,24.36,OK,21.77,21.73,OK,20.92,20.56,OK,22.13,22.04,OK,23.86,23.5,OK,22.67,22.67,OK,21.28,21.21,OK,0,0,,0,0,,11.33,OK,11.42,OK,11.44,OK,11.34,OK,11.42,OK,11.42,OK,11.51,OK,0,,0,,10.39,OK,10.39,OK,10.19,OK,10.36,OK,10.39,OK,10.55,OK,10.64,OK,0,,0,,,,82.42,OK,,,,82.79,OK,,,,156.93,OK,,,,157.59,OK,,,,37.05,OK,,,,37.28,OK,,,,,,,,,,,,,,,,,
2406150136D,ATKINSON 3.8 OCV,DM2P8,2024-06-15 02:31:18,18.992,25.7,OK,26.49,26.4,OK,23.63,23.59,OK,25.31,25.16,OK,24.68,24.63,OK,25.16,25.11,OK,25.18,25.18,OK,25.96,25.86,OK,0,0,,0,0,,10.86,OK,10.89,OK,11.47,OK,10.9,OK,11.04,OK,10.77,OK,10.85,OK,0,,0,,9.84,OK,9.79,OK,9.89,OK,9.89,OK,9.83,OK,9.83,OK,9.87,OK,0,,0,,,,81.73,OK,,,,82.11,OK,,,,158.06,OK,,,,158.15,OK,,,,37.59,OK,,,,37.96,OK,,,,,,,,,,,,,,,,,
2406150137D,ATKINSON 3.8 OCV,DM3P6,2024-06-15 02:32:13,18.986,25.01,OK,25.84,25.75,OK,23.85,23.5,OK,23.01,22.85,OK,24.17,23.96,OK,25.4,25.19,OK,24.89,24.82,OK,24.24,23.99,OK,0,0,,0,0,,11.41,OK,11.77,OK,11.92,OK,11.85,OK,11.94,OK,11.87,OK,11.86,OK,0,,0,,12.73,OK,12.8,OK,12.82,OK,12.83,OK,12.82,OK,12.78,OK,12.82,OK,0,,0,,,,82.38,OK,,,,82.32,OK,,,,157.3,OK,,,,157.29,OK,,,,37.66,OK,,,,37.9,OK,,,,,,,,,,,,,,,,,
2406150134D,ATKINSON 3.8 OCV,DM4P5,2024-06-15 02:33:09,18.989,23.72,OK,24.4,24.33,OK,24.47,24.36,OK,24.2,23.78,OK,24.96,24.75,OK,25.77,25.42,OK,25.1,24.75,OK,24.5,24.29,OK,0,0,,0,0,,12.6,OK,12.63,OK,12.6,OK,12.62,OK,12.62,OK,12.62,OK,12.78,OK,0,,0,,9.38,OK,9.89,OK,10.04,OK,10,OK,10.23,OK,10.07,OK,10.2,OK,0,,0,,,,81.98,OK,,,,81.89,OK,,,,157.8,OK,,,,158.07,OK,,,,37.77,OK,,,,37,OK,,,,,,,,,,,,,,,,,
2406150139D,ATKINSON 3.8 OCV,DM1P2,2024-06-15 02:34:07,18.998,26.16,OK,25.06,24.79,OK,22.45,22.38,OK,21.77,21.43,OK,20.89,20.83,OK,25.21,25.08,OK,21.77,21.41,OK,22.04,22,OK,0,0,,0,0,,11.44,OK,11.35,OK,11.38,OK,11.43,OK,11.46,OK,11.45,OK,11.54,OK,0,,0,,10.32,OK,10.27,OK,10.56,OK,10.6,OK,10.64,OK,10.41,OK,10.5,OK,0,,0,,,,82.18,OK,,,,82.6,OK,,,,156.86,OK,,,,156.96,OK,,,,37.12,OK,,,,37.17,OK,,,,,,,,,,,,,,,,,
2406150140D,ATKINSON 3.8 OCV,DM2P3,2024-06-15 02:34:59,18.99,25.67,OK,26.49,26.44,OK,25.18,25.14,OK,24.77,24.43,OK,27.41,27.32,OK,28.21,28.19,OK,25.33,25.23,OK,26.86,26.81,OK,0,0,,0,0,,11.15,OK,10.84,OK,10.84,OK,10.85,OK,10.86,OK,10.86,OK,10.87,OK,0,,0,,9.78,OK,9.85,OK,9.95,OK,9.86,OK,9.84,OK,9.81,OK,9.93,OK,0,,0,,,,83.25,OK,,,,82.61,OK,,,,157.86,OK,,,,157.99,OK,,,,37.59,OK,,,,37.79,OK,,,,,,,,,,,,,,,,,
2406150141D,ATKINSON 3.8 OCV,DM3P9,2024-06-15 02:35:58,18.986,24.8,OK,26.4,26.33,OK,26.05,25.54,OK,23.36,23.29,OK,23.34,23.24,OK,25.77,25.68,OK,26.72,26.63,OK,24.4,24.13,OK,0,0,,0,0,,11.61,OK,11.81,OK,11.82,OK,11.8,OK,11.93,OK,11.9,OK,11.9,OK,0,,0,,12.84,OK,12.85,OK,12.82,OK,12.84,OK,12.75,OK,12.65,OK,12.8,OK,0,,0,,,,81.85,OK,,,,81.99,OK,,,,157.93,OK,,,,158.06,OK,,,,38.1,OK,,,,37.74,OK,,,,,,,,,,,,,,,,,
2406150142D,ATKINSON 3.8 OCV,DM4P7,2024-06-15 02:36:53,18.987,25.4,OK,25.19,25.15,OK,25.31,25.24,OK,25.26,24.82,OK,25.49,25.33,OK,27.28,26.86,OK,26.03,25.77,OK,26.52,26.26,OK,0,0,,0,0,,12.6,OK,12.6,OK,12.61,OK,12.6,OK,12.65,OK,12.63,OK,12.63,OK,0,,0,,9.15,OK,9.9,OK,9.91,OK,9.88,OK,10.27,OK,10.38,OK,10,OK,0,,0,,,,82.97,OK,,,,82.98,OK,,,,156.89,OK,,,,157.22,OK,,,,37.42,OK,,,,37.72,OK,,,,,,,,,,,,,,,,,
2406150143D,ATKINSON 3.8 OCV,DM1P1,2024-06-15 02:37:51,18.983,25.7,OK,24.74,24.49,OK,23.01,22.99,OK,22.87,22.58,OK,22.47,22.29,OK,24.2,23.95,OK,23.35,23.14,OK,23.23,23.23,OK,0,0,,0,0,,11.48,OK,11.41,OK,11.41,OK,11.43,OK,11.65,OK,11.46,OK,11.49,OK,0,,0,,10.45,OK,10.59,OK,10.66,OK,10.58,OK,10.57,OK,10.59,OK,10.58,OK,0,,0,,,,82.6,OK,,,,82.64,OK,,,,157.4,OK,,,,157.7,OK,,,,37.28,OK,,,,37.52,OK,,,,,,,,,,,,,,,,,
2406150144D,ATKINSON 3.8 OCV,DM2P8,2024-06-15 02:38:47,18.988,25.45,OK,27.39,27.29,OK,24.07,23.97,OK,24.87,24.68,OK,25.33,25.28,OK,25.38,25.35,OK,24.97,24.89,OK,24.99,24.97,OK,0,0,,0,0,,10.75,OK,10.84,OK,10.86,OK,10.85,OK,10.86,OK,10.85,OK,10.83,OK,0,,0,,9.83,OK,9.9,OK,9.96,OK,9.95,OK,9.89,OK,9.96,OK,10,OK,0,,0,,,,81.96,OK,,,,82.18,OK,,,,157.86,OK,,,,158.1,OK,,,,37.37,OK,,,,37.73,OK,,,,,,,,,,,,,,,,,
2406150145D,ATKINSON 3.8 OCV,DM3P6,2024-06-15 02:39:42,18.987,25.7,OK,25.61,25.49,OK,27,26.49,OK,23.89,23.78,OK,23.73,23.59,OK,25.73,25.63,OK,25.38,25.19,OK,25.1,24.98,OK,0,0,,0,0,,11.63,OK,11.93,OK,11.86,OK,11.56,OK,11.74,OK,11.86,OK,11.82,OK,0,,0,,12.74,OK,12.84,OK,12.74,OK,12.88,OK,12.81,OK,12.76,OK,12.6,OK,0,,0,,,,82.56,OK,,,,82.02,OK,,,,157.35,OK,,,,157.19,OK,,,,37.67,OK,,,,38.08,OK,,,,,,,,,,,,,,,,,
2406150146D,ATKINSON 3.8 OCV,DM4P4,2024-06-15 02:40:37,18.992,24.75,OK,26.42,26.33,OK,24.38,24.31,OK,24.4,23.85,OK,24.59,24.13,OK,25.56,25.17,OK,26.14,25.98,OK,25.75,25.33,OK,0,0,,0,0,,12.57,OK,12.48,OK,12.45,OK,12.6,OK,12.63,OK,12.65,OK,12.77,OK,0,,0,,9.32,OK,9.85,OK,10.03,OK,9.97,OK,10.2,OK,10.22,OK,9.97,OK,0,,0,,,,81.69,OK,,,,81.93,OK,,,,157.96,OK,,,,158.25,OK,,,,37.77,OK,,,,37.91,OK,,,,,,,,,,,,,,,,,
2406150147D,ATKINSON 3.8 OCV,DM1P2,2024-06-15 02:41:36,18.986,25.92,OK,24.27,23.91,OK,21.97,21.88,OK,22.18,21.88,OK,22.6,22.51,OK,23.35,23.05,OK,22.27,22.06,OK,20.98,20.98,OK,0,0,,0,0,,11.44,OK,11.39,OK,11.37,OK,11.47,OK,11.9,OK,11.45,OK,11.85,OK,0,,0,,10.32,OK,10.39,OK,10.51,OK,10.74,OK,10.43,OK,10.54,OK,10.4,OK,0,,0,,,,82.34,OK,,,,82.85,OK,,,,156.85,OK,,,,157.15,OK,,,,37.19,OK,,,,37.18,OK,,,,,,,,,,,,,,,,,
2406150148D,ATKINSON 3.8 OCV,DM2P3,2024-06-15 02:42:31,18.99,25.22,OK,26.03,25.94,OK,24.22,24.12,OK,25.6,25.18,OK,27.27,27.19,OK,25.69,25.55,OK,24.85,24.82,OK,26.4,26.3,OK,0,0,,0,0,,10.86,OK,10.88,OK,10.78,OK,11.27,OK,10.76,OK,10.86,OK,10.86,OK,0,,0,,9.68,OK,9.84,OK,9.81,OK,9.84,OK,9.64,OK,9.85,OK,10.09,OK,0,,0,,,,82.82,OK,,,,82.22,OK,,,,157.96,OK,,,,158.23,OK,,,,38.01,OK,,,,37.97,OK,,,,,,,,,,,,,,,,,
2406150149D,ATKINSON 3.8 OCV,DM3P9,2024-06-15 02:43:29,18.996,26.01,OK,23.71,23.68,OK,24.06,23.62,OK,24.64,24.5,OK,22.52,22.46,OK,25.01,24.8,OK,23.96,23.87,OK,24.87,24.61,OK,0,0,,0,0,,11.8,OK,11.83,OK,11.83,OK,11.99,OK,11.81,OK,11.94,OK,11.95,OK,0,,0,,12.77,OK,12.84,OK,12.79,OK,12.8,OK,12.61,OK,12.57,OK,12.78,OK,0,,0,,,,81.87,OK,,,,82.07,OK,,,,157.7,OK,,,,157.93,OK,,,,37.96,OK,,,,37.55,OK,,,,,,,,,,,,,,,,,
2406150150D,ATKINSON 3.8 OCV,DM4P7,2024-06-15 02:44:28,18.986,26.38,OK,26.17,26.07,OK,24.78,24.57,OK,25.12,24.59,OK,23.82,23.45,OK,24.94,24.54,OK,24.8,24.64,OK,25.12,24.96,OK,0,0,,0,0,,12.58,OK,12.62,OK,12.6,OK,12.66,OK,12.64,OK,12.61,OK,12.63,OK,0,,0,,9.29,OK,9.81,OK,9.84,OK,10.01,OK,10.12,OK,9.97,OK,9.91,OK,0,,0,,,,82.59,OK,,,,82.73,OK,,,,158.35,OK,,,,157.74,OK,,,,37.68,OK,,,,37.94,OK,,,,,,,,,,,,,,,,,
2406150151D,ATKINSON 3.8 OCV,DM1P1,2024-06-15 02:45:23,18.983,26.55,OK,23.08,22.72,OK,21.57,21.39,OK,20.8,20.51,OK,21.84,21.77,OK,25.37,25.26,OK,20.24,20.06,OK,22.74,22.49,OK,0,0,,0,0,,11.48,OK,11.39,OK,11.4,OK,11.49,OK,11.48,OK,11.56,OK,11.48,OK,0,,0,,10.34,OK,10.42,OK,10.5,OK,10.56,OK,10.78,OK,10.41,OK,10.49,OK,0,,0,,,,82.25,OK,,,,82.54,OK,,,,156.73,OK,,,,157.16,OK,,,,37.06,OK,,,,37.2,OK,,,,,,,,,,,,,,,,,
2406150152D,ATKINSON 3.8 OCV,DM2P8,2024-06-15 02:46:18,18.988,24.28,OK,27.97,27.9,OK,23.88,23.78,OK,24.97,24.8,OK,25.6,25.57,OK,25.11,25.06,OK,25.31,25.31,OK,27.39,27.39,OK,0,0,,0,0,,10.78,OK,10.83,OK,11.12,OK,10.83,OK,10.94,OK,10.83,OK,10.89,OK,0,,0,,9.81,OK,9.87,OK,9.92,OK,10.07,OK,10.01,OK,9.96,OK,9.98,OK,0,,0,,,,81.63,OK,,,,81.88,OK,,,,158.06,OK,,,,157.93,OK,,,,37.6,OK,,,,37.95,OK,,,,,,,,,,,,,,,,,
2406150153D,ATKINSON 3.8 OCV,DM3P6,2024-06-15 02:47:13,18.988,24.28,OK,23.78,23.78,OK,21.67,21.5,OK,23.99,23.75,OK,23.66,23.48,OK,24.36,24.17,OK,25.03,24.8,OK,24.73,24.54,OK,0,0,,0,0,,11.5,OK,12.08,OK,11.81,OK,11.77,OK,11.88,OK,11.92,OK,11.88,OK,0,,0,,12.74,OK,12.85,OK,12.77,OK,12.79,OK,12.73,OK,12.59,OK,12.76,OK,0,,0,,,,82.84,OK,,,,82.89,OK,,,,156.91,OK,,,,156.48,OK,,,,37.31,OK,,,,37.79,OK,,,,,,,,,,,,,,,,,
2406150154D,ATKINSON 3.8 OCV,DM4P4,2024-06-15 02:54:00,18.994,25.6,OK,24.8,24.78,OK,25.15,25.03,OK,24.94,24.59,OK,25.38,25.01,OK,25.17,24.73,OK,24.8,24.66,OK,24.59,24.31,OK,0,0,,0,0,,12.56,OK,12.62,OK,12.61,OK,12.61,OK,12.62,OK,12.63,OK,12.61,OK,0,,0,,9.41,OK,9.87,OK,10.02,OK,10.06,OK,10.25,OK,10.14,OK,10.08,OK,0,,0,,,,81.63,OK,,,,81.95,OK,,,,157.83,OK,,,,157.76,OK,,,,37.73,OK,,,,37.79,OK,,,,,,,,,,,,,,,,,
2406150155D,ATKINSON 3.8 OCV,DM1P2,2024-06-15 02:54:55,18.986,25.43,OK,24.83,24.61,OK,21.3,21.19,OK,20.8,20.49,OK,22.11,22.06,OK,23.41,23.3,OK,23.39,23.17,OK,21.68,21.64,OK,0,0,,0,0,,11.62,OK,11.39,OK,11.41,OK,11.41,OK,11.57,OK,11.49,OK,11.51,OK,0,,0,,10.34,OK,10.5,OK,10.54,OK,10.47,OK,10.55,OK,10.5,OK,10.53,OK,0,,0,,,,82.38,OK,,,,82.62,OK,,,,156.96,OK,,,,157.58,OK,,,,37.36,OK,,,,37.03,OK,,,,,,,,,,,,,,,,,
2406150156D,ATKINSON 3.8 OCV,DM2P3,2024-06-15 02:55:50,18.993,24.35,OK,27.46,27.36,OK,25.11,25.09,OK,26.71,26.32,OK,26.95,26.9,OK,26.98,26.9,OK,26.69,26.61,OK,27.22,27.15,OK,0,0,,0,0,,10.83,OK,11.27,OK,10.92,OK,11.08,OK,10.98,OK,10.87,OK,10.86,OK,0,,0,,9.98,OK,9.76,OK,9.96,OK,9.73,OK,10.06,OK,9.97,OK,9.97,OK,0,,0,,,,83.18,OK,,,,82.77,OK,,,,157.72,OK,,,,158.31,OK,,,,37.54,OK,,,,37.51,OK,,,,,,,,,,,,,,,,,
2406150157D,ATKINSON 3.8 OCV,DM3P9,2024-06-15 02:56:45,18.996,25.15,OK,24.1,24.06,OK,24.4,24.22,OK,23.17,23.08,OK,24.36,24.26,OK,24.47,24.43,OK,26.63,26.61,OK,23.78,23.59,OK,0,0,,0,0,,11.61,OK,11.79,OK,11.77,OK,11.75,OK,12.12,OK,11.74,OK,11.77,OK,0,,0,,12.79,OK,12.85,OK,12.89,OK,12.83,OK,12.76,OK,12.79,OK,12.8,OK,0,,0,,,,81.81,OK,,,,81.92,OK,,,,157.77,OK,,,,158,OK,,,,38.09,OK,,,,37.55,OK,,,,,,,,,,,,,,,,,
2406150158D,ATKINSON 3.8 OCV,DM4P7,2024-06-15 02:57:44,18.99,26.07,OK,25.84,25.73,OK,24.4,24.26,OK,25.54,25.24,OK,25.36,25.22,OK,25.96,25.49,OK,24.64,24.4,OK,25.19,25.08,OK,0,0,,0,0,,12.42,OK,12.67,OK,12.67,OK,12.46,OK,12.69,OK,12.59,OK,12.6,OK,0,,0,,9.33,OK,9.76,OK,9.89,OK,10.01,OK,10.15,OK,10.09,OK,9.88,OK,0,,0,,,,82.5,OK,,,,82.99,OK,,,,158.16,OK,,,,157.13,OK,,,,37.24,OK,,,,37.51,OK,,,,,,,,,,,,,,,,,
2406150159D,ATKINSON 3.8 OCV,DM1P1,2024-06-15 02:58:39,18.983,24.85,OK,24.65,24.43,OK,22.51,22.33,OK,22.18,21.88,OK,22.33,22.13,OK,23.64,23.35,OK,22.54,22.42,OK,22.4,22.33,OK,0,0,,0,0,,11.4,OK,11.46,OK,11.41,OK,11.42,OK,11.91,OK,11.45,OK,11.4,OK,0,,0,,10.37,OK,10.41,OK,10.41,OK,10.67,OK,10.51,OK,10.34,OK,10.39,OK,0,,0,,,,82.13,OK,,,,82.57,OK,,,,157.02,OK,,,,157.42,OK,,,,37.09,OK,,,,37.29,OK,,,,,,,,,,,,,,,,,
2406150160D,ATKINSON 3.8 OCV,DM2P8,2024-06-15 02:59:34,18.987,25.6,OK,26.4,26.32,OK,24.38,24.29,OK,26.03,25.86,OK,23.73,23.68,OK,24.51,24.43,OK,23.73,23.66,OK,24.92,24.82,OK,0,0,,0,0,,10.88,OK,10.81,OK,10.8,OK,10.94,OK,11.02,OK,10.85,OK,10.86,OK,0,,0,,9.85,OK,9.86,OK,9.98,OK,9.95,OK,9.88,OK,9.97,OK,10.01,OK,0,,0,,,,81.87,OK,,,,81.94,OK,,,,158.5,OK,,,,158.31,OK,,,,37.51,OK,,,,37.84,OK,,,,,,,,,,,,,,,,,
2406150161D,ATKINSON 3.8 OCV,DM3P6,2024-06-15 03:00:33,18.989,24.97,OK,27.58,27.4,OK,25.96,25.56,OK,24.29,24.22,OK,23.66,23.36,OK,25.22,25.12,OK,25.42,25.08,OK,25.47,25.22,OK,0,0,,0,0,,11.62,OK,11.83,OK,11.83,OK,11.95,OK,12,OK,11.93,OK,11.94,OK,0,,0,,12.9,OK,12.83,OK,12.86,OK,12.86,OK,12.8,OK,12.8,OK,12.65,OK,0,,0,,,,82.81,OK,,,,82.57,OK,,,,157.31,OK,,,,156.82,OK,,,,37.77,OK,,,,37.99,OK,,,,,,,,,,,,,,,,,
2406150162D,ATKINSON 3.8 OCV,DM4P4,2024-06-15 03:01:28,18.997,27.48,OK,25.52,25.49,OK,23.94,23.87,OK,24.94,24.47,OK,25.31,24.71,OK,25.47,24.98,OK,24.89,24.73,OK,27.07,26.89,OK,0,0,,0,0,,12.46,OK,12.44,OK,12.43,OK,12.61,OK,12.58,OK,12.59,OK,12.47,OK,0,,0,,9.13,OK,9.69,OK,9.58,OK,9.94,OK,10.14,OK,9.78,OK,10.14,OK,0,,0,,,,81.22,OK,,,,82.06,OK,,,,157.73,OK,,,,157.93,OK,,,,37.55,OK,,,,37.73,OK,,,,,,,,,,,,,,,,,
2406150138D,ATKINSON 3.8 OCV,DM5P4,2024-06-15 03:02:27,18.986,25.01,OK,25.13,25.13,OK,24.16,23.93,OK,22.26,21.93,OK,25.18,25.09,OK,23.74,23.69,OK,23.42,23.35,OK,21.91,21.88,OK,0,0,,0,0,,2.34,OK,2.75,OK,2.73,OK,2.74,OK,2.67,OK,2.73,OK,2.77,OK,0,,0,,0.86,OK,0.85,OK,2.36,OK,0.81,OK,0.85,OK,0.85,OK,0.87,OK,0,,0,,,,82.48,OK,,,,81.96,OK,,,,157.86,OK,,,,158.24,OK,,,,37.37,OK,,,,37.36,OK,,,,,,,,,,,,,,,,,
2406150164D,ATKINSON 3.8 OCV,DM2P3,2024-06-15 03:11:46,18.985,26,OK,27.34,27.22,OK,23.34,23.22,OK,25.67,25.28,OK,26.06,26.01,OK,25.94,25.89,OK,25.47,25.43,OK,26.56,26.44,OK,0,0,,0,0,,10.85,OK,10.83,OK,10.85,OK,10.85,OK,10.85,OK,10.84,OK,10.86,OK,0,,0,,9.8,OK,9.87,OK,9.85,OK,9.85,OK,9.82,OK,9.96,OK,9.97,OK,0,,0,,,,82.52,OK,,,,82.02,OK,,,,158.02,OK,,,,158.35,OK,,,,38.06,OK,,,,38.15,OK,,,,,,,,,,,,,,,,,
2406150165D,ATKINSON 3.8 OCV,DM3P9,2024-06-15 03:12:41,18.984,26.15,OK,29.18,29.04,OK,23.89,23.68,OK,22.52,22.39,OK,24.22,23.99,OK,25.77,25.73,OK,24.59,24.5,OK,24.54,24.33,OK,0,0,,0,0,,11.75,OK,11.8,OK,11.87,OK,11.8,OK,11.8,OK,11.92,OK,11.9,OK,0,,0,,12.74,OK,12.84,OK,12.78,OK,12.8,OK,12.67,OK,12.57,OK,12.69,OK,0,,0,,,,81.65,OK,,,,81.77,OK,,,,157.88,OK,,,,157.97,OK,,,,37.82,OK,,,,37.41,OK,,,,,,,,,,,,,,,,,
2406150166D,ATKINSON 3.8 OCV,DM4P7,2024-06-15 03:13:36,18.99,24.96,OK,23.89,23.75,OK,24.73,24.61,OK,25.77,25.45,OK,26.4,26.17,OK,25.31,25.03,OK,25.63,25.45,OK,25.75,25.4,OK,0,0,,0,0,,12.59,OK,12.6,OK,12.58,OK,12.63,OK,12.63,OK,12.62,OK,12.58,OK,0,,0,,9.32,OK,9.79,OK,9.87,OK,10.03,OK,10.15,OK,9.84,OK,10.01,OK,0,,0,,,,82.72,OK,,,,83.05,OK,,,,157.71,OK,,,,157.29,OK,,,,37.36,OK,,,,37.43,OK,,,,,,,,,,,,,,,,,
2406150171D,ATKINSON 3.8 OCV,DM1P2,2024-06-15 03:14:35,18.992,25.1,OK,26.25,25.89,OK,27.26,27.19,OK,25.12,24.9,OK,26.81,26.74,OK,29.02,28.48,OK,24.99,24.97,OK,24.61,24.58,OK,0,0,,0,0,,11.34,OK,11.36,OK,11.42,OK,11.41,OK,11.44,OK,11.49,OK,11.46,OK,0,,0,,10.39,OK,10.66,OK,10.69,OK,10.62,OK,10.77,OK,10.73,OK,10.63,OK,0,,0,,,,81.84,OK,,,,82.71,OK,,,,157.32,OK,,,,157.16,OK,,,,37.47,OK,,,,37.38,OK,,,,,,,,,,,,,,,,,
2406150172D,ATKINSON 3.8 OCV,DM1P2,2024-06-15 03:15:27,18.99,25.33,OK,24.92,24.63,OK,26.41,26.29,OK,24.67,24.56,OK,25.82,25.75,OK,26.2,25.87,OK,25.53,25.3,OK,25.15,25.12,OK,0,0,,0,0,,11.33,OK,11.4,OK,11.44,OK,11.38,OK,11.46,OK,11.49,OK,11.49,OK,0,,0,,10.52,OK,10.71,OK,10.75,OK,10.62,OK,10.72,OK,10.76,OK,10.64,OK,0,,0,,,,82.07,OK,,,,82.79,OK,,,,157.07,OK,,,,157.25,OK,,,,37.32,OK,,,,37.43,OK,,,,,,,,,,,,,,,,,
2406150168D,ATKINSON 3.8 OCV,DM2P1,2024-06-15 03:16:25,18.99,25,OK,26.49,26.37,OK,24.63,24.58,OK,26.81,26.69,OK,26.73,26.73,OK,26.1,26.03,OK,26.18,26.13,OK,25.98,25.91,OK,0,0,,0,0,,10.82,OK,10.85,OK,10.85,OK,10.83,OK,10.83,OK,10.87,OK,10.84,OK,0,,0,,9.84,OK,9.97,OK,9.97,OK,9.89,OK,9.84,OK,9.97,OK,9.97,OK,0,,0,,,,81.9,OK,,,,82.3,OK,,,,157.86,OK,,,,158.16,OK,,,,37.8,OK,,,,37.99,OK,,,,,,,,,,,,,,,,,
2406150169D,ATKINSON 3.8 OCV,DM3P8,2024-06-15 03:17:20,18.988,24.76,OK,26.54,26.45,OK,24.13,23.99,OK,23.31,23.24,OK,24.89,24.71,OK,24.5,24.5,OK,25.31,25.15,OK,24.68,24.57,OK,0,0,,0,0,,11.76,OK,12.1,OK,11.87,OK,11.8,OK,11.84,OK,11.88,OK,11.95,OK,0,,0,,12.85,OK,12.84,OK,12.77,OK,12.8,OK,12.64,OK,12.58,OK,12.9,OK,0,,0,,,,81.93,OK,,,,81.45,OK,,,,158.08,OK,,,,157.73,OK,,,,37.48,OK,,,,38.22,OK,,,,,,,,,,,,,,,,,
2406150170D,ATKINSON 3.8 OCV,DM4P6,2024-06-15 03:18:16,18.992,25.27,OK,25.63,25.54,OK,23.55,23.55,OK,24.82,24.47,OK,24.78,24.29,OK,25.52,25.24,OK,24.54,24.4,OK,25.17,24.91,OK,0,0,,0,0,,12.58,OK,12.57,OK,12.59,OK,12.56,OK,12.71,OK,12.61,OK,12.63,OK,0,,0,,9.32,OK,9.8,OK,9.83,OK,10.08,OK,10.15,OK,10.25,OK,10.19,OK,0,,0,,,,82.66,OK,,,,82.72,OK,,,,157.43,OK,,,,156.94,OK,,,,37.68,OK,,,,37.96,OK,,,,,,,,,,,,,,,,,
2406150167D,ATKINSON 3.8 OCV,DM5P5,2024-06-15 03:19:14,18.983,25.43,OK,24.85,24.64,OK,24.69,24.6,OK,22.6,22.44,OK,23.3,23.23,OK,22.02,22,OK,23.37,23.37,OK,23.21,23.16,OK,0,0,,0,0,,2.25,OK,2.81,OK,2.92,OK,2.73,OK,2.75,OK,2.7,OK,2.76,OK,0,,0,,0.86,OK,0.81,OK,0.86,OK,0.81,OK,0.84,OK,0.83,OK,0.87,OK,0,,0,,,,82.93,OK,,,,81.45,OK,,,,158.23,OK,,,,158.5,OK,,,,38.59,OK,,,,38.55,OK,,,,,,,,,,,,,,,,,
2406150173D,ATKINSON 3.8 OCV,DM1P4,2024-06-15 03:20:13,18.995,26.42,OK,24.49,24.2,OK,23.46,23.41,OK,24,23.8,OK,23.71,23.57,OK,25.82,25.64,OK,23.75,23.75,OK,24.47,24.45,OK,0,0,,0,0,,11.35,OK,11.42,OK,11.27,OK,11.22,OK,11.72,OK,11.42,OK,11.83,OK,0,,0,,10.55,OK,10.66,OK,10.56,OK,10.66,OK,10.8,OK,10.76,OK,10.74,OK,0,,0,,,,81.76,OK,,,,81.92,OK,,,,157.44,OK,,,,157.5,OK,,,,37.32,OK,,,,37.65,OK,,,,,,,,,,,,,,,,,
2406150174D,ATKINSON 3.8 OCV,DM2P3,2024-06-15 03:21:08,18.998,25.72,OK,25.91,25.86,OK,24.58,24.51,OK,25.77,25.4,OK,26.37,26.25,OK,26.01,25.91,OK,26.03,25.94,OK,24.58,24.55,OK,0,0,,0,0,,11.06,OK,10.86,OK,10.76,OK,10.77,OK,10.86,OK,10.85,OK,10.83,OK,0,,0,,9.78,OK,9.75,OK,9.87,OK,9.89,OK,9.84,OK,9.9,OK,9.85,OK,0,,0,,,,82.52,OK,,,,82.23,OK,,,,158.07,OK,,,,158.35,OK,,,,37.9,OK,,,,38.12,OK,,,,,,,,,,,,,,,,,
2406150175D,ATKINSON 3.8 OCV,DM3P9,2024-06-15 03:22:06,18.996,26.77,OK,24.78,24.71,OK,24.2,24.01,OK,23.36,23.22,OK,23.92,23.87,OK,25.08,24.98,OK,25.17,25.08,OK,25.24,25.03,OK,0,0,,0,0,,11.81,OK,11.91,OK,11.97,OK,11.85,OK,11.85,OK,12.09,OK,11.92,OK,0,,0,,12.78,OK,12.83,OK,12.79,OK,12.98,OK,12.74,OK,12.8,OK,12.81,OK,0,,0,,,,81.92,OK,,,,81.81,OK,,,,158.16,OK,,,,158.16,OK,,,,38.3,OK,,,,37.77,OK,,,,,,,,,,,,,,,,,
2406150176D,ATKINSON 3.8 OCV,DM4P7,2024-06-15 03:23:05,18.99,24.15,OK,23.38,23.34,OK,23.55,23.34,OK,24.06,23.73,OK,24.87,24.43,OK,25.17,24.59,OK,26.35,26.26,OK,24.78,24.5,OK,0,0,,0,0,,12.6,OK,12.5,OK,12.72,OK,12.57,OK,12.57,OK,12.62,OK,12.63,OK,0,,0,,9.25,OK,9.76,OK,9.91,OK,9.96,OK,10.13,OK,10.12,OK,10.08,OK,0,,0,,,,82.13,OK,,,,82.72,OK,,,,158.13,OK,,,,157.43,OK,,,,37.6,OK,,,,38.07,OK,,,,,,,,,,,,,,,,,
2406150177D,ATKINSON 3.8 OCV,DM5P2,2024-06-15 03:24:00,18.987,24.7,OK,26.78,26.15,OK,24.39,24.37,OK,22.72,22.3,OK,22.79,22.77,OK,23.86,23.83,OK,23.74,23.72,OK,22.86,22.81,OK,0,0,,0,0,,2.3,OK,2.89,OK,2.73,OK,2.72,OK,2.78,OK,2.75,OK,2.69,OK,0,,0,,0.86,OK,0.83,OK,0.86,OK,0.86,OK,0.88,OK,0.87,OK,0.87,OK,0,,0,,,,81.99,OK,,,,82.47,OK,,,,158.11,OK,,,,157.53,OK,,,,37.71,OK,,,,37.4,OK,,,,,,,,,,,,,,,,,
2406150178D,ATKINSON 3.8 OCV,DM1P1,2024-06-15 03:24:59,18.996,25.53,OK,24.79,24.52,OK,24.09,24.07,OK,23.17,22.96,OK,24.83,24.72,OK,28.34,27.91,OK,24.76,24.52,OK,24.34,24.25,OK,0,0,,0,0,,11.28,OK,11.39,OK,11.49,OK,11.31,OK,11.28,OK,11.69,OK,11.41,OK,0,,0,,10.51,OK,10.71,OK,10.55,OK,10.42,OK,10.8,OK,10.67,OK,10.78,OK,0,,0,,,,82.1,OK,,,,82.67,OK,,,,157.13,OK,,,,157.7,OK,,,,37.44,OK,,,,37.68,OK,,,,,,,,,,,,,,,,,
2406150179D,ATKINSON 3.8 OCV,DM2P8,2024-06-15 03:25:57,18.994,25.32,OK,25.14,25.06,OK,24.82,24.75,OK,25.26,25.09,OK,24.51,24.46,OK,24.82,24.8,OK,24.34,24.24,OK,24.8,24.75,OK,0,0,,0,0,,10.73,OK,10.88,OK,10.83,OK,10.89,OK,10.85,OK,10.85,OK,10.86,OK,0,,0,,9.74,OK,9.85,OK,9.9,OK,9.87,OK,9.88,OK,9.93,OK,9.97,OK,0,,0,,,,81.49,OK,,,,81.3,OK,,,,158.36,OK,,,,158.52,OK,,,,37.96,OK,,,,38.35,OK,,,,,,,,,,,,,,,,,
2406150180D,ATKINSON 3.8 OCV,DM3P6,2024-06-15 03:26:52,18.984,25.28,OK,26.68,26.56,OK,24.98,24.64,OK,23.57,23.45,OK,24.36,24.17,OK,24.15,24.1,OK,24.52,24.38,OK,24.71,24.33,OK,0,0,,0,0,,11.65,OK,11.83,OK,11.84,OK,11.8,OK,12.14,OK,11.79,OK,11.93,OK,0,,0,,12.8,OK,12.81,OK,12.94,OK,12.76,OK,12.81,OK,12.77,OK,12.64,OK,0,,0,,,,82.55,OK,,,,82.14,OK,,,,157.76,OK,,,,157.19,OK,,,,38.24,OK,,,,38.52,OK,,,,,,,,,,,,,,,,,
2406150181D,ATKINSON 3.8 OCV,DM4P5,2024-06-15 03:27:51,18.996,26.16,OK,24.78,24.73,OK,25.08,25.08,OK,24.08,23.94,OK,24.36,24.22,OK,26.42,26.14,OK,24.06,23.87,OK,25.36,25.22,OK,0,0,,0,0,,12.45,OK,12.55,OK,12.6,OK,12.59,OK,12.61,OK,12.62,OK,12.61,OK,0,,0,,9.22,OK,9.68,OK,9.97,OK,9.75,OK,10.17,OK,10.1,OK,10.27,OK,0,,0,,,,81.55,OK,,,,81.45,OK,,,,158.44,OK,,,,158.22,OK,,,,38.22,OK,,,,38.31,OK,,,,,,,,,,,,,,,,,
2406150182D,ATKINSON 3.8 OCV,DM5P4,2024-06-15 03:28:49,18.996,26.16,OK,26.38,26.01,OK,24.64,24.39,OK,23.46,23.16,OK,24.18,23.93,OK,25.83,25.71,OK,24.06,23.95,OK,22.79,22.77,OK,0,0,,0,0,,2.29,OK,2.79,OK,2.72,OK,2.74,OK,2.81,OK,2.82,OK,2.73,OK,0,,0,,0.88,OK,0.86,OK,0.86,OK,0.84,OK,0.86,OK,0.85,OK,0.86,OK,0,,0,,,,81.94,OK,,,,82.03,OK,,,,158.12,OK,,,,157.36,OK,,,,37.9,OK,,,,37.07,OK,,,,,,,,,,,,,,,,,
2406150183D,ATKINSON 3.8 OCV,DM1P3,2024-06-15 03:29:48,18.995,25.42,OK,24.9,24.58,OK,25.84,25.78,OK,25.26,25.03,OK,25.39,25.26,OK,27.31,26.95,OK,24.61,24.52,OK,26.2,26.16,OK,0,0,,0,0,,11.34,OK,11.36,OK,11.79,OK,11.36,OK,11.41,OK,11.37,OK,11.35,OK,0,,0,,10.56,OK,10.45,OK,10.65,OK,10.52,OK,10.7,OK,10.66,OK,10.73,OK,0,,0,,,,82.71,OK,,,,82.52,OK,,,,157.21,OK,,,,157.27,OK,,,,37.3,OK,,,,37.32,OK,,,,,,,,,,,,,,,,,
2406150184D,ATKINSON 3.8 OCV,DM2P9,2024-06-15 03:30:43,18.994,24.52,OK,26.47,26.44,OK,24.12,24.09,OK,25.52,25.33,OK,24.34,24.29,OK,26.35,26.25,OK,24.72,24.63,OK,25.62,25.6,OK,0,0,,0,0,,10.81,OK,11.59,OK,11.51,OK,10.82,OK,11.31,OK,10.85,OK,10.86,OK,0,,0,,9.95,OK,9.96,OK,9.8,OK,10,OK,9.93,OK,9.99,OK,9.94,OK,0,,0,,,,82.53,OK,,,,82.52,OK,,,,157.81,OK,,,,157.98,OK,,,,37.88,OK,,,,37.5,OK,,,,,,,,,,,,,,,,,
2406150185D,ATKINSON 3.8 OCV,DM3P7,2024-06-15 03:31:42,18.991,26.2,OK,23.24,23.17,OK,24.59,24.01,OK,23.71,23.48,OK,24.66,24.57,OK,24.54,24.43,OK,25.38,25.26,OK,24.75,24.4,OK,0,0,,0,0,,11.82,OK,11.85,OK,11.73,OK,11.77,OK,11.82,OK,11.97,OK,11.89,OK,0,,0,,12.83,OK,12.84,OK,12.92,OK,12.93,OK,12.78,OK,12.85,OK,12.81,OK,0,,0,,,,82.92,OK,,,,82.74,OK,,,,157.78,OK,,,,157.23,OK,,,,37.66,OK,,,,37.78,OK,,,,,,,,,,,,,,,,,
2406150186D,ATKINSON 3.8 OCV,DM4P2,2024-06-15 03:32:37,18.983,25.62,OK,25.03,24.91,OK,24.33,24.29,OK,25.29,25.17,OK,24.59,24.36,OK,24.43,24.31,OK,24.57,24.43,OK,24.33,24.22,OK,0,0,,0,0,,12.43,OK,12.6,OK,12.61,OK,12.45,OK,12.46,OK,12.6,OK,12.6,OK,0,,0,,9.35,OK,9.69,OK,9.87,OK,9.9,OK,10.2,OK,10.14,OK,10.05,OK,0,,0,,,,82.24,OK,,,,82.19,OK,,,,157.43,OK,,,,157.39,OK,,,,37.45,OK,,,,37.5,OK,,,,,,,,,,,,,,,,,
2406150187D,ATKINSON 3.8 OCV,DM5P1,2024-06-15 03:33:35,18.982,25.6,OK,26.5,25.99,OK,24.3,24.2,OK,21.61,21.33,OK,21.77,21.7,OK,22.49,22.39,OK,22.44,22.39,OK,22.58,22.53,OK,0,0,,0,0,,2.42,OK,2.79,OK,2.8,OK,2.75,OK,2.73,OK,2.67,OK,2.71,OK,0,,0,,0.88,OK,0.88,OK,0.89,OK,0.88,OK,0.87,OK,0.89,OK,0.87,OK,0,,0,,,,83.21,OK,,,,83.25,OK,,,,157.22,OK,,,,157.2,OK,,,,37.36,OK,,,,36.78,OK,,,,,,,,,,,,,,,,,
2406150188D,ATKINSON 3.8 OCV,DM1P8,2024-06-15 03:34:31,18.992,25.86,OK,24.99,24.72,OK,23.84,23.84,OK,24.92,24.45,OK,23.64,23.62,OK,26.07,25.8,OK,24.79,24.58,OK,23.73,23.66,OK,0,0,,0,0,,11.44,OK,11.32,OK,11.31,OK,11.33,OK,11.41,OK,11.44,OK,11.4,OK,0,,0,,10.46,OK,10.66,OK,10.56,OK,10.53,OK,10.75,OK,10.65,OK,10.64,OK,0,,0,,,,82.86,OK,,,,82.22,OK,,,,157.13,OK,,,,157.01,OK,,,,36.9,OK,,,,37.22,OK,,,,,,,,,,,,,,,,,
2406150189D,ATKINSON 3.8 OCV,DM2P6,2024-06-15 03:35:26,18.992,26.26,OK,27.36,27.34,OK,25.86,25.79,OK,25.23,25.04,OK,26.95,26.88,OK,25.45,25.45,OK,25.81,25.77,OK,27.15,27.07,OK,0,0,,0,0,,10.8,OK,11.56,OK,11.41,OK,10.95,OK,10.95,OK,10.86,OK,10.85,OK,0,,0,,9.91,OK,10,OK,10.17,OK,10.03,OK,9.95,OK,10,OK,10.01,OK,0,,0,,,,82.96,OK,,,,83.16,OK,,,,157.33,OK,,,,157.42,OK,,,,37.51,OK,,,,37.91,OK,,,,,,,,,,,,,,,,,
2406150190D,ATKINSON 3.8 OCV,DM3P5,2024-06-15 03:36:24,18.991,26.35,OK,27.88,27.84,OK,25.26,24.96,OK,22.8,22.62,OK,25.17,25.08,OK,24.89,24.84,OK,25.56,25.49,OK,24.57,24.22,OK,0,0,,0,0,,11.79,OK,11.81,OK,11.97,OK,11.82,OK,11.8,OK,11.98,OK,11.8,OK,0,,0,,12.82,OK,12.83,OK,12.77,OK,12.9,OK,12.76,OK,12.81,OK,12.79,OK,0,,0,,,,82.55,OK,,,,81.84,OK,,,,157.56,OK,,,,157.29,OK,,,,37.97,OK,,,,37.8,OK,,,,,,,,,,,,,,,,,
2406150191D,ATKINSON 3.8 OCV,DM4P4,2024-06-15 03:37:23,18.984,26.37,OK,23.43,23.31,OK,24.06,23.99,OK,24.33,23.75,OK,24.8,24.26,OK,24.31,24.03,OK,26.56,26.35,OK,24.89,24.38,OK,0,0,,0,0,,12.55,OK,12.45,OK,12.6,OK,12.44,OK,12.45,OK,12.63,OK,12.65,OK,0,,0,,9.17,OK,9.69,OK,9.95,OK,10.01,OK,10.32,OK,10.15,OK,10,OK,0,,0,,,,81.96,OK,,,,82.45,OK,,,,157.64,OK,,,,157.42,OK,,,,37.22,OK,,,,37.44,OK,,,,,,,,,,,,,,,,,
2406150192D,ATKINSON 3.8 OCV,DM5P3,2024-06-15 03:38:21,18.998,26.23,OK,24.37,24.34,OK,24.88,24.44,OK,23.02,22.56,OK,23.79,23.62,OK,24.09,23.97,OK,23.86,23.76,OK,23.93,23.9,OK,0,0,,0,0,,2.33,OK,2.78,OK,2.77,OK,2.75,OK,2.86,OK,2.81,OK,2.68,OK,0,,0,,0.89,OK,0.84,OK,0.86,OK,0.84,OK,0.88,OK,0.85,OK,0.84,OK,0,,0,,,,83.35,OK,,,,82.07,OK,,,,157.82,OK,,,,158.13,OK,,,,37.97,OK,,,,37.95,OK,,,,,,,,,,,,,,,,,
2406150193D,ATKINSON 3.8 OCV,DM1P9,2024-06-15 03:39:17,18.985,26.91,OK,24.92,24.56,OK,23.91,23.82,OK,23.28,23.1,OK,24.45,24.43,OK,27.19,26.79,OK,24.49,24.4,OK,23.68,23.64,OK,0,0,,0,0,,11.39,OK,11.4,OK,11.74,OK,11.31,OK,11.38,OK,11.39,OK,11.34,OK,0,,0,,10.47,OK,10.2,OK,10.26,OK,10.42,OK,10.57,OK,10.51,OK,10.35,OK,0,,0,,,,81.86,OK,,,,82.36,OK,,,,157.43,OK,,,,157.75,OK,,,,37.75,OK,,,,37.23,OK,,,,,,,,,,,,,,,,,
2406150194D,ATKINSON 3.8 OCV,DM2P7,2024-06-15 03:40:15,18.997,26.12,OK,24.72,24.68,OK,23.85,23.73,OK,25.14,24.65,OK,25.81,25.79,OK,25.98,25.91,OK,25.33,25.33,OK,25.5,25.47,OK,0,0,,0,0,,10.81,OK,10.82,OK,11.49,OK,10.98,OK,10.9,OK,10.86,OK,10.85,OK,0,,0,,9.81,OK,9.87,OK,9.79,OK,9.85,OK,9.78,OK,9.9,OK,9.84,OK,0,,0,,,,82.78,OK,,,,83.01,OK,,,,157.93,OK,,,,157.6,OK,,,,37.31,OK,,,,37.25,OK,,,,,,,,,,,,,,,,,
2406150195D,ATKINSON 3.8 OCV,DM3P2,2024-06-15 03:41:10,18.996,24.42,OK,25.29,25.19,OK,25.38,25.03,OK,23.75,23.68,OK,23.71,23.62,OK,24.61,24.52,OK,25.77,25.7,OK,25.36,25.19,OK,0,0,,0,0,,11.79,OK,11.88,OK,11.96,OK,11.78,OK,11.82,OK,11.98,OK,11.77,OK,0,,0,,12.83,OK,12.86,OK,12.75,OK,12.91,OK,12.75,OK,12.83,OK,12.8,OK,0,,0,,,,82.4,OK,,,,82.68,OK,,,,156.81,OK,,,,157.3,OK,,,,37.51,OK,,,,37.44,OK,,,,,,,,,,,,,,,,,
2406150196D,ATKINSON 3.8 OCV,DM4P1,2024-06-15 03:42:06,18.996,24.42,OK,26.84,26.77,OK,24.59,24.47,OK,25.19,24.68,OK,25.17,24.78,OK,26.49,26.12,OK,24.54,24.22,OK,23.92,23.85,OK,0,0,,0,0,,12.54,OK,12.49,OK,12.61,OK,12.44,OK,12.46,OK,12.62,OK,12.63,OK,0,,0,,9.43,OK,9.77,OK,9.8,OK,9.93,OK,10.05,OK,10.07,OK,10.1,OK,0,,0,,,,81.93,OK,,,,82.22,OK,,,,157.43,OK,,,,157.57,OK,,,,37.68,OK,,,,37.69,OK,,,,,,,,,,,,,,,,,
2406150197D,ATKINSON 3.8 OCV,DM5P8,2024-06-15 03:43:04,18.995,25.81,OK,28.19,27.87,OK,25.57,25.41,OK,24.18,23.95,OK,23.62,23.6,OK,24.25,24.25,OK,23.51,23.44,OK,22.32,22.32,OK,0,0,,0,0,,2.33,OK,2.88,OK,2.72,OK,2.81,OK,2.75,OK,2.68,OK,2.7,OK,0,,0,,0.87,OK,0.86,OK,0.9,OK,0.89,OK,0.91,OK,0.88,OK,0.87,OK,0,,0,,,,82.08,OK,,,,81.71,OK,,,,157.4,OK,,,,157.57,OK,,,,37.04,OK,,,,38.03,OK,,,,,,,,,,,,,,,,,
2406150198D,ATKINSON 3.8 OCV,DM1P6,2024-06-15 03:43:59,18.994,26.27,OK,25.28,24.85,OK,23.53,23.48,OK,22.67,22.45,OK,24.13,24.07,OK,27.44,27.1,OK,23.05,22.92,OK,23.98,23.95,OK,0,0,,0,0,,11.37,OK,11.39,OK,11.28,OK,11.36,OK,11.39,OK,11.71,OK,11.47,OK,0,,0,,10.54,OK,10.56,OK,10.68,OK,10.27,OK,10.89,OK,10.64,OK,10.6,OK,0,,0,,,,83.08,OK,,,,83.25,OK,,,,156.38,OK,,,,156.3,OK,,,,37.09,OK,,,,37.39,OK,,,,,,,,,,,,,,,,,
2406150199D,ATKINSON 3.8 OCV,DM2P5,2024-06-15 03:44:55,18.984,25.21,OK,25.28,25.18,OK,24.24,24.14,OK,25.55,25.38,OK,24.65,24.58,OK,27.19,27.15,OK,24.85,24.77,OK,25.28,25.21,OK,0,0,,0,0,,10.83,OK,10.84,OK,10.81,OK,10.8,OK,10.92,OK,10.85,OK,10.83,OK,0,,0,,9.79,OK,9.99,OK,9.79,OK,9.68,OK,9.94,OK,9.94,OK,9.93,OK,0,,0,,,,82.71,OK,,,,82.26,OK,,,,157.7,OK,,,,157.8,OK,,,,37.86,OK,,,,37.66,OK,,,,,,,,,,,,,,,,,
2406150200D,ATKINSON 3.8 OCV,DM3P4,2024-06-15 03:45:50,18.999,25.98,OK,26.38,26.28,OK,25.84,25.4,OK,24.47,24.31,OK,23.99,23.92,OK,26.93,26.82,OK,26.38,26.33,OK,25.31,24.91,OK,0,0,,0,0,,11.8,OK,11.87,OK,11.89,OK,11.79,OK,11.8,OK,11.75,OK,11.83,OK,0,,0,,12.84,OK,12.85,OK,12.63,OK,12.92,OK,12.78,OK,12.79,OK,12.78,OK,0,,0,,,,81.96,OK,,,,82.3,OK,,,,157.09,OK,,,,157.32,OK,,,,37.17,OK,,,,37.43,OK,,,,,,,,,,,,,,,,,
2406150201D,ATKINSON 3.8 OCV,DM4P3,2024-06-15 03:46:48,18.996,24.96,OK,24.24,24.17,OK,25.94,25.7,OK,26.38,25.59,OK,26.21,25.4,OK,24.96,24.36,OK,25.19,24.87,OK,24.87,24.52,OK,0,0,,0,0,,12.55,OK,12.43,OK,12.42,OK,12.46,OK,12.66,OK,12.6,OK,12.61,OK,0,,0,,8.98,OK,9.72,OK,9.79,OK,10.02,OK,10.08,OK,10.11,OK,9.9,OK,0,,0,,,,82.97,OK,,,,82.58,OK,,,,157.48,OK,,,,157.49,OK,,,,37.25,OK,,,,37.61,OK,,,,,,,,,,,,,,,,,
2406150202D,ATKINSON 3.8 OCV,DM5P9,2024-06-15 03:47:47,18.989,26.25,OK,26.96,26.71,OK,25.34,25.22,OK,22.79,22.49,OK,24.06,24.02,OK,23.55,23.44,OK,24.32,24.25,OK,22.37,22.3,OK,0,0,,0,0,,2.29,OK,2.86,OK,2.74,OK,2.8,OK,2.72,OK,2.72,OK,2.7,OK,0,,0,,0.88,OK,0.86,OK,0.88,OK,0.86,OK,0.86,OK,0.89,OK,0.85,OK,0,,0,,,,82.85,OK,,,,82.16,OK,,,,157.96,OK,,,,157.97,OK,,,,38.18,OK,,,,37.46,OK,,,,,,,,,,,,,,,,,
2406150203D,ATKINSON 3.8 OCV,DM1P7,2024-06-15 03:48:42,18.984,26.67,OK,24.38,23.98,OK,24.36,24.27,OK,24.07,23.82,OK,24.29,24.18,OK,25.78,25.12,OK,23.08,22.94,OK,24.18,24.13,OK,0,0,,0,0,,11.41,OK,11.31,OK,11.77,OK,11.34,OK,11.33,OK,11.32,OK,11.3,OK,0,,0,,10.53,OK,10.32,OK,10.59,OK,10.52,OK,10.68,OK,10.66,OK,10.69,OK,0,,0,,,,82.41,OK,,,,82.86,OK,,,,157.69,OK,,,,158.31,OK,,,,37.38,OK,,,,37.52,OK,,,,,,,,,,,,,,,,,
2406150204D,ATKINSON 3.8 OCV,DM2P2,2024-06-15 03:49:37,18.987,26.02,OK,26.4,26.3,OK,23.56,23.42,OK,25.86,25.64,OK,26.64,26.56,OK,25.23,25.21,OK,24.94,24.85,OK,25.81,25.79,OK,0,0,,0,0,,10.81,OK,11.6,OK,11.44,OK,11.29,OK,11.15,OK,10.88,OK,10.85,OK,0,,0,,9.88,OK,9.88,OK,9.9,OK,9.94,OK,9.86,OK,9.86,OK,9.84,OK,0,,0,,,,82.05,OK,,,,82.11,OK,,,,157.69,OK,,,,158.08,OK,,,,38.11,OK,,,,37.84,OK,,,,,,,,,,,,,,,,,
2406150205D,ATKINSON 3.8 OCV,DM3P1,2024-06-15 03:50:33,18.984,26.43,OK,28.23,28.21,OK,24.78,24.52,OK,23.85,23.5,OK,24.87,24.68,OK,25.68,25.61,OK,25.24,25.19,OK,24.71,24.24,OK,0,0,,0,0,,11.73,OK,11.79,OK,11.79,OK,11.78,OK,11.82,OK,12.13,OK,11.91,OK,0,,0,,12.83,OK,12.81,OK,12.93,OK,12.74,OK,12.89,OK,12.82,OK,12.81,OK,0,,0,,,,82.29,OK,,,,82.45,OK,,,,157,OK,,,,157.69,OK,,,,37.38,OK,,,,37.58,OK,,,,,,,,,,,,,,,,,
2406150206D,ATKINSON 3.8 OCV,DM4P8,2024-06-15 03:51:31,18.994,26.6,OK,26.4,26.33,OK,23.75,23.68,OK,25.1,24.78,OK,26.1,25.8,OK,25.31,24.98,OK,24.24,24.13,OK,23.99,23.92,OK,0,0,,0,0,,12.44,OK,12.53,OK,12.46,OK,12.6,OK,12.48,OK,12.61,OK,12.63,OK,0,,0,,9.41,OK,9.67,OK,9.67,OK,9.98,OK,10.1,OK,10.08,OK,10.4,OK,0,,0,,,,81.77,OK,,,,82.32,OK,,,,157.75,OK,,,,157.51,OK,,,,37.17,OK,,,,37.75,OK,,,,,,,,,,,,,,,,,
2406150207D,ATKINSON 3.8 OCV,DM5P6,2024-06-15 03:52:26,18.996,24.53,OK,23.65,23.35,OK,25.04,24.97,OK,22.35,21.95,OK,23.69,23.69,OK,22.42,22.35,OK,23.16,23.11,OK,22.86,22.84,OK,0,0,,0,0,,2.31,OK,2.74,OK,2.75,OK,2.67,OK,2.7,OK,2.69,OK,2.67,OK,0,,0,,0.86,OK,0.86,OK,0.85,OK,0.88,OK,0.89,OK,0.89,OK,0.88,OK,0,,0,,,,83.3,OK,,,,83.64,OK,,,,157.23,OK,,,,156.82,OK,,,,37.47,OK,,,,37.06,OK,,,,,,,,,,,,,,,,,
2406150208D,ATKINSON 3.8 OCV,DM1P5,2024-06-15 03:53:22,18.99,25.88,OK,25.39,25.1,OK,23.75,23.68,OK,23.21,23.05,OK,24.18,24.07,OK,25.89,25.64,OK,24.74,24.61,OK,24.31,24.27,OK,0,0,,0,0,,11.44,OK,11.36,OK,11.2,OK,11.26,OK,11.38,OK,11.61,OK,11.49,OK,0,,0,,10.56,OK,10.46,OK,10.67,OK,10.37,OK,10.65,OK,10.31,OK,10.69,OK,0,,0,,,,82.28,OK,,,,82.09,OK,,,,157.23,OK,,,,158.08,OK,,,,37.07,OK,,,,37.28,OK,,,,,,,,,,,,,,,,,
2406150209D,ATKINSON 3.8 OCV,DM2P4,2024-06-15 03:54:17,18.988,26.15,OK,27.44,27.39,OK,25.33,25.26,OK,26.01,25.89,OK,27.29,27.27,OK,26.54,26.52,OK,26.42,26.4,OK,27.95,27.92,OK,0,0,,0,0,,10.85,OK,10.99,OK,10.83,OK,10.78,OK,10.83,OK,10.85,OK,10.84,OK,0,,0,,9.81,OK,9.94,OK,9.77,OK,9.84,OK,9.89,OK,9.89,OK,9.91,OK,0,,0,,,,82.03,OK,,,,82.42,OK,,,,157.92,OK,,,,158.15,OK,,,,37.82,OK,,,,37.96,OK,,,,,,,,,,,,,,,,,
2406150210D,ATKINSON 3.8 OCV,DM3P3,2024-06-15 03:55:15,18.99,26.18,OK,25.82,25.75,OK,24.26,23.64,OK,22.87,22.66,OK,23.85,23.41,OK,23.8,23.59,OK,24.8,24.29,OK,24.84,24.43,OK,0,0,,0,0,,11.47,OK,11.96,OK,11.93,OK,11.79,OK,11.83,OK,11.91,OK,11.68,OK,0,,0,,12.82,OK,12.83,OK,12.83,OK,12.77,OK,12.78,OK,12.8,OK,12.78,OK,0,,0,,,,82.89,OK,,,,82.26,OK,,,,157.51,OK,,,,157.68,OK,,,,37.16,OK,,,,37.46,OK,,,,,,,,,,,,,,,,,
2406150211D,ATKINSON 3.8 OCV,DM4P9,2024-06-15 03:56:11,18.983,25.46,OK,24.47,24.45,OK,25.33,25.26,OK,24.96,24.82,OK,25.8,25.7,OK,26.31,25.98,OK,25.03,24.89,OK,26.03,25.91,OK,0,0,,0,0,,12.54,OK,12.44,OK,12.45,OK,12.45,OK,12.45,OK,12.59,OK,12.63,OK,0,,0,,9.12,OK,9.88,OK,9.92,OK,9.91,OK,10.15,OK,10.18,OK,10.25,OK,0,,0,,,,81.87,OK,,,,81.97,OK,,,,158.28,OK,,,,158.11,OK,,,,38.37,OK,,,,37.85,OK,,,,,,,,,,,,,,,,,
2406150212D,ATKINSON 3.8 OCV,DM5P7,2024-06-15 03:57:09,18.984,25.43,OK,24.76,24.67,OK,24.81,24.69,OK,23.44,23.16,OK,24.44,24.44,OK,24.39,24.37,OK,24.06,23.95,OK,23.86,23.79,OK,0,0,,0,0,,2.38,OK,2.77,OK,2.79,OK,2.76,OK,2.72,OK,2.72,OK,2.78,OK,0,,0,,0.88,OK,0.86,OK,0.84,OK,0.88,OK,0.88,OK,0.88,OK,0.89,OK,0,,0,,,,82.82,OK,,,,83.08,OK,,,,157.78,OK,,,,158.1,OK,,,,37.98,OK,,,,37.27,OK,,,,,,,,,,,,,,,,,
2406150213D,ATKINSON 3.8 OCV,DM1P2,2024-06-15 03:58:08,18.992,26.77,OK,25.15,24.97,OK,23.93,23.84,OK,23.19,22.96,OK,23.77,23.71,OK,25.37,25.26,OK,25.19,25.15,OK,23.05,23.03,OK,0,0,,0,0,,11.36,OK,11.36,OK,11.34,OK,11.3,OK,11.43,OK,11.44,OK,11.4,OK,0,,0,,10.42,OK,10.51,OK,10.71,OK,10.49,OK,10.66,OK,10.65,OK,10.69,OK,0,,0,,,,81.85,OK,,,,82.42,OK,,,,157.05,OK,,,,157.22,OK,,,,37.22,OK,,,,37.12,OK,,,,,,,,,,,,,,,,,
2406150214D,ATKINSON 3.8 OCV,DM2P1,2024-06-15 03:59:03,18.988,26.92,OK,27.78,27.7,OK,25.79,25.64,OK,26.18,26.01,OK,25.6,25.57,OK,24.92,24.89,OK,26.01,25.94,OK,25.74,25.67,OK,0,0,,0,0,,10.74,OK,10.77,OK,10.85,OK,10.95,OK,11.12,OK,10.85,OK,10.86,OK,0,,0,,9.84,OK,9.98,OK,10.14,OK,9.91,OK,9.91,OK,9.91,OK,9.93,OK,0,,0,,,,82.66,OK,,,,82.83,OK,,,,157.51,OK,,,,158.12,OK,,,,37.41,OK,,,,37.47,OK,,,,,,,,,,,,,,,,,
2406150215D,ATKINSON 3.8 OCV,DM3P8,2024-06-15 03:59:58,18.989,26.42,OK,25.38,25.26,OK,25.01,24.82,OK,23.01,22.92,OK,21.06,20.97,OK,24.15,24.08,OK,24.59,24.5,OK,24.98,24.94,OK,0,0,,0,0,,11.63,OK,11.81,OK,11.94,OK,11.79,OK,11.81,OK,12.29,OK,11.78,OK,0,,0,,12.82,OK,12.84,OK,12.87,OK,12.77,OK,12.84,OK,12.83,OK,12.8,OK,0,,0,,,,81.51,OK,,,,81.55,OK,,,,158.32,OK,,,,158,OK,,,,37.72,OK,,,,38.24,OK,,,,,,,,,,,,,,,,,
2406150216D,ATKINSON 3.8 OCV,DM4P6,2024-06-15 04:00:57,18.988,25.03,OK,23.99,23.85,OK,24.87,24.75,OK,25.31,25.12,OK,25.8,25.31,OK,27,26.47,OK,24.38,23.89,OK,25.84,25.61,OK,0,0,,0,0,,12.59,OK,12.46,OK,12.42,OK,12.46,OK,12.45,OK,12.57,OK,12.61,OK,0,,0,,9.14,OK,9.7,OK,9.94,OK,9.93,OK,10.08,OK,10.08,OK,10.2,OK,0,,0,,,,83.18,OK,,,,83.2,OK,,,,157.21,OK,,,,156.95,OK,,,,37.34,OK,,,,37.83,OK,,,,,,,,,,,,,,,,,
2406150217D,ATKINSON 3.8 OCV,DM5P5,2024-06-15 04:01:55,18.984,25.06,OK,22.6,22.53,OK,27.52,27.48,OK,24.32,24.11,OK,24.81,24.76,OK,24.06,24,OK,25.27,25.18,OK,23.18,23.14,OK,0,0,,0,0,,2.29,OK,2.87,OK,2.7,OK,2.81,OK,2.76,OK,2.72,OK,2.7,OK,0,,0,,0.86,OK,0.88,OK,0.87,OK,0.84,OK,0.87,OK,0.86,OK,0.86,OK,0,,0,,,,82.04,OK,,,,81.72,OK,,,,157.97,OK,,,,158.17,OK,,,,37.47,OK,,,,37.39,OK,,,,,,,,,,,,,,,,,
2406150218D,ATKINSON 3.8 OCV,DM1P4,2024-06-15 04:02:50,18.992,25.73,OK,23.01,22.76,OK,24.07,24,OK,24.11,23.8,OK,26.81,26.68,OK,26.9,26.77,OK,24.61,24.49,OK,25.98,25.89,OK,0,0,,0,0,,11.4,OK,11.36,OK,11.29,OK,11.34,OK,11.4,OK,11.35,OK,11.33,OK,0,,0,,10.47,OK,10.65,OK,10.7,OK,10.71,OK,10.62,OK,10.6,OK,10.7,OK,0,,0,,,,82.02,OK,,,,82.47,OK,,,,157.27,OK,,,,157.58,OK,,,,36.64,OK,,,,37.23,OK,,,,,,,,,,,,,,,,,
2406150219D,ATKINSON 3.8 OCV,DM2P3,2024-06-15 04:03:46,18.998,26.31,OK,26.42,26.35,OK,24.09,24,OK,25.96,25.77,OK,26.93,26.86,OK,25.16,25.11,OK,25.89,25.86,OK,25.6,25.55,OK,0,0,,0,0,,10.86,OK,11.06,OK,11.1,OK,10.92,OK,10.94,OK,10.87,OK,10.87,OK,0,,0,,9.86,OK,10.02,OK,10.01,OK,9.98,OK,9.86,OK,9.97,OK,9.87,OK,0,,0,,,,82.87,OK,,,,82.56,OK,,,,157.93,OK,,,,157.9,OK,,,,37.76,OK,,,,37.91,OK,,,,,,,,,,,,,,,,,
2406150220D,ATKINSON 3.8 OCV,DM3P9,2024-06-15 04:04:44,18.996,27.16,OK,25.66,25.47,OK,26.05,25.75,OK,22.27,22.15,OK,22.29,22.11,OK,25.17,25.03,OK,24.57,24.43,OK,24.24,24.17,OK,0,0,,0,0,,11.72,OK,11.79,OK,11.89,OK,11.61,OK,12.11,OK,11.55,OK,11.86,OK,0,,0,,12.81,OK,12.86,OK,12.74,OK,12.78,OK,12.77,OK,12.82,OK,12.8,OK,0,,0,,,,82.14,OK,,,,82.13,OK,,,,158.07,OK,,,,158.09,OK,,,,38.2,OK,,,,37.94,OK,,,,,,,,,,,,,,,,,
2406150221D,ATKINSON 3.8 OCV,DM4P7,2024-06-15 04:05:39,18.99,26.23,OK,26.07,26.05,OK,23.96,23.89,OK,24.59,24.29,OK,25.08,24.66,OK,24.54,24.08,OK,24.98,24.68,OK,25.1,24.66,OK,0,0,,0,0,,12.57,OK,12.45,OK,12.66,OK,12.46,OK,12.7,OK,12.6,OK,12.6,OK,0,,0,,8.95,OK,9.67,OK,9.89,OK,10.06,OK,10.1,OK,10.02,OK,10.07,OK,0,,0,,,,82.33,OK,,,,82.54,OK,,,,158.19,OK,,,,157.53,OK,,,,37.45,OK,,,,37.84,OK,,,,,,,,,,,,,,,,,
2406150223D,ATKINSON 3.8 OCV,DM1P1,2024-06-15 04:06:35,18.999,24.86,OK,22.56,22.27,OK,23.26,23.17,OK,24.76,24.54,OK,24.2,24.09,OK,25.55,25.39,OK,23.86,23.8,OK,24.29,24.25,OK,0,0,,0,0,,11.37,OK,11.23,OK,11.36,OK,11.33,OK,11.37,OK,11.75,OK,11.46,OK,0,,0,,10.49,OK,10.58,OK,10.5,OK,10.47,OK,10.55,OK,10.66,OK,10.66,OK,0,,0,,,,82.38,OK,,,,82.42,OK,,,,156.92,OK,,,,157.4,OK,,,,37.09,OK,,,,37.46,OK,,,,,,,,,,,,,,,,,
2406150222D,ATKINSON 3.8 OCV,DM5P2,2024-06-15 04:07:30,18.996,25.62,OK,25.85,25.64,OK,24.99,24.83,OK,22.97,22.63,OK,22.26,22.19,OK,24.02,23.9,OK,22.67,22.67,OK,23.37,23.32,OK,0,0,,0,0,,2.33,OK,2.75,OK,2.72,OK,2.69,OK,2.7,OK,2.71,OK,2.74,OK,0,,0,,0.87,OK,0.87,OK,0.86,OK,0.87,OK,0.89,OK,0.87,OK,0.87,OK,0,,0,,,,82.73,OK,,,,81.98,OK,,,,157.15,OK,,,,157.81,OK,,,,38.15,OK,,,,37.02,OK,,,,,,,,,,,,,,,,,
2406150224D,ATKINSON 3.8 OCV,DM2P8,2024-06-15 04:08:25,18.999,25.35,OK,24.87,24.8,OK,24.53,24.48,OK,25.28,25.14,OK,24.8,24.75,OK,25.55,25.52,OK,23.97,23.92,OK,25.84,25.79,OK,0,0,,0,0,,10.87,OK,11.54,OK,11.47,OK,10.82,OK,10.82,OK,10.86,OK,10.88,OK,0,,0,,9.84,OK,9.98,OK,9.98,OK,9.89,OK,9.9,OK,9.98,OK,9.97,OK,0,,0,,,,81.58,OK,,,,81.9,OK,,,,158.19,OK,,,,158.38,OK,,,,37.8,OK,,,,38.25,OK,,,,,,,,,,,,,,,,,
2406150225D,ATKINSON 3.8 OCV,DM3P6,2024-06-15 04:09:20,18.988,24.85,OK,22.39,22.27,OK,23.94,23.57,OK,25.94,25.84,OK,23.52,23.52,OK,24.22,24.15,OK,24.13,23.89,OK,24.54,24.5,OK,0,0,,0,0,,11.76,OK,11.79,OK,11.78,OK,11.77,OK,11.8,OK,11.93,OK,11.76,OK,0,,0,,12.84,OK,12.82,OK,12.84,OK,12.75,OK,12.62,OK,12.68,OK,12.8,OK,0,,0,,,,82.64,OK,,,,82.79,OK,,,,157.41,OK,,,,157.27,OK,,,,37.48,OK,,,,37.83,OK,,,,,,,,,,,,,,,,,
2406150226D,ATKINSON 3.8 OCV,DM4P5,2024-06-15 04:10:19,18.996,26.22,OK,23.29,23.22,OK,24.75,24.66,OK,24.1,23.96,OK,24.64,24.43,OK,24.52,24.17,OK,24.52,24.36,OK,25.38,25.24,OK,0,0,,0,0,,12.44,OK,12.58,OK,12.42,OK,12.44,OK,12.45,OK,12.58,OK,12.62,OK,0,,0,,9.15,OK,9.71,OK,9.85,OK,9.91,OK,10.03,OK,10.11,OK,10.2,OK,0,,0,,,,81.74,OK,,,,81.51,OK,,,,158.11,OK,,,,158.1,OK,,,,38.05,OK,,,,37.97,OK,,,,,,,,,,,,,,,,,
2406150227D,ATKINSON 3.8 OCV,DM1P3,2024-06-15 04:11:14,18.984,25.27,OK,24.02,23.8,OK,24.58,24.54,OK,23.05,22.72,OK,25.46,25.24,OK,26.38,25.91,OK,24.49,24.38,OK,24.81,24.74,OK,0,0,,0,0,,11.39,OK,11.26,OK,11.39,OK,11.31,OK,11.49,OK,11.33,OK,11.35,OK,0,,0,,10.54,OK,10.64,OK,10.63,OK,10.55,OK,10.71,OK,10.67,OK,10.75,OK,0,,0,,,,82.73,OK,,,,82.58,OK,,,,157.63,OK,,,,157.6,OK,,,,37.45,OK,,,,37.75,OK,,,,,,,,,,,,,,,,,
2406150228D,ATKINSON 3.8 OCV,DM5P4,2024-06-15 04:12:13,18.995,26.11,OK,25.57,25.39,OK,24.67,24.55,OK,22.67,22.32,OK,22.81,22.77,OK,23.18,23.14,OK,21.74,21.68,OK,22.6,22.58,OK,0,0,,0,0,,2.33,OK,2.77,OK,2.74,OK,2.74,OK,2.73,OK,2.75,OK,2.82,OK,0,,0,,0.91,OK,0.87,OK,0.87,OK,0.87,OK,0.87,OK,2.5,OK,0.88,OK,0,,0,,,,81.35,OK,,,,82.16,OK,,,,158.47,OK,,,,158.38,OK,,,,38.22,OK,,,,37.63,OK,,,,,,,,,,,,,,,,,
2406150229D,ATKINSON 3.8 OCV,DM2P9,2024-06-15 04:13:08,18.996,25.95,OK,26.49,26.42,OK,24.77,24.65,OK,25.21,24.99,OK,25.06,25.06,OK,25.23,25.14,OK,24.97,24.89,OK,24.38,24.34,OK,0,0,,0,0,,10.9,OK,11.2,OK,11.13,OK,10.86,OK,10.86,OK,10.85,OK,10.86,OK,0,,0,,9.85,OK,9.95,OK,9.97,OK,9.83,OK,9.96,OK,10.02,OK,9.97,OK,0,,0,,,,81.97,OK,,,,82.1,OK,,,,158.13,OK,,,,158.1,OK,,,,38.46,OK,,,,38.26,OK,,,,,,,,,,,,,,,,,
2406150230D,ATKINSON 3.8 OCV,DM3P7,2024-06-15 04:14:06,18.986,25.87,OK,28.35,28.23,OK,25.08,24.66,OK,22.83,22.62,OK,24.1,23.78,OK,26.24,26.19,OK,24.31,24.26,OK,26.86,26.7,OK,0,0,,0,0,,11.24,OK,11.8,OK,11.82,OK,11.77,OK,11.78,OK,12.12,OK,11.94,OK,0,,0,,12.78,OK,12.82,OK,12.78,OK,12.76,OK,12.89,OK,12.75,OK,12.84,OK,0,,0,,,,82.73,OK,,,,82.58,OK,,,,157.75,OK,,,,157.7,OK,,,,38.21,OK,,,,38.1,OK,,,,,,,,,,,,,,,,,
2406150231D,ATKINSON 3.8 OCV,DM4P2,2024-06-15 04:15:02,18.988,25.78,OK,25.4,25.38,OK,23.92,23.85,OK,24.91,24.78,OK,24.43,24.31,OK,25.26,25.03,OK,24.47,24.31,OK,24.66,24.57,OK,0,0,,0,0,,12.44,OK,12.44,OK,12.43,OK,12.62,OK,12.48,OK,12.6,OK,12.61,OK,0,,0,,9.38,OK,9.65,OK,9.73,OK,9.88,OK,10.12,OK,10.12,OK,10.04,OK,0,,0,,,,81.73,OK,,,,81.87,OK,,,,157.99,OK,,,,157.78,OK,,,,38.13,OK,,,,37.99,OK,,,,,,,,,,,,,,,,,
2406150232D,ATKINSON 3.8 OCV,DM1P1,2024-06-15 04:15:57,18.997,24.63,OK,24.36,24.07,OK,24.2,24.13,OK,23.01,22.45,OK,25.37,25.26,OK,27.13,26.7,OK,24.36,24.25,OK,23.14,23.1,OK,0,0,,0,0,,11.21,OK,11.23,OK,11.28,OK,11.31,OK,11.34,OK,11.32,OK,11.37,OK,0,,0,,10.58,OK,10.73,OK,10.7,OK,10.62,OK,10.63,OK,10.56,OK,10.69,OK,0,,0,,,,82.41,OK,,,,82.7,OK,,,,157.24,OK,,,,157.77,OK,,,,37.4,OK,,,,37.3,OK,,,,,,,,,,,,,,,,,
2406150233D,ATKINSON 3.8 OCV,DM5P8,2024-06-15 04:16:55,18.987,27,OK,25.13,25.04,OK,26.01,25.92,OK,23.09,22.79,OK,22.88,22.81,OK,23.9,23.86,OK,23.11,23.04,OK,22.19,22.14,OK,0,0,,0,0,,2.26,OK,2.88,OK,2.69,OK,2.83,OK,2.74,OK,2.7,OK,2.72,OK,0,,0,,0.85,OK,0.9,OK,0.85,OK,0.84,OK,0.84,OK,0.88,OK,0.88,OK,0,,0,,,,81.66,OK,,,,81.32,OK,,,,158.46,OK,,,,158.48,OK,,,,37.36,OK,,,,37.7,OK,,,,,,,,,,,,,,,,,
2406150234D,ATKINSON 3.8 OCV,DM2P6,2024-06-15 04:17:51,18.994,24.7,OK,24.48,24.41,OK,24.41,24.31,OK,25.28,25.16,OK,26.15,26.1,OK,25.11,25.11,OK,24.97,24.97,OK,27.53,27.49,OK,0,0,,0,0,,10.99,OK,11.34,OK,11.28,OK,10.85,OK,10.83,OK,10.86,OK,10.85,OK,0,,0,,9.63,OK,9.76,OK,9.92,OK,9.86,OK,9.83,OK,9.92,OK,10,OK,0,,0,,,,82.82,OK,,,,82.58,OK,,,,157.59,OK,,,,157.03,OK,,,,37.75,OK,,,,37.97,OK,,,,,,,,,,,,,,,,,
2406150235D,ATKINSON 3.8 OCV,DM3P5,2024-06-15 04:18:49,18.985,24.65,OK,22.69,22.5,OK,24.75,24.29,OK,22.55,22.48,OK,22.85,22.71,OK,24.68,24.66,OK,23.75,23.68,OK,23.99,23.71,OK,0,0,,0,0,,11.57,OK,11.77,OK,11.94,OK,11.74,OK,11.82,OK,11.93,OK,11.76,OK,0,,0,,12.83,OK,12.82,OK,12.73,OK,12.89,OK,12.8,OK,12.79,OK,12.8,OK,0,,0,,,,81.84,OK,,,,81.35,OK,,,,158.39,OK,,,,158.26,OK,,,,38.48,OK,,,,38.43,OK,,,,,,,,,,,,,,,,,
2406150236D,ATKINSON 3.8 OCV,DM4P3,2024-06-15 04:19:44,18.966,25.12,OK,25.7,25.63,OK,25.29,25.24,OK,25.77,25.22,OK,25.8,25.24,OK,28.16,27.68,OK,25.15,25.1,OK,25.77,25.31,OK,0,0,,0,0,,12.55,OK,12.45,OK,12.66,OK,12.45,OK,12.43,OK,12.61,OK,12.63,OK,0,,0,,9.13,OK,9.73,OK,9.85,OK,9.9,OK,10.26,OK,10.1,OK,10.08,OK,0,,0,,,,82.19,OK,,,,81.62,OK,,,,158.19,OK,,,,157.93,OK,,,,38.01,OK,,,,38.37,OK,,,,,,,,,,,,,,,,,
2406150237D,ATKINSON 3.8 OCV,DM1P4,2024-06-15 04:20:43,18.966,25.12,OK,23.68,23.35,OK,23.86,23.8,OK,23.75,23.64,OK,24.76,24.58,OK,25.39,25.19,OK,23.37,23.26,OK,24.13,24.04,OK,0,0,,0,0,,11.12,OK,11.42,OK,11.29,OK,11.33,OK,11.31,OK,11.42,OK,11.39,OK,0,,0,,10.67,OK,10.56,OK,10.79,OK,10.58,OK,10.67,OK,10.32,OK,10.73,OK,0,,0,,,,82,OK,,,,82.26,OK,,,,157.67,OK,,,,157.62,OK,,,,37.43,OK,,,,37.81,OK,,,,,,,,,,,,,,,,,
2406150238D,ATKINSON 3.8 OCV,DM5P9,2024-06-15 04:21:41,18.987,26.05,OK,26.76,26.18,OK,24.2,24.04,OK,21.74,21.61,OK,23.46,23.46,OK,23.79,23.74,OK,24.04,24.02,OK,22.05,21.98,OK,0,0,,0,0,,2.29,OK,2.73,OK,2.73,OK,2.69,OK,2.74,OK,2.75,OK,2.77,OK,0,,0,,0.85,OK,0.84,OK,0.87,OK,0.86,OK,0.85,OK,0.85,OK,0.88,OK,0,,0,,,,83.02,OK,,,,81.78,OK,,,,158.53,OK,,,,158.56,OK,,,,38.78,OK,,,,38.15,OK,,,,,,,,,,,,,,,,,
2406150239D,ATKINSON 3.8 OCV,DM2P7,2024-06-15 04:22:37,18.988,26.16,OK,27.34,27.27,OK,26.03,25.96,OK,27.03,26.93,OK,24.65,24.63,OK,26.52,26.44,OK,25.01,25.01,OK,26.01,26.01,OK,0,0,,0,0,,10.98,OK,11.39,OK,10.8,OK,10.83,OK,10.84,OK,10.85,OK,10.84,OK,0,,0,,9.87,OK,9.87,OK,9.83,OK,9.84,OK,9.83,OK,9.85,OK,9.91,OK,0,,0,,,,82.47,OK,,,,82.33,OK,,,,158.71,OK,,,,157.89,OK,,,,37.94,OK,,,,37.98,OK,,,,,,,,,,,,,,,,,
2406150240D,ATKINSON 3.8 OCV,DM3P2,2024-06-15 04:23:35,18.998,25.25,OK,28.35,28.28,OK,25.4,25.38,OK,23.85,23.82,OK,24.5,24.43,OK,24.84,24.75,OK,25.49,25.42,OK,25.54,25.42,OK,0,0,,0,0,,11.74,OK,11.79,OK,11.97,OK,11.85,OK,11.8,OK,12.07,OK,12.03,OK,0,,0,,12.83,OK,12.87,OK,12.91,OK,12.65,OK,12.85,OK,12.81,OK,12.86,OK,0,,0,,,,81.62,OK,,,,81.75,OK,,,,157.97,OK,,,,157.9,OK,,,,38.01,OK,,,,37.98,OK,,,,,,,,,,,,,,,,,
2406150241D,ATKINSON 3.8 OCV,DM4P1,2024-06-15 04:24:34,18.996,26.37,OK,24.38,24.26,OK,23.13,23.1,OK,25.01,24.52,OK,24.71,24.43,OK,25.68,25.03,OK,24.59,24.38,OK,23.99,23.87,OK,0,0,,0,0,,12.59,OK,12.59,OK,12.44,OK,12.7,OK,12.62,OK,12.59,OK,12.62,OK,0,,0,,9.17,OK,9.29,OK,9.8,OK,9.64,OK,10.01,OK,10.15,OK,9.68,OK,0,,0,,,,81.88,OK,,,,81.87,OK,,,,157.59,OK,,,,157.99,OK,,,,37.55,OK,,,,37.91,OK,,,,,,,,,,,,,,,,,
2406150242D,ATKINSON 3.8 OCV,DM1P8,2024-06-15 04:25:32,18.992,26.42,OK,27.04,26.88,OK,24.2,24.11,OK,24.2,24.07,OK,24.76,24.72,OK,27.53,27.37,OK,25.8,25.66,OK,25.24,25.21,OK,0,0,,0,0,,11.26,OK,11.53,OK,11.37,OK,11.36,OK,11.64,OK,11.31,OK,11.37,OK,0,,0,,10.65,OK,10.67,OK,10.73,OK,10.84,OK,10.9,OK,10.66,OK,10.93,OK,0,,0,,,,82.35,OK,,,,82.13,OK,,,,157.34,OK,,,,157.57,OK,,,,37.06,OK,,,,37.52,OK,,,,,,,,,,,,,,,,,
2406150243D,ATKINSON 3.8 OCV,DM5P6,2024-06-15 04:26:27,18.987,26.73,OK,29.22,28.61,OK,23.32,23.18,OK,22.95,22.42,OK,23.9,23.86,OK,24.78,24.6,OK,23.07,22.97,OK,23.42,23.39,OK,0,0,,0,0,,2.37,OK,2.76,OK,2.76,OK,2.72,OK,2.73,OK,2.72,OK,2.82,OK,0,,0,,0.89,OK,0.85,OK,0.87,OK,0.85,OK,0.87,OK,0.84,OK,0.87,OK,0,,0,,,,82.73,OK,,,,82.78,OK,,,,157.82,OK,,,,157.43,OK,,,,37.37,OK,,,,37.41,OK,,,,,,,,,,,,,,,,,
2406150244D,ATKINSON 3.8 OCV,DM2P5,2024-06-15 04:27:23,18.998,25.32,OK,23.8,23.73,OK,24.58,24.46,OK,25.35,25.14,OK,25.14,25.09,OK,26.4,26.32,OK,23.97,23.97,OK,25.43,25.35,OK,0,0,,0,0,,10.85,OK,11.08,OK,10.73,OK,10.85,OK,10.87,OK,10.88,OK,10.85,OK,0,,0,,9.84,OK,9.91,OK,9.96,OK,9.83,OK,9.84,OK,9.95,OK,9.98,OK,0,,0,,,,82.09,OK,,,,81.75,OK,,,,158.23,OK,,,,158.07,OK,,,,38.6,OK,,,,38.45,OK,,,,,,,,,,,,,,,,,
2406150245D,ATKINSON 3.8 OCV,DM3P3,2024-06-15 04:28:18,18.998,25.77,OK,25.66,25.63,OK,24.52,24.24,OK,23.52,23.24,OK,23.96,23.55,OK,24.59,24.29,OK,23.87,23.75,OK,24.54,24.13,OK,0,0,,0,0,,11.78,OK,11.82,OK,11.99,OK,11.78,OK,11.79,OK,12.2,OK,11.76,OK,0,,0,,12.8,OK,12.85,OK,12.73,OK,12.74,OK,12.76,OK,12.69,OK,12.78,OK,0,,0,,,,82.51,OK,,,,81.64,OK,,,,158.25,OK,,,,158.12,OK,,,,38.13,OK,,,,38.25,OK,,,,,,,,,,,,,,,,,
2406150246D,ATKINSON 3.8 OCV,DM4P4,2024-06-15 04:29:16,18.985,26.17,OK,26.28,26.24,OK,27.42,27.28,OK,24.8,24.38,OK,25.54,25.01,OK,25.31,24.87,OK,25.1,24.66,OK,24.91,24.31,OK,0,0,,0,0,,12.42,OK,12.45,OK,12.45,OK,12.44,OK,12.47,OK,12.61,OK,12.63,OK,0,,0,,9.28,OK,9.72,OK,9.78,OK,9.92,OK,10.22,OK,10.08,OK,9.9,OK,0,,0,,,,81.18,OK,,,,81.82,OK,,,,158.09,OK,,,,158.1,OK,,,,37.79,OK,,,,37.82,OK,,,,,,,,,,,,,,,,,
2406150247D,ATKINSON 3.8 OCV,DM1P9,2024-06-15 04:30:08,18.986,26.21,OK,27.19,26.95,OK,25.12,25.1,OK,23.91,23.68,OK,23.39,23.32,OK,25.28,25.17,OK,23.86,23.8,OK,24.31,24.27,OK,0,0,,0,0,,11.23,OK,11.32,OK,11.29,OK,11.3,OK,11.39,OK,11.38,OK,11.36,OK,0,,0,,10.62,OK,10.73,OK,10.76,OK,10.39,OK,10.72,OK,10.64,OK,10.73,OK,0,,0,,,,81.95,OK,,,,82.38,OK,,,,157.68,OK,,,,157.6,OK,,,,38.01,OK,,,,37.68,OK,,,,,,,,,,,,,,,,,
2406150249D,ATKINSON 3.8 OCV,DM2P2,2024-06-15 04:31:07,18.99,26.12,OK,25.72,25.62,OK,23.15,23.05,OK,24.94,24.87,OK,24.8,24.75,OK,24.82,24.82,OK,25.38,25.28,OK,26.25,26.23,OK,0,0,,0,0,,10.77,OK,11.34,OK,11.46,OK,10.85,OK,10.87,OK,10.87,OK,10.86,OK,0,,0,,9.8,OK,9.85,OK,10.01,OK,9.93,OK,9.85,OK,9.99,OK,9.96,OK,0,,0,,,,81.56,OK,,,,82.16,OK,,,,158.24,OK,,,,158.28,OK,,,,38.45,OK,,,,38.25,OK,,,,,,,,,,,,,,,,,
2406150250D,ATKINSON 3.8 OCV,DM3P1,2024-06-15 04:32:02,18.998,25.21,OK,25.59,25.38,OK,24.29,24.1,OK,22.9,22.8,OK,23.94,23.73,OK,24.89,24.82,OK,23.59,23.55,OK,25.98,25.77,OK,0,0,,0,0,,11.94,OK,12.08,OK,11.69,OK,11.73,OK,11.9,OK,11.75,OK,11.79,OK,0,,0,,12.81,OK,12.81,OK,12.9,OK,12.76,OK,12.73,OK,12.8,OK,12.8,OK,0,,0,,,,81.7,OK,,,,81.91,OK,,,,157.6,OK,,,,158.04,OK,,,,37.84,OK,,,,37.79,OK,,,,,,,,,,,,,,,,,
2406150251D,ATKINSON 3.8 OCV,DM4P8,2024-06-15 04:33:01,18.994,24.13,OK,23.99,23.89,OK,25.82,25.73,OK,24.73,24.59,OK,25.8,25.59,OK,25.17,24.98,OK,25.1,25.01,OK,24.91,24.84,OK,0,0,,0,0,,12.44,OK,12.44,OK,12.61,OK,12.45,OK,12.68,OK,12.63,OK,12.61,OK,0,,0,,9.27,OK,9.44,OK,9.99,OK,9.99,OK,10.1,OK,10.19,OK,10.18,OK,0,,0,,,,81.06,OK,,,,81.63,OK,,,,158.27,OK,,,,157.96,OK,,,,37.78,OK,,,,38.14,OK,,,,,,,,,,,,,,,,,
2406150252D,ATKINSON 3.8 OCV,DM1P6,2024-06-15 04:33:56,18.984,25.55,OK,27.22,26.95,OK,25.64,25.57,OK,23.68,23.37,OK,26.63,26.59,OK,26.14,25.89,OK,24.16,24.07,OK,25.62,25.57,OK,0,0,,0,0,,11.24,OK,11.3,OK,11.33,OK,11.44,OK,11.38,OK,11.55,OK,11.37,OK,0,,0,,10.72,OK,10.81,OK,10.8,OK,10.79,OK,10.79,OK,10.8,OK,10.91,OK,0,,0,,,,83.3,OK,,,,82.79,OK,,,,156.8,OK,,,,156.88,OK,,,,37.31,OK,,,,37.72,OK,,,,,,,,,,,,,,,,,
2406150248D,ATKINSON 3.8 OCV,DM5P7,2024-06-15 04:34:51,18.983,26.05,OK,25.78,25.64,OK,25.13,25.09,OK,24.46,24.23,OK,24.67,24.67,OK,24.81,24.71,OK,24.58,24.41,OK,23.81,23.79,OK,0,0,,0,0,,2.32,OK,2.75,OK,2.75,OK,2.75,OK,2.75,OK,2.71,OK,2.77,OK,0,,0,,0.87,OK,0.89,OK,0.83,OK,0.87,OK,0.86,OK,0.87,OK,0.88,OK,0,,0,,,,83.35,OK,,,,83.44,OK,,,,157.86,OK,,,,156.83,OK,,,,37.05,OK,,,,38.09,OK,,,,,,,,,,,,,,,,,
2406150253D,ATKINSON 3.8 OCV,DM2P3,2024-06-15 04:35:50,18.988,24.51,OK,26.66,26.56,OK,24.8,24.77,OK,24.87,24.51,OK,25.62,25.52,OK,25.77,25.72,OK,25.79,25.69,OK,25.81,25.67,OK,0,0,,0,0,,10.84,OK,11.29,OK,11.15,OK,10.84,OK,10.86,OK,10.86,OK,10.83,OK,0,,0,,9.82,OK,9.93,OK,9.95,OK,9.91,OK,9.91,OK,9.98,OK,9.94,OK,0,,0,,,,83.11,OK,,,,82.68,OK,,,,157.8,OK,,,,157.79,OK,,,,37.55,OK,,,,37.9,OK,,,,,,,,,,,,,,,,,
2406150254D,ATKINSON 3.8 OCV,DM3P4,2024-06-15 04:36:48,18.984,24.7,OK,25.73,25.59,OK,27.16,26.68,OK,23.52,23.29,OK,23.55,23.38,OK,24.06,23.94,OK,24.54,24.45,OK,24.13,23.87,OK,0,0,,0,0,,11.78,OK,11.79,OK,11.97,OK,11.71,OK,11.8,OK,11.96,OK,11.95,OK,0,,0,,12.82,OK,12.83,OK,12.74,OK,12.9,OK,12.76,OK,12.77,OK,12.75,OK,0,,0,,,,81.83,OK,,,,82.04,OK,,,,157.84,OK,,,,157.97,OK,,,,37.78,OK,,,,37.81,OK,,,,,,,,,,,,,,,,,
2406150256D,ATKINSON 3.8 OCV,DM1P7,2024-06-15 04:37:43,18.966,24.71,OK,23.21,22.87,OK,26.07,26.05,OK,23.03,22.65,OK,24.47,24.45,OK,25.91,25.62,OK,24.52,24.49,OK,24.2,24.16,OK,0,0,,0,0,,11.3,OK,11.34,OK,11.35,OK,11.33,OK,11.39,OK,11.42,OK,11.41,OK,0,,0,,10.55,OK,10.72,OK,10.74,OK,10.75,OK,10.8,OK,10.68,OK,10.66,OK,0,,0,,,,83.12,OK,,,,83.26,OK,,,,157.21,OK,,,,157.89,OK,,,,36.51,OK,,,,36.91,OK,,,,,,,,,,,,,,,,,
2406150255D,ATKINSON 3.8 OCV,DM4P9,2024-06-15 04:38:42,18.995,26.15,OK,24.06,23.92,OK,25.17,25.05,OK,24.06,23.73,OK,23.92,23.52,OK,25.45,24.94,OK,24.84,24.73,OK,24.13,24.06,OK,0,0,,0,0,,12.58,OK,12.43,OK,12.45,OK,12.43,OK,12.46,OK,12.61,OK,12.62,OK,0,,0,,9.12,OK,9.7,OK,9.64,OK,9.8,OK,10.19,OK,10.27,OK,10.16,OK,0,,0,,,,82.07,OK,,,,82.33,OK,,,,157.7,OK,,,,158.11,OK,,,,37.93,OK,,,,37.35,OK,,,,,,,,,,,,,,,,,
2406150258D,ATKINSON 3.8 OCV,DM2P2,2024-06-15 04:39:37,18.989,25.58,OK,24.29,24.22,OK,24.29,24.22,OK,25.67,25.47,OK,24.97,24.92,OK,26.9,26.88,OK,26.3,26.23,OK,26.47,26.42,OK,0,0,,0,0,,10.92,OK,10.85,OK,11.13,OK,10.85,OK,10.86,OK,10.84,OK,11.26,OK,0,,0,,9.84,OK,9.98,OK,10,OK,9.92,OK,10,OK,10.01,OK,10.02,OK,0,,0,,,,82.02,OK,,,,82.21,OK,,,,157.78,OK,,,,157.97,OK,,,,37.74,OK,,,,37.78,OK,,,,,,,,,,,,,,,,,
2406150259D,ATKINSON 3.8 OCV,DM3P1,2024-06-15 04:40:36,18.988,25.51,OK,24.87,24.87,OK,25.42,25.17,OK,23.24,23.22,OK,23.99,23.89,OK,25.36,25.17,OK,25.82,25.68,OK,25.19,24.94,OK,0,0,,0,0,,11.72,OK,11.79,OK,11.82,OK,11.88,OK,11.83,OK,11.91,OK,11.93,OK,0,,0,,12.82,OK,12.85,OK,12.86,OK,12.82,OK,12.72,OK,12.82,OK,12.81,OK,0,,0,,,,82.14,OK,,,,82.15,OK,,,,157.08,OK,,,,157.85,OK,,,,37.57,OK,,,,37.83,OK,,,,,,,,,,,,,,,,,
2406150260D,ATKINSON 3.8 OCV,DM1P6,2024-06-15 04:41:34,18.999,25.98,OK,23.48,23.19,OK,23.48,23.46,OK,22.22,21.97,OK,24.11,24.04,OK,25.93,25.78,OK,23.93,23.93,OK,24.7,24.7,OK,0,0,,0,0,,11.43,OK,11.25,OK,11.26,OK,11.28,OK,11.43,OK,11.44,OK,11.38,OK,0,,0,,10.64,OK,10.69,OK,10.67,OK,10.81,OK,10.37,OK,10.79,OK,10.87,OK,0,,0,,,,83.1,OK,,,,83.48,OK,,,,156.38,OK,,,,157.38,OK,,,,37.1,OK,,,,37.41,OK,,,,,,,,,,,,,,,,,
2406150261D,ATKINSON 3.8 OCV,DM4P8,2024-06-15 07:18:10,18.985,24.88,OK,25.26,25.19,OK,25.01,24.89,OK,24.78,24.61,OK,25.36,25.22,OK,26.1,25.84,OK,25.49,25.36,OK,25.12,25.08,OK,0,0,,0,0,,12.66,OK,12.44,OK,12.43,OK,12.61,OK,12.59,OK,12.64,OK,12.53,OK,0,,0,,9.33,OK,9.91,OK,10.03,OK,10.05,OK,10.04,OK,10.07,OK,9.85,OK,0,,0,,,,81.68,OK,,,,82.05,OK,,,,158.06,OK,,,,157.81,OK,,,,37.66,OK,,,,38.02,OK,,,,,,,,,,,,,,,,,
2406150262D,ATKINSON 3.8 OCV,DM2P4,2024-06-15 07:19:05,18.998,25.52,OK,28.91,28.79,OK,24.97,24.94,OK,26.35,25.91,OK,24.89,24.8,OK,24.36,24.31,OK,25.26,25.26,OK,25.52,25.43,OK,0,0,,0,0,,10.83,OK,10.85,OK,10.75,OK,10.85,OK,10.86,OK,10.86,OK,11.26,OK,0,,0,,9.82,OK,9.96,OK,9.94,OK,9.92,OK,9.92,OK,9.94,OK,9.96,OK,0,,0,,,,81.94,OK,,,,82.07,OK,,,,157.91,OK,,,,157.87,OK,,,,37.69,OK,,,,37.81,OK,,,,,,,,,,,,,,,,,
2406150263D,ATKINSON 3.8 OCV,DM3P9,2024-06-15 07:20:00,18.995,25.42,OK,25.36,25.31,OK,24.66,24.47,OK,23.89,23.75,OK,22.73,22.66,OK,25.49,25.4,OK,24.75,24.64,OK,25.05,24.91,OK,0,0,,0,0,,11.74,OK,11.95,OK,11.79,OK,12.11,OK,11.87,OK,11.94,OK,11.87,OK,0,,0,,12.81,OK,12.77,OK,12.76,OK,12.86,OK,12.54,OK,12.6,OK,12.61,OK,0,,0,,,,82.39,OK,,,,82.24,OK,,,,157.46,OK,,,,157.41,OK,,,,37.86,OK,,,,37.49,OK,,,,,,,,,,,,,,,,,
2406150264D,ATKINSON 3.8 OCV,DM1P7,2024-06-15 07:21:02,18.995,25.42,OK,24.83,24.47,OK,24.2,24.18,OK,22.85,22.63,OK,22.42,22.22,OK,25.91,25.66,OK,23.37,23.17,OK,24.45,24.43,OK,0,0,,0,0,,11.43,OK,11.27,OK,11.36,OK,11.38,OK,11.39,OK,11.28,OK,11.35,OK,0,,0,,10.58,OK,10.68,OK,10.71,OK,10.68,OK,10.75,OK,10.56,OK,10.7,OK,0,,0,,,,83.2,OK,,,,83.57,OK,,,,157.21,OK,,,,157.62,OK,,,,36.79,OK,,,,36.78,OK,,,,,,,,,,,,,,,,,
2406150265D,ATKINSON 3.8 OCV,DM4P5,2024-06-15 07:21:57,18.994,25.15,OK,25.12,24.98,OK,23.75,23.71,OK,25.38,25.19,OK,24.29,24.15,OK,24.94,24.82,OK,23.68,23.5,OK,23.94,23.55,OK,0,0,,0,0,,12.57,OK,12.61,OK,12.59,OK,12.6,OK,12.59,OK,12.68,OK,12.48,OK,0,,0,,9.37,OK,9.9,OK,9.97,OK,9.91,OK,10.07,OK,9.86,OK,9.84,OK,0,,0,,,,82.04,OK,,,,81.73,OK,,,,158.09,OK,,,,158,OK,,,,37.71,OK,,,,37.84,OK,,,,,,,,,,,,,,,,,
2406150266D,ATKINSON 3.8 OCV,DM2P2,2024-06-15 07:22:53,18.998,24.96,OK,24.14,24.05,OK,26.32,26.13,OK,24.92,24.77,OK,24.38,24.36,OK,25.35,25.31,OK,24.8,24.75,OK,25.16,25.09,OK,0,0,,0,0,,10.89,OK,11.56,OK,10.73,OK,10.86,OK,10.87,OK,10.86,OK,11.22,OK,0,,0,,9.87,OK,10.12,OK,9.97,OK,9.94,OK,10.02,OK,10.03,OK,9.99,OK,0,,0,,,,82.32,OK,,,,82.93,OK,,,,157.6,OK,,,,157.5,OK,,,,37.58,OK,,,,37.36,OK,,,,,,,,,,,,,,,,,
2406150267D,ATKINSON 3.8 OCV,DM3P1,2024-06-15 07:23:51,18.983,24.78,OK,23.38,23.2,OK,25.15,24.96,OK,23.13,23.04,OK,23.27,23.01,OK,24.78,24.78,OK,24.98,24.71,OK,26.17,25.94,OK,0,0,,0,0,,11.61,OK,11.88,OK,11.88,OK,11.78,OK,11.96,OK,11.86,OK,11.88,OK,0,,0,,12.82,OK,12.9,OK,12.91,OK,12.83,OK,12.59,OK,12.63,OK,12.56,OK,0,,0,,,,82.52,OK,,,,82.5,OK,,,,157.2,OK,,,,157.61,OK,,,,37.45,OK,,,,37.57,OK,,,,,,,,,,,,,,,,,
2406150268D,ATKINSON 3.8 OCV,DM1P6,2024-06-15 07:24:46,18.989,25.81,OK,24.99,24.79,OK,23.71,23.57,OK,22.31,22.27,OK,24.2,24.07,OK,25.01,24.81,OK,24.61,24.49,OK,24.36,24.31,OK,0,0,,0,0,,11.14,OK,11.29,OK,11.35,OK,11.34,OK,11.42,OK,11.31,OK,11.34,OK,0,,0,,10.54,OK,10.67,OK,10.73,OK,10.77,OK,10.31,OK,10.6,OK,10.87,OK,0,,0,,,,83.72,OK,,,,83.8,OK,,,,156.52,OK,,,,157.12,OK,,,,37.01,OK,,,,37.26,OK,,,,,,,,,,,,,,,,,
2406150269D,ATKINSON 3.8 OCV,DM4P8,2024-06-15 07:25:42,18.983,25.03,OK,25.42,25.36,OK,24.4,24.31,OK,24.94,24.75,OK,24.22,24.08,OK,25.15,24.94,OK,24.13,23.99,OK,24.59,24.57,OK,0,0,,0,0,,12.58,OK,12.63,OK,12.6,OK,12.63,OK,12.61,OK,12.45,OK,12.61,OK,0,,0,,9.51,OK,9.96,OK,10.05,OK,10.15,OK,10.06,OK,9.92,OK,9.91,OK,0,,0,,,,81.76,OK,,,,82.12,OK,,,,157.71,OK,,,,157.38,OK,,,,37.45,OK,,,,37.63,OK,,,,,,,,,,,,,,,,,
2406150270D,ATKINSON 3.8 OCV,DM2P4,2024-06-15 07:26:40,18.998,25.13,OK,30.49,30.34,OK,24.41,24.34,OK,26.95,26.71,OK,25.77,25.67,OK,25.91,25.86,OK,25.26,25.23,OK,26.37,26.37,OK,0,0,,0,0,,10.8,OK,11.34,OK,10.85,OK,10.83,OK,10.87,OK,10.84,OK,11.24,OK,0,,0,,9.98,OK,9.95,OK,9.98,OK,10.01,OK,10.02,OK,10.07,OK,10.02,OK,0,,0,,,,82.13,OK,,,,82.59,OK,,,,157.75,OK,,,,157.85,OK,,,,37.42,OK,,,,37.72,OK,,,,,,,,,,,,,,,,,
2406150271D,ATKINSON 3.8 OCV,DM3P9,2024-06-15 07:27:35,18.99,25.02,OK,26.84,26.72,OK,24.59,24.03,OK,22.97,22.8,OK,23.87,23.73,OK,25.26,25.1,OK,25.26,25.05,OK,25.36,25.15,OK,0,0,,0,0,,11.62,OK,11.71,OK,11.99,OK,11.76,OK,11.85,OK,11.79,OK,11.93,OK,0,,0,,12.89,OK,12.66,OK,12.93,OK,12.83,OK,12.55,OK,12.62,OK,12.59,OK,0,,0,,,,82.28,OK,,,,82.21,OK,,,,157.39,OK,,,,157.63,OK,,,,37.65,OK,,,,37.18,OK,,,,,,,,,,,,,,,,,
2406150272D,ATKINSON 3.8 OCV,DM1P7,2024-06-15 07:28:34,18.984,26.75,OK,25.96,25.8,OK,23.39,23.3,OK,23.32,23.1,OK,24.2,24.07,OK,26,25.78,OK,25.28,25.12,OK,25.15,25.08,OK,0,0,,0,0,,11.27,OK,11.27,OK,11.32,OK,11.37,OK,11.44,OK,11.66,OK,11.35,OK,0,,0,,10.69,OK,10.72,OK,10.76,OK,10.76,OK,10.84,OK,10.74,OK,10.48,OK,0,,0,,,,83.18,OK,,,,83.16,OK,,,,157.75,OK,,,,157.42,OK,,,,36.96,OK,,,,37.13,OK,,,,,,,,,,,,,,,,,
2406150273D,ATKINSON 3.8 OCV,DM4P5,2024-06-15 07:29:29,18.99,25.27,OK,22.9,22.83,OK,24.43,24.43,OK,24.43,24.2,OK,26.93,26.75,OK,25.05,24.71,OK,24.31,24.2,OK,23.87,23.55,OK,0,0,,0,0,,12.55,OK,12.62,OK,12.59,OK,12.6,OK,12.63,OK,12.45,OK,12.48,OK,0,,0,,9.36,OK,9.99,OK,10.06,OK,10.19,OK,9.58,OK,10.03,OK,10.24,OK,0,,0,,,,82.21,OK,,,,81.79,OK,,,,157.58,OK,,,,157.82,OK,,,,37.87,OK,,,,37.48,OK,,,,,,,,,,,,,,,,,
2406150276D,ATKINSON 3.8 OCV,DM1P6,2024-06-15 07:30:28,18.997,25.1,OK,24.49,24.22,OK,24.18,24.09,OK,23.23,23.12,OK,24.36,24.29,OK,25.26,25.1,OK,23.21,22.99,OK,23.8,23.73,OK,0,0,,0,0,,11.43,OK,11.4,OK,11.32,OK,11.35,OK,11.4,OK,11.39,OK,11.38,OK,0,,0,,10.55,OK,10.73,OK,10.73,OK,10.7,OK,10.79,OK,10.74,OK,10.72,OK,0,,0,,,,83.56,OK,,,,83.45,OK,,,,156.71,OK,,,,156.98,OK,,,,36.72,OK,,,,37.13,OK,,,,,,,,,,,,,,,,,
2406150274D,ATKINSON 3.8 OCV,DM2P2,2024-06-15 07:31:23,18.987,24.46,OK,27.24,27.12,OK,25.62,25.4,OK,24.72,24.55,OK,25.81,25.81,OK,25.21,25.18,OK,23.92,23.8,OK,25.43,25.43,OK,0,0,,0,0,,10.83,OK,10.99,OK,10.86,OK,10.85,OK,10.86,OK,10.86,OK,10.85,OK,0,,0,,9.79,OK,9.93,OK,10.03,OK,10,OK,9.95,OK,9.99,OK,9.98,OK,0,,0,,,,82.48,OK,,,,82.95,OK,,,,157.2,OK,,,,157.45,OK,,,,37.4,OK,,,,37.18,OK,,,,,,,,,,,,,,,,,
2406150275D,ATKINSON 3.8 OCV,DM3P1,2024-06-15 07:32:21,18.997,25.1,OK,27.14,27.03,OK,26.31,25.7,OK,26.05,25.96,OK,23.15,23.08,OK,26.49,26.38,OK,26.68,26.65,OK,24.29,24.2,OK,0,0,,0,0,,11.65,OK,11.77,OK,11.64,OK,12.02,OK,11.92,OK,11.81,OK,12.14,OK,0,,0,,12.69,OK,12.92,OK,12.82,OK,12.84,OK,12.73,OK,12.61,OK,12.58,OK,0,,0,,,,82.39,OK,,,,82.53,OK,,,,156.79,OK,,,,157.56,OK,,,,37.49,OK,,,,37.38,OK,,,,,,,,,,,,,,,,,
2406150277D,ATKINSON 3.8 OCV,DM4P8,2024-06-15 07:33:17,18.992,25.27,OK,25.49,25.4,OK,24.75,24.68,OK,24.03,23.92,OK,24.59,24.26,OK,26.54,26.35,OK,24.89,24.8,OK,25.49,25.4,OK,0,0,,0,0,,12.6,OK,12.62,OK,12.57,OK,12.61,OK,12.64,OK,12.6,OK,12.64,OK,0,,0,,9.46,OK,10.06,OK,10.12,OK,10.07,OK,10.24,OK,10.24,OK,10.11,OK,0,,0,,,,81.64,OK,,,,82.05,OK,,,,157.64,OK,,,,157.71,OK,,,,37.28,OK,,,,37.47,OK,,,,,,,,,,,,,,,,,
2406150278D,ATKINSON 3.8 OCV,DM1P7,2024-06-15 07:34:18,18.985,25.43,OK,25.37,25.21,OK,23.95,23.91,OK,23.28,22.92,OK,25.35,25.3,OK,25.73,25.62,OK,25.15,24.94,OK,26.02,25.96,OK,0,0,,0,0,,11.37,OK,11.31,OK,11.43,OK,11.5,OK,11.78,OK,11.42,OK,11.77,OK,0,,0,,10.63,OK,10.77,OK,10.83,OK,10.76,OK,10.8,OK,10.73,OK,10.83,OK,0,,0,,,,83.22,OK,,,,82.99,OK,,,,157.56,OK,,,,157.42,OK,,,,37.16,OK,,,,37.25,OK,,,,,,,,,,,,,,,,,
2406150257D,ATKINSON 3.8 OCV,DM5P5,2024-06-15 07:35:14,18.996,25.51,OK,25.25,25.2,OK,25.25,25.06,OK,22.65,22.35,OK,24.13,24.09,OK,24.67,24.55,OK,26.18,26.18,OK,23.14,23.14,OK,0,0,,0,0,,2.31,OK,2.75,OK,2.76,OK,2.75,OK,2.72,OK,2.76,OK,2.77,OK,0,,0,,0.89,OK,0.88,OK,2.41,OK,0.88,OK,0.88,OK,0.89,OK,0.88,OK,0,,0,,,,82.46,OK,,,,81.87,OK,,,,157.06,OK,,,,157.42,OK,,,,38.15,OK,,,,38.29,OK,,,,,,,,,,,,,,,,,
2406150279D,ATKINSON 3.8 OCV,DM2P4,2024-06-15 07:36:09,18.985,25.43,OK,28.89,28.72,OK,24.7,24.55,OK,26.88,26.66,OK,25.16,25.14,OK,26.03,26.01,OK,24.89,24.89,OK,25.18,25.14,OK,0,0,,0,0,,10.83,OK,10.75,OK,10.83,OK,10.85,OK,10.88,OK,10.87,OK,10.77,OK,0,,0,,10,OK,10.04,OK,10.05,OK,10.13,OK,9.99,OK,10.04,OK,9.95,OK,0,,0,,,,81.96,OK,,,,82.49,OK,,,,157.63,OK,,,,157.66,OK,,,,37.69,OK,,,,37.72,OK,,,,,,,,,,,,,,,,,
2406150280D,ATKINSON 3.8 OCV,DM3P9,2024-06-15 07:37:04,18.99,24.57,OK,24.29,24.2,OK,25.05,24.96,OK,23.99,23.85,OK,23.85,23.85,OK,24.31,24.29,OK,26.19,26.14,OK,26.58,26.52,OK,0,0,,0,0,,11.74,OK,11.93,OK,11.79,OK,11.81,OK,11.88,OK,11.98,OK,12.03,OK,0,,0,,12.91,OK,12.77,OK,12.92,OK,13.02,OK,12.75,OK,12.91,OK,12.8,OK,0,,0,,,,81.95,OK,,,,82.01,OK,,,,157.62,OK,,,,157.71,OK,,,,37.75,OK,,,,37.39,OK,,,,,,,,,,,,,,,,,
2406150281D,ATKINSON 3.8 OCV,DM4P5,2024-06-15 07:38:03,18.99,24.57,OK,21.23,21.11,OK,23.31,23.2,OK,22.27,22.15,OK,24.22,24.03,OK,23.45,23.34,OK,23.29,23.1,OK,23.17,23.17,OK,0,0,,0,0,,12.63,OK,12.78,OK,12.63,OK,12.76,OK,12.71,OK,12.68,OK,12.76,OK,0,,0,,9.18,OK,9.7,OK,9.85,OK,9.83,OK,10.06,OK,10.23,OK,9.66,OK,0,,0,,,,82,OK,,,,81.84,OK,,,,157.5,OK,,,,157.73,OK,,,,37.74,OK,,,,37.65,OK,,,,,,,,,,,,,,,,,
2406150282D,ATKINSON 3.8 OCV,DM1P2,2024-06-15 07:38:58,18.999,24.2,OK,25.84,25.75,OK,24.2,24.11,OK,23.68,23.46,OK,24.13,24.02,OK,26.65,26.52,OK,24.88,24.83,OK,25.3,25.19,OK,0,0,,0,0,,11.33,OK,11.31,OK,11.42,OK,11.45,OK,11.32,OK,11.4,OK,11.42,OK,0,,0,,10.63,OK,10.74,OK,10.85,OK,10.7,OK,10.7,OK,10.7,OK,10.87,OK,0,,0,,,,82.56,OK,,,,82.8,OK,,,,156.72,OK,,,,157.44,OK,,,,36.87,OK,,,,36.57,OK,,,,,,,,,,,,,,,,,
2406150283D,ATKINSON 3.8 OCV,DM5P3,2024-06-15 07:39:56,18.987,25.78,OK,25.25,25.2,OK,26.78,26.27,OK,22.26,22,OK,24.13,24.09,OK,24.25,23.79,OK,26.22,26.11,OK,24.2,24.13,OK,0,0,,0,0,,2.33,OK,2.98,OK,2.78,OK,2.83,OK,2.72,OK,2.73,OK,2.69,OK,0,,0,,0.85,OK,0.81,OK,0.87,OK,2.5,OK,0.81,OK,2.51,OK,0.84,OK,0,,0,,,,83.76,OK,,,,82.17,OK,,,,157.95,OK,,,,157.7,OK,,,,36.99,OK,,,,37.75,OK,,,,,,,,,,,,,,,,,
2406150284D,ATKINSON 3.8 OCV,DM2P1,2024-06-15 07:40:52,18.99,24.15,OK,26.4,26.35,OK,24.26,24.19,OK,25.6,25.26,OK,26.03,25.98,OK,25.67,25.64,OK,24.22,24.14,OK,25.47,25.33,OK,0,0,,0,0,,10.91,OK,11.35,OK,11.56,OK,10.86,OK,10.85,OK,10.87,OK,10.86,OK,0,,0,,9.76,OK,9.98,OK,9.81,OK,9.96,OK,9.95,OK,9.99,OK,10.01,OK,0,,0,,,,82.84,OK,,,,83.17,OK,,,,157.21,OK,,,,157.84,OK,,,,37.39,OK,,,,37.31,OK,,,,,,,,,,,,,,,,,
2406150285D,ATKINSON 3.8 OCV,DM3P6,2024-06-15 07:41:47,18.984,23.67,OK,24.54,24.5,OK,24.29,24.13,OK,22.94,22.83,OK,22.52,22.46,OK,25.31,25.19,OK,24.45,24.15,OK,23.48,23.38,OK,0,0,,0,0,,11.75,OK,11.81,OK,11.99,OK,11.94,OK,11.82,OK,11.97,OK,11.92,OK,0,,0,,12.77,OK,12.78,OK,12.72,OK,12.76,OK,12.72,OK,12.76,OK,12.77,OK,0,,0,,,,82.94,OK,,,,82.36,OK,,,,157.34,OK,,,,157.36,OK,,,,37.75,OK,,,,38.08,OK,,,,,,,,,,,,,,,,,
2406150286D,ATKINSON 3.8 OCV,DM4P8,2024-06-15 07:42:42,18.984,24,OK,23.48,23.38,OK,23.1,23.08,OK,23.45,23.31,OK,24.13,24.03,OK,25.31,25.19,OK,24.82,24.73,OK,24.94,24.91,OK,0,0,,0,0,,12.73,OK,12.48,OK,12.5,OK,12.64,OK,12.64,OK,12.67,OK,12.77,OK,0,,0,,8.89,OK,9.67,OK,9.91,OK,9.95,OK,10.24,OK,10.21,OK,9.96,OK,0,,0,,,,81.47,OK,,,,82,OK,,,,157.93,OK,,,,157.78,OK,,,,37.34,OK,,,,37.86,OK,,,,,,,,,,,,,,,,,
2406150287D,ATKINSON 3.8 OCV,DM1P7,2024-06-15 07:43:37,18.987,25.42,OK,23.91,23.53,OK,24.22,24.16,OK,23.48,23.21,OK,24.43,24.38,OK,26.77,26.56,OK,24.2,24.11,OK,25.78,25.75,OK,0,0,,0,0,,11.4,OK,11.34,OK,11.36,OK,11.35,OK,11.38,OK,11.34,OK,11.39,OK,0,,0,,10.58,OK,10.67,OK,10.73,OK,10.61,OK,10.8,OK,10.66,OK,10.93,OK,0,,0,,,,82.53,OK,,,,83.08,OK,,,,157.71,OK,,,,157.36,OK,,,,37.04,OK,,,,37.19,OK,,,,,,,,,,,,,,,,,
2406150288D,ATKINSON 3.8 OCV,DM5P4,2024-06-15 07:44:36,18.989,24.17,OK,25.71,25.36,OK,25.74,25.55,OK,22.51,22.21,OK,25.11,25.04,OK,24.27,24.2,OK,25.71,25.67,OK,23.25,23.21,OK,0,0,,0,0,,2.29,OK,2.95,OK,2.78,OK,2.87,OK,2.79,OK,2.93,OK,2.76,OK,0,,0,,0.89,OK,0.88,OK,0.87,OK,0.84,OK,0.88,OK,2.5,OK,0.85,OK,0,,0,,,,82.5,OK,,,,82.21,OK,,,,157.64,OK,,,,157.4,OK,,,,37.85,OK,,,,37.03,OK,,,,,,,,,,,,,,,,,
2406150289D,ATKINSON 3.8 OCV,DM2P9,2024-06-15 07:45:34,18.984,25.43,OK,27.12,27,OK,24.7,24.6,OK,25.89,25.74,OK,26.3,26.23,OK,26.66,26.64,OK,24.89,24.87,OK,26.88,26.86,OK,0,0,,0,0,,10.92,OK,10.83,OK,11.35,OK,10.86,OK,10.85,OK,10.85,OK,11.1,OK,0,,0,,9.81,OK,9.85,OK,9.99,OK,10.02,OK,10.02,OK,9.99,OK,10.11,OK,0,,0,,,,82.41,OK,,,,82.54,OK,,,,157.98,OK,,,,158.22,OK,,,,38.25,OK,,,,37.65,OK,,,,,,,,,,,,,,,,,
2406150290D,ATKINSON 3.8 OCV,DM3P5,2024-06-15 07:46:30,18.992,25.15,OK,26.28,26.19,OK,25.24,24.98,OK,21.76,21.62,OK,24.82,24.75,OK,24.61,24.45,OK,22.99,22.8,OK,24.06,23.96,OK,0,0,,0,0,,11.81,OK,11.79,OK,11.88,OK,11.74,OK,11.8,OK,12.3,OK,11.95,OK,0,,0,,12.75,OK,12.77,OK,12.68,OK,12.97,OK,12.87,OK,12.89,OK,12.85,OK,0,,0,,,,81.98,OK,,,,81.56,OK,,,,157.52,OK,,,,157.7,OK,,,,37.68,OK,,,,37.73,OK,,,,,,,,,,,,,,,,,
2406150291D,ATKINSON 3.8 OCV,DM4P2,2024-06-15 07:47:28,18.986,23.88,OK,25.12,24.94,OK,23.71,23.66,OK,22.94,22.87,OK,23.99,23.87,OK,26.03,25.84,OK,23.82,23.75,OK,24.31,24.15,OK,0,0,,0,0,,12.61,OK,12.47,OK,12.67,OK,12.68,OK,12.61,OK,12.59,OK,12.74,OK,0,,0,,8.83,OK,9.71,OK,9.92,OK,9.68,OK,10.06,OK,10.13,OK,10.13,OK,0,,0,,,,81.7,OK,,,,82.16,OK,,,,157.27,OK,,,,157.43,OK,,,,37.74,OK,,,,37.57,OK,,,,,,,,,,,,,,,,,
2406150292D,ATKINSON 3.8 OCV,DM1P3,2024-06-15 07:48:23,18.995,25.08,OK,25.91,25.62,OK,26.41,26.32,OK,25.01,24.7,OK,24.65,24.56,OK,26.74,26.43,OK,24.92,24.83,OK,24.92,24.88,OK,0,0,,0,0,,11.37,OK,11.36,OK,11.3,OK,11.31,OK,11.42,OK,11.34,OK,11.33,OK,0,,0,,10.57,OK,10.74,OK,10.84,OK,10.75,OK,10.76,OK,10.77,OK,10.88,OK,0,,0,,,,82.81,OK,,,,82.1,OK,,,,157.43,OK,,,,157.9,OK,,,,37.13,OK,,,,37.34,OK,,,,,,,,,,,,,,,,,
2406150293D,ATKINSON 3.8 OCV,DM5P1,2024-06-15 07:49:19,18.988,24.76,OK,26.34,26.22,OK,25.18,25.11,OK,23.3,23.02,OK,23.32,23.28,OK,24.51,24.46,OK,24.13,24.13,OK,24.81,24.76,OK,0,0,,0,0,,2.4,OK,2.8,OK,2.78,OK,2.75,OK,2.74,OK,2.76,OK,2.81,OK,0,,0,,0.89,OK,2.5,OK,2.48,OK,0.88,OK,0.87,OK,0.88,OK,0.87,OK,0,,0,,,,82.76,OK,,,,82.3,OK,,,,157.62,OK,,,,157.83,OK,,,,36.93,OK,,,,37.64,OK,,,,,,,,,,,,,,,,,
2406150294D,ATKINSON 3.8 OCV,DM2P6,2024-06-15 07:50:14,18.991,24.36,OK,26.4,26.3,OK,24.6,24.51,OK,25.89,25.69,OK,25.91,25.86,OK,24.26,24.26,OK,25.04,24.97,OK,26.23,26.23,OK,0,0,,0,0,,10.89,OK,10.98,OK,11.03,OK,10.87,OK,10.88,OK,10.87,OK,10.87,OK,0,,0,,10.01,OK,10.05,OK,10.13,OK,9.99,OK,9.98,OK,10.13,OK,10.14,OK,0,,0,,,,83.34,OK,,,,82.97,OK,,,,157.19,OK,,,,156.69,OK,,,,37.57,OK,,,,37.98,OK,,,,,,,,,,,,,,,,,
2406150295D,ATKINSON 3.8 OCV,DM3P8,2024-06-15 07:51:12,18.993,24.42,OK,24.94,24.91,OK,24.15,23.75,OK,23.96,23.89,OK,22.59,22.57,OK,25.82,25.73,OK,25.54,25.47,OK,25.42,25.4,OK,0,0,,0,0,,11.69,OK,11.8,OK,11.79,OK,11.77,OK,11.82,OK,12.01,OK,12.08,OK,0,,0,,12.78,OK,12.84,OK,12.79,OK,12.76,OK,12.91,OK,12.85,OK,12.78,OK,0,,0,,,,81.96,OK,,,,81.68,OK,,,,158.03,OK,,,,158.03,OK,,,,37.45,OK,,,,37.93,OK,,,,,,,,,,,,,,,,,
2406150296D,ATKINSON 3.8 OCV,DM4P7,2024-06-15 07:52:08,18.995,24.11,OK,24.98,24.94,OK,23.89,23.78,OK,24.33,24.24,OK,24.5,24.08,OK,25.63,25.4,OK,24.82,24.68,OK,24.61,24.45,OK,0,0,,0,0,,12.55,OK,12.28,OK,12.43,OK,12.66,OK,12.75,OK,12.63,OK,12.73,OK,0,,0,,9.3,OK,9.7,OK,9.72,OK,9.89,OK,10.15,OK,10.02,OK,9.98,OK,0,,0,,,,82.21,OK,,,,82.33,OK,,,,158.24,OK,,,,157.47,OK,,,,38.02,OK,,,,37.98,OK,,,,,,,,,,,,,,,,,
2406150297D,ATKINSON 3.8 OCV,DM1P4,2024-06-15 07:53:06,18.985,24.86,OK,25.87,25.55,OK,24.45,24.36,OK,23.8,23.55,OK,24.16,24.07,OK,25.84,25.78,OK,24.34,24.13,OK,24.22,24.2,OK,0,0,,0,0,,11.29,OK,11.31,OK,11.34,OK,11.35,OK,11.42,OK,11.43,OK,11.37,OK,0,,0,,10.67,OK,10.81,OK,10.91,OK,10.78,OK,10.98,OK,10.79,OK,10.83,OK,0,,0,,,,82.58,OK,,,,82.56,OK,,,,156.85,OK,,,,157.02,OK,,,,37.02,OK,,,,37.52,OK,,,,,,,,,,,,,,,,,
2406150298D,ATKINSON 3.8 OCV,DM5P9,2024-06-15 07:54:01,18.997,24.68,OK,23.86,23.74,OK,24,23.86,OK,24.02,23.58,OK,24,23.9,OK,25.29,25.25,OK,23.21,23.11,OK,25.94,25.9,OK,0,0,,0,0,,2.37,OK,2.84,OK,2.96,OK,2.87,OK,2.72,OK,2.7,OK,2.73,OK,0,,0,,2.49,OK,0.86,OK,0.88,OK,0.88,OK,0.88,OK,0.86,OK,0.88,OK,0,,0,,,,82.14,OK,,,,81.7,OK,,,,158.48,OK,,,,158.68,OK,,,,37.87,OK,,,,37.96,OK,,,,,,,,,,,,,,,,,
2406150299D,ATKINSON 3.8 OCV,DM2P5,2024-06-15 07:55:00,18.984,25.22,OK,27.27,27.19,OK,24.02,23.85,OK,24.55,24.24,OK,24.29,24.22,OK,24.48,24.46,OK,25.01,24.97,OK,24.97,24.94,OK,0,0,,0,0,,11.27,OK,10.84,OK,10.83,OK,10.86,OK,10.86,OK,10.86,OK,10.89,OK,0,,0,,10.1,OK,9.89,OK,10.15,OK,10.1,OK,10.11,OK,10.17,OK,10.13,OK,0,,0,,,,81.94,OK,,,,81.78,OK,,,,157.9,OK,,,,158.57,OK,,,,38.25,OK,,,,38.47,OK,,,,,,,,,,,,,,,,,
2406150300D,ATKINSON 3.8 OCV,DM3P2,2024-06-15 07:55:55,18.985,24.97,OK,24.31,24.26,OK,24.73,24.57,OK,22.34,22.27,OK,23.2,23.1,OK,22.94,22.87,OK,24.73,24.66,OK,23.59,23.55,OK,0,0,,0,0,,11.63,OK,11.8,OK,11.68,OK,11.78,OK,12.06,OK,11.96,OK,12.1,OK,0,,0,,12.77,OK,12.82,OK,12.81,OK,12.9,OK,12.77,OK,12.76,OK,12.79,OK,0,,0,,,,81.75,OK,,,,82.03,OK,,,,157.35,OK,,,,157.73,OK,,,,37.62,OK,,,,37.52,OK,,,,,,,,,,,,,,,,,
2406150301D,ATKINSON 3.8 OCV,DM4P3,2024-06-15 07:56:50,18.989,24.61,OK,24.17,24.03,OK,23.94,23.75,OK,23.85,23.41,OK,25.66,25.01,OK,24.13,23.57,OK,24.4,24.08,OK,24.57,24.22,OK,0,0,,0,0,,12.59,OK,12.59,OK,12.6,OK,12.57,OK,12.61,OK,12.6,OK,12.68,OK,0,,0,,9.22,OK,9.68,OK,9.73,OK,9.79,OK,10.16,OK,10.14,OK,10.01,OK,0,,0,,,,82.61,OK,,,,82.32,OK,,,,157.99,OK,,,,157.89,OK,,,,37.91,OK,,,,38.19,OK,,,,,,,,,,,,,,,,,
2406150302D,ATKINSON 3.8 OCV,DM1P1,2024-06-15 07:57:49,18.996,24.88,OK,24.16,23.77,OK,23.57,23.5,OK,22.63,22.4,OK,23.59,23.5,OK,25.71,25.46,OK,23.48,23.48,OK,25.12,25.03,OK,0,0,,0,0,,11.24,OK,11.49,OK,11.36,OK,11.37,OK,11.29,OK,11.35,OK,11.37,OK,0,,0,,10.58,OK,10.73,OK,10.74,OK,10.48,OK,10.66,OK,10.63,OK,10.86,OK,0,,0,,,,82.02,OK,,,,82.62,OK,,,,157.29,OK,,,,157.81,OK,,,,37.17,OK,,,,37.31,OK,,,,,,,,,,,,,,,,,
2406150303D,ATKINSON 3.8 OCV,DM5P6,2024-06-15 07:58:44,18.986,26.35,OK,23.58,23.39,OK,24.51,24.46,OK,23.04,22.77,OK,22.7,22.63,OK,24.25,24.09,OK,25.53,25.43,OK,23.79,23.76,OK,0,0,,0,0,,2.38,OK,2.83,OK,2.81,OK,2.78,OK,2.8,OK,2.76,OK,2.79,OK,0,,0,,0.88,OK,0.89,OK,0.87,OK,0.88,OK,0.89,OK,0.86,OK,0.88,OK,0,,0,,,,82.52,OK,,,,83.23,OK,,,,157.23,OK,,,,157.65,OK,,,,37.17,OK,,,,38.18,OK,,,,,,,,,,,,,,,,,
2406150304D,ATKINSON 3.8 OCV,DM2P8,2024-06-15 07:59:43,18.99,25.53,OK,24.53,24.43,OK,23.37,23.34,OK,25.96,25.77,OK,25.64,25.55,OK,24.07,24.05,OK,24.41,24.34,OK,25.06,24.97,OK,0,0,,0,0,,10.77,OK,10.83,OK,11.58,OK,10.86,OK,10.88,OK,10.88,OK,10.86,OK,0,,0,,9.89,OK,10.1,OK,10.27,OK,10.08,OK,10,OK,10.28,OK,10.12,OK,0,,0,,,,82.07,OK,,,,81.88,OK,,,,158.19,OK,,,,158.31,OK,,,,37.76,OK,,,,38.22,OK,,,,,,,,,,,,,,,,,
2406150305D,ATKINSON 3.8 OCV,DM3P7,2024-06-15 08:00:38,18.998,25.15,OK,24.43,24.38,OK,25.15,24.59,OK,22.99,22.87,OK,23.29,23.06,OK,24.03,23.99,OK,23.71,23.52,OK,25.45,25.1,OK,0,0,,0,0,,11.61,OK,11.77,OK,11.76,OK,11.79,OK,12.1,OK,11.8,OK,11.59,OK,0,,0,,12.78,OK,12.8,OK,12.77,OK,12.81,OK,12.78,OK,12.74,OK,12.79,OK,0,,0,,,,82.37,OK,,,,82.52,OK,,,,158.41,OK,,,,157.68,OK,,,,37.96,OK,,,,38.16,OK,,,,,,,,,,,,,,,,,
2406150306D,ATKINSON 3.8 OCV,DM4P4,2024-06-15 08:01:33,18.985,25.96,OK,24.98,24.82,OK,23.62,23.62,OK,24.38,24.15,OK,24.17,23.8,OK,25.31,24.87,OK,26.21,25.98,OK,25.29,25.05,OK,0,0,,0,0,,12.57,OK,12.45,OK,12.7,OK,12.69,OK,12.57,OK,12.61,OK,12.64,OK,0,,0,,9.23,OK,9.69,OK,9.92,OK,9.99,OK,10.1,OK,10.2,OK,10.04,OK,0,,0,,,,81.13,OK,,,,81.54,OK,,,,158.18,OK,,,,157.88,OK,,,,37.82,OK,,,,38.08,OK,,,,,,,,,,,,,,,,,
2406150307D,ATKINSON 3.8 OCV,DM1P9,2024-06-15 08:02:32,18.993,25.78,OK,26.23,26.07,OK,24.18,24.16,OK,22.6,22.36,OK,24.25,24.11,OK,27.1,26.9,OK,24.07,24.04,OK,24.45,24.36,OK,0,0,,0,0,,11.29,OK,11.48,OK,11.32,OK,11.33,OK,11.85,OK,11.43,OK,11.41,OK,0,,0,,10.72,OK,10.81,OK,10.73,OK,10.93,OK,10.77,OK,10.69,OK,10.79,OK,0,,0,,,,82.06,OK,,,,82.71,OK,,,,157.66,OK,,,,157.89,OK,,,,37.87,OK,,,,37.54,OK,,,,,,,,,,,,,,,,,
2406150308D,ATKINSON 3.8 OCV,DM5P5,2024-06-15 08:03:30,18.993,26.51,OK,24.9,24.74,OK,25.39,25.2,OK,23.42,22.9,OK,25.04,24.95,OK,25.25,25.18,OK,24.41,24.37,OK,22.63,22.56,OK,0,0,,0,0,,2.38,OK,2.78,OK,2.85,OK,2.74,OK,2.79,OK,2.78,OK,2.81,OK,0,,0,,0.89,OK,0.84,OK,0.87,OK,0.87,OK,0.87,OK,0.88,OK,0.87,OK,0,,0,,,,81.96,OK,,,,81.41,OK,,,,157.93,OK,,,,158.29,OK,,,,37.63,OK,,,,37.49,OK,,,,,,,,,,,,,,,,,
2406150309D,ATKINSON 3.8 OCV,DM2P2,2024-06-15 08:04:22,18.998,25.3,OK,26.64,26.56,OK,24.46,24.31,OK,26.06,25.84,OK,25.94,25.86,OK,26.3,26.25,OK,25.5,25.47,OK,24.41,24.34,OK,0,0,,0,0,,10.84,OK,11.38,OK,11.54,OK,10.86,OK,10.86,OK,10.86,OK,10.84,OK,0,,0,,9.82,OK,10.2,OK,10.14,OK,10.13,OK,10.08,OK,10.11,OK,10.15,OK,0,,0,,,,81.63,OK,,,,82.03,OK,,,,158.04,OK,,,,158.04,OK,,,,38.01,OK,,,,37.83,OK,,,,,,,,,,,,,,,,,
2406150310D,ATKINSON 3.8 OCV,DM3P3,2024-06-15 08:05:21,18.987,25.67,OK,25.26,25.08,OK,25.19,24.61,OK,23.62,23.48,OK,23.85,23.59,OK,25.91,25.73,OK,25.94,25.8,OK,27.65,27.49,OK,0,0,,0,0,,11.91,OK,11.8,OK,11.73,OK,11.54,OK,12.1,OK,11.77,OK,11.64,OK,0,,0,,12.8,OK,12.83,OK,12.91,OK,12.83,OK,12.72,OK,12.68,OK,12.78,OK,0,,0,,,,82.86,OK,,,,82.09,OK,,,,157.94,OK,,,,157.87,OK,,,,37.59,OK,,,,38.09,OK,,,,,,,,,,,,,,,,,
2406150311D,ATKINSON 3.8 OCV,DM4P1,2024-06-15 08:06:16,18.984,25.8,OK,24.89,24.78,OK,24.47,24.36,OK,24.13,23.99,OK,25.8,25.66,OK,28.05,27.93,OK,24.5,24.36,OK,23.66,23.57,OK,0,0,,0,0,,12.57,OK,12.6,OK,12.71,OK,12.57,OK,12.56,OK,12.6,OK,12.6,OK,0,,0,,9.21,OK,9.87,OK,10.06,OK,10.07,OK,10.2,OK,10.17,OK,10.14,OK,0,,0,,,,82.09,OK,,,,82.18,OK,,,,157.64,OK,,,,157.84,OK,,,,37.73,OK,,,,38.11,OK,,,,,,,,,,,,,,,,,
2406150312D,ATKINSON 3.8 OCV,DM1P6,2024-06-15 08:07:11,18.992,25.42,OK,24.67,24.29,OK,25.19,25.19,OK,23.23,23.08,OK,22.92,22.85,OK,26.14,25.89,OK,23.19,23.05,OK,24.94,24.92,OK,0,0,,0,0,,11.33,OK,11.33,OK,11.33,OK,11.35,OK,11.55,OK,11.37,OK,11.34,OK,0,,0,,10.56,OK,10.75,OK,10.81,OK,10.35,OK,10.75,OK,10.53,OK,10.67,OK,0,,0,,,,82.94,OK,,,,82.69,OK,,,,156.94,OK,,,,157.05,OK,,,,37.42,OK,,,,37.76,OK,,,,,,,,,,,,,,,,,
2406150313D,ATKINSON 3.8 OCV,DM5P8,2024-06-15 08:08:10,18.985,24.25,OK,27.68,27.13,OK,25.85,25.83,OK,23.72,23.48,OK,23.25,23.21,OK,26.59,26.52,OK,23.88,23.83,OK,23.25,23.23,OK,0,0,,0,0,,2.33,OK,2.77,OK,2.8,OK,2.74,OK,2.77,OK,2.78,OK,2.88,OK,0,,0,,0.85,OK,0.87,OK,0.86,OK,0.88,OK,0.89,OK,0.85,OK,0.88,OK,0,,0,,,,81.52,OK,,,,81.33,OK,,,,158.06,OK,,,,158.7,OK,,,,38.48,OK,,,,37.66,OK,,,,,,,,,,,,,,,,,
2406150314D,ATKINSON 3.8 OCV,DM2P7,2024-06-15 08:09:05,18.996,24.83,OK,26.4,26.3,OK,24.7,24.68,OK,25.45,25.23,OK,25.94,25.89,OK,25.96,25.96,OK,25.38,25.33,OK,26.03,25.96,OK,0,0,,0,0,,10.8,OK,11,OK,10.92,OK,10.86,OK,10.85,OK,10.88,OK,10.85,OK,0,,0,,10,OK,10.07,OK,10.1,OK,10.15,OK,10.06,OK,9.99,OK,10.05,OK,0,,0,,,,82.37,OK,,,,82.37,OK,,,,158.66,OK,,,,158.03,OK,,,,37.96,OK,,,,38.26,OK,,,,,,,,,,,,,,,,,
2406150315D,ATKINSON 3.8 OCV,DM3P4,2024-06-15 08:10:00,18.985,24.87,OK,22.66,22.48,OK,25.66,25.05,OK,23.57,23.45,OK,23.71,23.31,OK,25.42,25.36,OK,25.03,24.96,OK,25.01,24.82,OK,0,0,,0,0,,11.94,OK,11.8,OK,11.74,OK,11.72,OK,11.81,OK,11.97,OK,11.94,OK,0,,0,,12.8,OK,12.82,OK,12.86,OK,12.83,OK,12.77,OK,12.77,OK,12.7,OK,0,,0,,,,81.71,OK,,,,81.57,OK,,,,158.08,OK,,,,158.18,OK,,,,38,OK,,,,38.27,OK,,,,,,,,,,,,,,,,,
2406150316D,ATKINSON 3.8 OCV,DM4P9,2024-06-15 08:10:59,18.986,23.93,OK,25.26,25.19,OK,23.87,23.82,OK,23.38,23.08,OK,23.82,23.41,OK,25.15,24.82,OK,24.5,24.24,OK,24.96,24.89,OK,0,0,,0,0,,12.53,OK,12.6,OK,12.48,OK,12.54,OK,12.53,OK,12.61,OK,12.65,OK,0,,0,,9.14,OK,9.72,OK,9.59,OK,9.7,OK,10.2,OK,10.15,OK,10.1,OK,0,,0,,,,81.5,OK,,,,81.5,OK,,,,158.18,OK,,,,158.41,OK,,,,38.49,OK,,,,38.1,OK,,,,,,,,,,,,,,,,,
2406150317D,ATKINSON 3.8 OCV,DM1P5,2024-06-15 08:11:54,18.988,24.36,OK,24.81,24.67,OK,24.04,24.04,OK,22.4,22.29,OK,25.1,25.06,OK,25.46,25.28,OK,23.35,23.26,OK,25.01,24.97,OK,0,0,,0,0,,11.36,OK,11.3,OK,11.26,OK,11.31,OK,11.37,OK,11.39,OK,11.39,OK,0,,0,,10.58,OK,10.81,OK,10.77,OK,10.78,OK,10.76,OK,10.72,OK,10.77,OK,0,,0,,,,81.89,OK,,,,81.7,OK,,,,157.49,OK,,,,158.05,OK,,,,38.08,OK,,,,37.82,OK,,,,,,,,,,,,,,,,,
2406150318D,ATKINSON 3.8 OCV,DM5P2,2024-06-15 08:12:52,18.996,24.83,OK,26.2,25.67,OK,23.67,23.58,OK,23.14,22.9,OK,23.58,23.53,OK,23.76,23.69,OK,23.76,23.74,OK,22.9,22.84,OK,0,0,,0,0,,2.34,OK,2.85,OK,2.94,OK,2.81,OK,2.75,OK,2.69,OK,2.74,OK,0,,0,,0.87,OK,0.84,OK,0.86,OK,0.86,OK,0.89,OK,0.89,OK,0.88,OK,0,,0,,,,81.51,OK,,,,81.97,OK,,,,158.18,OK,,,,157.42,OK,,,,38.11,OK,,,,37.35,OK,,,,,,,,,,,,,,,,,
2406150319D,ATKINSON 3.8 OCV,DM2P3,2024-06-15 08:13:48,18.996,23.63,OK,27.92,27.87,OK,24.82,24.75,OK,26.06,25.89,OK,26.81,26.78,OK,26.86,26.83,OK,24.7,24.58,OK,26.08,26.01,OK,0,0,,0,0,,10.9,OK,11.34,OK,11.55,OK,10.85,OK,10.86,OK,10.85,OK,10.86,OK,0,,0,,9.94,OK,10.09,OK,9.95,OK,10.11,OK,10.03,OK,10.04,OK,10.08,OK,0,,0,,,,82.45,OK,,,,81.81,OK,,,,158.44,OK,,,,158.53,OK,,,,38.14,OK,,,,38.43,OK,,,,,,,,,,,,,,,,,
2406150320D,ATKINSON 3.8 OCV,DM3P1,2024-06-15 08:14:43,18.986,25.76,OK,24.54,24.47,OK,24.06,23.71,OK,23.52,23.38,OK,23.92,23.8,OK,24.4,24.15,OK,25.19,24.89,OK,23.73,23.62,OK,0,0,,0,0,,11.68,OK,11.82,OK,11.71,OK,11.72,OK,11.78,OK,12.01,OK,11.94,OK,0,,0,,12.8,OK,12.84,OK,12.76,OK,12.86,OK,12.92,OK,12.77,OK,12.64,OK,0,,0,,,,82.03,OK,,,,81.98,OK,,,,157.54,OK,,,,157.67,OK,,,,37.79,OK,,,,37.88,OK,,,,,,,,,,,,,,,,,
2406150321D,ATKINSON 3.8 OCV,DM4P6,2024-06-15 08:15:38,18.984,23.97,OK,24.33,24.22,OK,23.66,23.55,OK,23.89,23.62,OK,24.38,24.08,OK,24.91,24.57,OK,23.89,23.68,OK,23.43,23.15,OK,0,0,,0,0,,12.49,OK,12.42,OK,12.49,OK,12.54,OK,12.53,OK,12.6,OK,12.63,OK,0,,0,,9.11,OK,9.71,OK,9.61,OK,9.68,OK,9.94,OK,10.2,OK,9.95,OK,0,,0,,,,82.49,OK,,,,82.61,OK,,,,157.69,OK,,,,157.61,OK,,,,37.94,OK,,,,38.41,OK,,,,,,,,,,,,,,,,,
2406150322D,ATKINSON 3.8 OCV,DM1P8,2024-06-15 08:16:37,18.991,25.13,OK,23.73,23.39,OK,23.55,23.48,OK,22.69,22.47,OK,23.98,23.77,OK,25.39,25.39,OK,23.35,23.26,OK,24.09,24.04,OK,0,0,,0,0,,11.29,OK,11.56,OK,11.35,OK,11.38,OK,11.67,OK,11.36,OK,11.38,OK,0,,0,,10.57,OK,10.75,OK,10.79,OK,10.81,OK,10.86,OK,10.74,OK,10.85,OK,0,,0,,,,81.23,OK,,,,81.72,OK,,,,157.69,OK,,,,157.92,OK,,,,37.57,OK,,,,37.98,OK,,,,,,,,,,,,,,,,,
2406150323D,ATKINSON 3.8 OCV,DM5P7,2024-06-15 08:17:32,18.985,25.73,OK,24.13,24.09,OK,24.67,24.53,OK,23.21,22.84,OK,24.85,24.81,OK,24.18,24.09,OK,24.04,24,OK,22.56,22.56,OK,0,0,,0,0,,2.33,OK,2.73,OK,2.76,OK,2.76,OK,2.75,OK,2.76,OK,2.69,OK,0,,0,,2.5,OK,2.48,OK,0.79,OK,0.83,OK,0.83,OK,0.88,OK,0.82,OK,0,,0,,,,82.6,OK,,,,82.46,OK,,,,158.36,OK,,,,158.29,OK,,,,37.56,OK,,,,37.79,OK,,,,,,,,,,,,,,,,,
2406150324D,ATKINSON 3.8 OCV,DM2P4,2024-06-15 08:18:30,18.998,24.71,OK,27.61,27.56,OK,26.18,26.08,OK,25.09,24.82,OK,25.57,25.47,OK,26.08,26.03,OK,24.68,24.63,OK,26.95,26.9,OK,0,0,,0,0,,10.83,OK,10.98,OK,11.31,OK,10.85,OK,10.87,OK,10.87,OK,10.88,OK,0,,0,,9.99,OK,9.97,OK,10.25,OK,10.15,OK,10.18,OK,10.18,OK,10.19,OK,0,,0,,,,81.64,OK,,,,81.5,OK,,,,158.5,OK,,,,158.61,OK,,,,38.27,OK,,,,38.45,OK,,,,,,,,,,,,,,,,,
2406150325D,ATKINSON 3.8 OCV,DM3P9,2024-06-15 08:19:26,18.984,23.65,OK,27.1,26.96,OK,26.77,26.35,OK,24.06,23.82,OK,23.57,23.52,OK,26.49,26.45,OK,25.63,25.56,OK,25.22,25.01,OK,0,0,,0,0,,11.75,OK,11.79,OK,11.8,OK,11.79,OK,11.8,OK,11.96,OK,12,OK,0,,0,,12.8,OK,12.83,OK,12.7,OK,12.92,OK,12.77,OK,12.78,OK,12.82,OK,0,,0,,,,81.66,OK,,,,81.95,OK,,,,158,OK,,,,158.02,OK,,,,38.21,OK,,,,37.82,OK,,,,,,,,,,,,,,,,,
2406150326D,ATKINSON 3.8 OCV,DM4P5,2024-06-15 08:20:27,18.994,24.5,OK,24.43,24.2,OK,23.96,23.87,OK,23.29,23.1,OK,24.61,24.5,OK,25.63,25.31,OK,23.55,23.27,OK,25.75,25.66,OK,0,0,,0,0,,12.51,OK,12.43,OK,12.61,OK,12.5,OK,12.55,OK,12.62,OK,12.63,OK,0,,0,,9.12,OK,9.67,OK,9.66,OK,9.88,OK,10.16,OK,10.05,OK,10.13,OK,0,,0,,,,81.97,OK,,,,81.8,OK,,,,157.76,OK,,,,157.53,OK,,,,37.58,OK,,,,37.62,OK,,,,,,,,,,,,,,,,,
2406150327D,ATKINSON 3.8 OCV,DM1P2,2024-06-15 08:21:23,18.996,23.92,OK,26.47,26.23,OK,24.72,24.63,OK,24.45,24.31,OK,24.09,24.07,OK,28.09,27.64,OK,25.78,25.78,OK,24.88,24.83,OK,0,0,,0,0,,11.24,OK,11.28,OK,11.39,OK,11.37,OK,11.42,OK,11.53,OK,11.37,OK,0,,0,,10.79,OK,10.82,OK,10.9,OK,10.75,OK,10.99,OK,10.9,OK,10.87,OK,0,,0,,,,82.26,OK,,,,82.63,OK,,,,156.51,OK,,,,157.18,OK,,,,36.86,OK,,,,36.85,OK,,,,,,,,,,,,,,,,,
2406150328D,ATKINSON 3.8 OCV,DM5P3,2024-06-15 08:22:18,18.993,23.71,OK,28.29,27.71,OK,24.69,24.48,OK,22.49,22.12,OK,23.32,23.28,OK,24.55,24.44,OK,22.95,22.84,OK,24.11,24.04,OK,0,0,,0,0,,2.29,OK,2.75,OK,2.75,OK,2.75,OK,2.77,OK,2.76,OK,2.73,OK,0,,0,,0.9,OK,0.85,OK,0.82,OK,0.86,OK,0.86,OK,0.87,OK,0.9,OK,0,,0,,,,83.6,OK,,,,82.26,OK,,,,157.28,OK,,,,157.13,OK,,,,37.89,OK,,,,36.87,OK,,,,,,,,,,,,,,,,,
2406150329D,ATKINSON 3.8 OCV,DM2P1,2024-06-15 08:23:16,18.993,24.12,OK,27.51,27.36,OK,24.43,24.34,OK,27.12,26.95,OK,25.69,25.62,OK,27.24,27.19,OK,26.35,26.35,OK,25.55,25.52,OK,0,0,,0,0,,10.84,OK,10.8,OK,10.74,OK,10.86,OK,10.85,OK,10.84,OK,10.86,OK,0,,0,,10.05,OK,10.09,OK,10.15,OK,10.08,OK,10.1,OK,10.18,OK,10.14,OK,0,,0,,,,82.82,OK,,,,82.99,OK,,,,157.39,OK,,,,157.77,OK,,,,37.13,OK,,,,37.45,OK,,,,,,,,,,,,,,,,,
2406150330D,ATKINSON 3.8 OCV,DM3P6,2024-06-15 08:24:12,18.984,24.48,OK,25.31,25.22,OK,24.64,24.33,OK,26.14,26.1,OK,25.7,25.54,OK,26.14,26,OK,25.73,25.45,OK,26.21,25.98,OK,0,0,,0,0,,11.8,OK,11.66,OK,11.68,OK,11.75,OK,11.8,OK,11.99,OK,11.97,OK,0,,0,,12.83,OK,12.82,OK,12.81,OK,12.92,OK,12.77,OK,12.78,OK,12.7,OK,0,,0,,,,83.07,OK,,,,82.62,OK,,,,157.27,OK,,,,156.63,OK,,,,37.41,OK,,,,37.9,OK,,,,,,,,,,,,,,,,,
2406150331D,ATKINSON 3.8 OCV,DM4P8,2024-06-15 08:25:07,18.984,24.48,OK,25.03,24.96,OK,24.03,23.94,OK,23.64,23.5,OK,24.61,24.13,OK,24.2,23.87,OK,23.8,23.57,OK,24.2,24.03,OK,0,0,,0,0,,12.47,OK,12.6,OK,12.63,OK,12.5,OK,12.53,OK,12.61,OK,12.6,OK,0,,0,,9.16,OK,9.64,OK,9.7,OK,9.88,OK,10.01,OK,10.28,OK,10.08,OK,0,,0,,,,81.56,OK,,,,82.12,OK,,,,157.76,OK,,,,157.66,OK,,,,37.29,OK,,,,37.67,OK,,,,,,,,,,,,,,,,,
2406150332D,ATKINSON 3.8 OCV,DM1P7,2024-06-15 08:26:02,18.992,25.1,OK,26.25,25.89,OK,23.68,23.66,OK,24,23.75,OK,24.13,24.07,OK,27.71,27.53,OK,24.92,24.88,OK,27.24,27.19,OK,0,0,,0,0,,11.23,OK,11.6,OK,11.29,OK,11.33,OK,11.35,OK,11.39,OK,11.47,OK,0,,0,,10.69,OK,10.82,OK,10.83,OK,10.93,OK,10.83,OK,10.75,OK,10.63,OK,0,,0,,,,83.71,OK,,,,83.37,OK,,,,157.51,OK,,,,157.15,OK,,,,36.94,OK,,,,37.21,OK,,,,,,,,,,,,,,,,,
2406150333D,ATKINSON 3.8 OCV,DM5P4,2024-06-15 08:27:01,18.987,24.6,OK,27.99,27.27,OK,24.3,24.25,OK,23.28,22.97,OK,24.34,24.13,OK,26.13,25.92,OK,24.6,24.53,OK,25.55,25.46,OK,0,0,,0,0,,2.38,OK,2.8,OK,2.89,OK,2.78,OK,2.91,OK,2.9,OK,2.75,OK,0,,0,,0.86,OK,0.85,OK,0.86,OK,0.86,OK,0.86,OK,0.88,OK,0.84,OK,0,,0,,,,82.58,OK,,,,82.38,OK,,,,157.79,OK,,,,157.23,OK,,,,36.89,OK,,,,37.58,OK,,,,,,,,,,,,,,,,,
2406150334D,ATKINSON 3.8 OCV,DM2P9,2024-06-15 08:27:56,18.986,24.73,OK,24.43,24.38,OK,24.6,24.55,OK,26.42,26.15,OK,25.21,25.16,OK,24.58,24.53,OK,24.55,24.51,OK,26.52,26.49,OK,0,0,,0,0,,10.91,OK,11.5,OK,10.85,OK,10.83,OK,10.85,OK,10.87,OK,10.86,OK,0,,0,,9.96,OK,10.15,OK,10.02,OK,9.99,OK,9.99,OK,10.04,OK,10.03,OK,0,,0,,,,82.22,OK,,,,82.35,OK,,,,158.18,OK,,,,158.26,OK,,,,38.01,OK,,,,37.53,OK,,,,,,,,,,,,,,,,,
2406150335D,ATKINSON 3.8 OCV,DM3P5,2024-06-15 08:28:51,18.986,24.73,OK,26.17,26.1,OK,25.89,25.59,OK,23.15,23.04,OK,23.64,23.52,OK,25.87,25.8,OK,25.29,25.19,OK,25.47,25.15,OK,0,0,,0,0,,11.71,OK,11.79,OK,11.78,OK,11.77,OK,11.81,OK,11.96,OK,11.81,OK,0,,0,,12.78,OK,12.83,OK,12.69,OK,12.91,OK,12.79,OK,12.82,OK,12.71,OK,0,,0,,,,82.57,OK,,,,81.98,OK,,,,157.54,OK,,,,157.61,OK,,,,37.88,OK,,,,37.79,OK,,,,,,,,,,,,,,,,,
2406150336D,ATKINSON 3.8 OCV,DM4P2,2024-06-15 08:29:50,18.998,23.48,OK,23.48,23.41,OK,23.43,23.41,OK,24.4,24.24,OK,24.5,24.15,OK,24.96,24.82,OK,23.1,22.92,OK,23.78,23.57,OK,0,0,,0,0,,12.48,OK,12.45,OK,12.54,OK,12.48,OK,12.48,OK,12.6,OK,12.6,OK,0,,0,,9.01,OK,9.65,OK,9.82,OK,9.83,OK,10.02,OK,10.03,OK,9.96,OK,0,,0,,,,81.84,OK,,,,82.25,OK,,,,157.39,OK,,,,157.44,OK,,,,37.39,OK,,,,37.49,OK,,,,,,,,,,,,,,,,,
2406150337D,ATKINSON 3.8 OCV,DM1P3,2024-06-15 08:30:45,18.984,25.35,OK,26.68,26.47,OK,22.58,22.47,OK,22.99,22.54,OK,24.4,24.25,OK,26.88,26.45,OK,23.32,23.21,OK,23.57,23.53,OK,0,0,,0,0,,11.34,OK,11.3,OK,11.37,OK,11.32,OK,11.34,OK,11.47,OK,11.46,OK,0,,0,,10.72,OK,10.67,OK,10.94,OK,10.88,OK,10.74,OK,10.64,OK,10.85,OK,0,,0,,,,83.56,OK,,,,83.26,OK,,,,157.03,OK,,,,157.05,OK,,,,36.8,OK,,,,36.94,OK,,,,,,,,,,,,,,,,,
2406150338D,ATKINSON 3.8 OCV,DM5P1,2024-06-15 08:31:40,18.992,25.03,OK,28.29,27.8,OK,26.04,25.94,OK,25.32,25.11,OK,23.86,23.83,OK,25.02,24.9,OK,24.62,24.51,OK,25.55,25.5,OK,0,0,,0,0,,2.44,OK,2.82,OK,2.89,OK,2.77,OK,2.76,OK,2.75,OK,2.72,OK,0,,0,,0.89,OK,0.87,OK,0.87,OK,0.86,OK,0.85,OK,0.89,OK,3.7,OK,0,,0,,,,82.44,OK,,,,82.2,OK,,,,157.65,OK,,,,157.36,OK,,,,37.72,OK,,,,36.89,OK,,,,,,,,,,,,,,,,,
2406150339D,ATKINSON 3.8 OCV,DM2P6,2024-06-15 08:32:39,18.985,23.48,OK,24.87,24.77,OK,23.08,23.03,OK,25.81,25.6,OK,25.18,25.11,OK,26.15,26.13,OK,24.92,24.92,OK,26.23,26.15,OK,0,0,,0,0,,10.91,OK,11.46,OK,11.6,OK,10.83,OK,10.87,OK,10.86,OK,10.86,OK,0,,0,,9.9,OK,10.01,OK,10.34,OK,10.03,OK,10.03,OK,10.04,OK,10.06,OK,0,,0,,,,83.36,OK,,,,83.18,OK,,,,157.51,OK,,,,157.12,OK,,,,37.41,OK,,,,37.65,OK,,,,,,,,,,,,,,,,,
2406150340D,ATKINSON 3.8 OCV,DM3P8,2024-06-15 08:33:34,18.991,24.26,OK,25.1,25.05,OK,24.87,24.59,OK,22.52,22.41,OK,24.5,24.43,OK,24.75,24.68,OK,25.68,25.66,OK,24.2,24.17,OK,0,0,,0,0,,11.75,OK,11.79,OK,11.82,OK,11.8,OK,11.8,OK,11.94,OK,11.97,OK,0,,0,,12.79,OK,12.83,OK,12.75,OK,12.9,OK,12.76,OK,12.77,OK,12.64,OK,0,,0,,,,81.76,OK,,,,81.87,OK,,,,157.51,OK,,,,157.57,OK,,,,36.86,OK,,,,37.33,OK,,,,,,,,,,,,,,,,,
2406150341D,ATKINSON 3.8 OCV,DM4P7,2024-06-15 08:34:32,18.994,23.21,OK,24.73,24.68,OK,24.38,24.31,OK,23.62,23.41,OK,24.29,24.1,OK,24.8,24.45,OK,24.22,23.99,OK,25.42,25.05,OK,0,0,,0,0,,12.44,OK,12.45,OK,12.62,OK,12.5,OK,12.48,OK,12.61,OK,12.63,OK,0,,0,,9.17,OK,9.67,OK,9.68,OK,9.83,OK,10.1,OK,10.19,OK,10.1,OK,0,,0,,,,82.33,OK,,,,82.95,OK,,,,158.51,OK,,,,157.56,OK,,,,37.42,OK,,,,37.53,OK,,,,,,,,,,,,,,,,,
2406150342D,ATKINSON 3.8 OCV,DM1P4,2024-06-15 08:35:28,18.985,24.65,OK,25.69,25.51,OK,25.91,25.89,OK,23.08,22.85,OK,24.38,24.36,OK,26.68,26.45,OK,23.8,23.68,OK,23.98,23.98,OK,0,0,,0,0,,11.27,OK,11.63,OK,11.34,OK,11.37,OK,11.35,OK,11.35,OK,11.4,OK,0,,0,,10.63,OK,10.75,OK,10.76,OK,10.78,OK,10.91,OK,10.78,OK,10.87,OK,0,,0,,,,82.57,OK,,,,82.83,OK,,,,156.91,OK,,,,156.96,OK,,,,36.79,OK,,,,36.68,OK,,,,,,,,,,,,,,,,,
2406150344D,ATKINSON 3.8 OCV,DM2P5,2024-06-15 08:36:26,18.984,23.47,OK,26.98,26.95,OK,25.14,25.01,OK,25.89,25.79,OK,25.91,25.84,OK,26.3,26.27,OK,24.85,24.8,OK,25.6,25.57,OK,0,0,,0,0,,10.83,OK,11.05,OK,10.76,OK,10.86,OK,10.86,OK,10.87,OK,10.88,OK,0,,0,,9.98,OK,10.12,OK,10.03,OK,10,OK,10.11,OK,10.17,OK,10.11,OK,0,,0,,,,82.81,OK,,,,82.41,OK,,,,157.73,OK,,,,157.82,OK,,,,37.83,OK,,,,37.67,OK,,,,,,,,,,,,,,,,,
2406150345D,ATKINSON 3.8 OCV,DM3P2,2024-06-15 08:37:21,18.984,24.07,OK,24.87,24.8,OK,25.24,25.01,OK,23.71,23.64,OK,21.41,21.36,OK,24.98,24.96,OK,25.17,25.03,OK,24.43,24.24,OK,0,0,,0,0,,11.59,OK,11.79,OK,11.78,OK,12.01,OK,11.8,OK,12,OK,11.81,OK,0,,0,,12.83,OK,12.84,OK,12.77,OK,12.76,OK,12.76,OK,12.81,OK,12.78,OK,0,,0,,,,81.86,OK,,,,82.22,OK,,,,157.07,OK,,,,157.29,OK,,,,37.53,OK,,,,37.32,OK,,,,,,,,,,,,,,,,,
2406150346D,ATKINSON 3.8 OCV,DM4P3,2024-06-15 08:38:20,18.998,24.76,OK,22.92,22.73,OK,25.31,25.05,OK,24.4,23.94,OK,25.75,25.19,OK,26.79,26.17,OK,25.29,25.1,OK,24.61,24.52,OK,0,0,,0,0,,12.5,OK,12.41,OK,12.64,OK,12.47,OK,12.51,OK,12.62,OK,12.64,OK,0,,0,,9.23,OK,9.56,OK,9.76,OK,9.92,OK,10.09,OK,10.23,OK,10.05,OK,0,,0,,,,82.97,OK,,,,82.51,OK,,,,157.25,OK,,,,157.24,OK,,,,37.23,OK,,,,37.19,OK,,,,,,,,,,,,,,,,,
2406150347D,ATKINSON 3.8 OCV,DM1P1,2024-06-15 08:39:15,18.991,25.35,OK,26.97,26.68,OK,24.58,24.56,OK,23.41,23.19,OK,24.43,24.34,OK,26.45,26.07,OK,24.81,24.72,OK,24.16,24.11,OK,0,0,,0,0,,11.26,OK,11.43,OK,11.36,OK,11.37,OK,11.37,OK,11.48,OK,11.41,OK,0,,0,,10.76,OK,10.78,OK,10.74,OK,10.66,OK,10.79,OK,10.8,OK,10.96,OK,0,,0,,,,82.68,OK,,,,82.99,OK,,,,156.84,OK,,,,157.49,OK,,,,36.78,OK,,,,37.12,OK,,,,,,,,,,,,,,,,,
2406150343D,ATKINSON 3.8 OCV,DM5P9,2024-06-15 08:40:10,18.997,23.98,OK,26.11,25.8,OK,27.43,27.41,OK,24.27,23.97,OK,24.58,24.58,OK,24.92,24.88,OK,23.97,23.95,OK,24.64,24.62,OK,0,0,,0,0,,2.32,OK,2.76,OK,2.78,OK,2.77,OK,2.79,OK,2.77,OK,2.71,OK,0,,0,,0.88,OK,0.89,OK,0.86,OK,0.86,OK,0.88,OK,0.9,OK,2.51,OK,0,,0,,,,82.64,OK,,,,82.62,OK,,,,157.83,OK,,,,157.23,OK,,,,38.09,OK,,,,36.53,OK,,,,,,,,,,,,,,,,,
2406150348D,ATKINSON 3.8 OCV,DM2P8,2024-06-15 08:41:09,18.984,24.68,OK,27.53,27.49,OK,23.42,23.37,OK,24.99,24.77,OK,26.35,26.3,OK,24.48,24.43,OK,24.38,24.31,OK,24.99,24.94,OK,0,0,,0,0,,11.13,OK,10.88,OK,10.98,OK,10.85,OK,10.85,OK,10.86,OK,10.86,OK,0,,0,,9.96,OK,9.99,OK,9.94,OK,9.92,OK,9.97,OK,9.93,OK,9.87,OK,0,,0,,,,82.71,OK,,,,82.44,OK,,,,157.64,OK,,,,157.76,OK,,,,37.43,OK,,,,37.6,OK,,,,,,,,,,,,,,,,,
2406150349D,ATKINSON 3.8 OCV,DM3P7,2024-06-15 08:42:04,18.985,24.27,OK,25.82,25.7,OK,25.52,25.15,OK,24.06,23.87,OK,23.36,23.22,OK,25.05,24.94,OK,26.31,26.14,OK,24.82,24.4,OK,0,0,,0,0,,11.64,OK,11.77,OK,11.76,OK,11.73,OK,11.91,OK,11.83,OK,11.87,OK,0,,0,,12.78,OK,12.81,OK,12.72,OK,12.82,OK,12.67,OK,12.82,OK,12.78,OK,0,,0,,,,82.8,OK,,,,82.77,OK,,,,158.15,OK,,,,157.33,OK,,,,37.22,OK,,,,37.66,OK,,,,,,,,,,,,,,,,,
2406150350D,ATKINSON 3.8 OCV,DM4P4,2024-06-15 08:43:03,18.983,23.51,OK,25.26,25.19,OK,24.68,24.54,OK,24.38,23.8,OK,24.31,23.89,OK,25.42,25.12,OK,25.17,24.73,OK,24.8,24.26,OK,0,0,,0,0,,12.48,OK,12.43,OK,12.66,OK,12.5,OK,12.49,OK,12.57,OK,12.61,OK,0,,0,,9.2,OK,9.71,OK,9.82,OK,9.9,OK,10.06,OK,10.19,OK,9.74,OK,0,,0,,,,81.93,OK,,,,82.05,OK,,,,157.95,OK,,,,158.3,OK,,,,37.52,OK,,,,37.94,OK,,,,,,,,,,,,,,,,,
2406150351D,ATKINSON 3.8 OCV,DM1P9,2024-06-15 08:44:01,18.999,24.95,OK,25.53,25.28,OK,24.54,24.47,OK,23.46,23.32,OK,24.65,24.56,OK,27.89,27.64,OK,24.04,23.86,OK,23.64,23.57,OK,0,0,,0,0,,11.22,OK,11.3,OK,11.4,OK,11.54,OK,11.45,OK,11.55,OK,11.42,OK,0,,0,,10.73,OK,10.71,OK,10.79,OK,10.72,OK,10.95,OK,10.76,OK,10.82,OK,0,,0,,,,82.41,OK,,,,83.13,OK,,,,156.94,OK,,,,157.31,OK,,,,37.34,OK,,,,37.06,OK,,,,,,,,,,,,,,,,,
2406150353D,ATKINSON 3.8 OCV,DM2P5,2024-06-15 08:44:56,18.995,24.13,OK,26.59,26.49,OK,25.16,25.06,OK,26.15,25.84,OK,26.03,25.94,OK,25.91,25.91,OK,23.44,23.32,OK,25.47,25.45,OK,0,0,,0,0,,10.86,OK,11.26,OK,10.83,OK,10.87,OK,10.87,OK,10.86,OK,10.84,OK,0,,0,,9.79,OK,9.97,OK,10.08,OK,9.91,OK,9.96,OK,10.02,OK,9.91,OK,0,,0,,,,82.28,OK,,,,81.93,OK,,,,158.08,OK,,,,158.08,OK,,,,37.84,OK,,,,37.87,OK,,,,,,,,,,,,,,,,,
2406150354D,ATKINSON 3.8 OCV,DM3P2,2024-06-15 08:45:52,18.988,24.92,OK,24.87,24.75,OK,25.68,25.4,OK,23.2,23.15,OK,22.71,22.66,OK,25.03,25.01,OK,23.78,23.73,OK,21.9,21.85,OK,0,0,,0,0,,11.82,OK,11.81,OK,11.81,OK,11.97,OK,11.75,OK,11.81,OK,12.23,OK,0,,0,,12.87,OK,12.82,OK,12.89,OK,12.9,OK,12.79,OK,12.77,OK,12.63,OK,0,,0,,,,82.09,OK,,,,82.32,OK,,,,157.42,OK,,,,157.49,OK,,,,37.7,OK,,,,37.41,OK,,,,,,,,,,,,,,,,,
2406150355D,ATKINSON 3.8 OCV,DM4P3,2024-06-15 08:46:50,18.992,24.96,OK,27.16,27.14,OK,24.84,24.57,OK,25.77,25.4,OK,26.56,25.96,OK,27.33,26.68,OK,26.68,26.38,OK,24.71,24.26,OK,0,0,,0,0,,12.5,OK,12.54,OK,12.63,OK,12.6,OK,12.61,OK,12.62,OK,12.6,OK,0,,0,,9.23,OK,9.78,OK,9.68,OK,9.92,OK,10.26,OK,10.16,OK,10.02,OK,0,,0,,,,82.49,OK,,,,82.28,OK,,,,157.51,OK,,,,157.57,OK,,,,37.5,OK,,,,37.62,OK,,,,,,,,,,,,,,,,,
2406150356D,ATKINSON 3.8 OCV,DM1P1,2024-06-15 08:47:49,18.994,23.82,OK,24.07,23.84,OK,26.2,26.11,OK,23.57,23.32,OK,24.25,24.22,OK,26.97,26.61,OK,24.49,24.4,OK,25.53,25.48,OK,0,0,,0,0,,11.3,OK,11.27,OK,11.33,OK,11.33,OK,11.39,OK,11.46,OK,11.43,OK,0,,0,,10.64,OK,10.74,OK,10.8,OK,10.64,OK,10.52,OK,10.8,OK,10.85,OK,0,,0,,,,82.49,OK,,,,82.91,OK,,,,156.9,OK,,,,157.36,OK,,,,37.19,OK,,,,37.32,OK,,,,,,,,,,,,,,,,,
2406150352D,ATKINSON 3.8 OCV,DM5P6,2024-06-15 08:47:52,18.992,24.92,OK,26.83,26.41,OK,25.6,25.53,OK,23.65,23.3,OK,24.09,24.02,OK,24.74,24.67,OK,23.6,23.53,OK,24.69,24.6,OK,0,0,,0,0,,2.32,OK,2.77,OK,2.74,OK,2.73,OK,2.74,OK,2.7,OK,2.73,OK,0,,0,,0.87,OK,0.88,OK,0.88,OK,0.87,OK,0.87,OK,0.87,OK,0.9,OK,0,,0,,,,83.65,OK,,,,83.36,OK,,,,157.09,OK,,,,157.44,OK,,,,37.12,OK,,,,38.11,OK,,,,,,,,,,,,,,,,,
11,,,2024-06-15 08:50:47,,,,,,,,,,,,,,,,,,,,,,,,,,,,,,,,,,,,,,,,,,,,,,,,,,,,,,,,,,,,,,,,,,,,,82.17,OK,,,,81.91,OK,,,,157.35,OK,,,,157.78,OK,,,,37.6,OK,,,,37.88,OK,,,,,,,,,,,,,,,,,
2406150360D,ATKINSON 3.8 OCV,DM1P6,2024-06-15 08:51:43,18.986,24.63,OK,24.04,23.82,OK,22.74,22.74,OK,23.35,23.23,OK,22.54,22.49,OK,25.26,25.03,OK,23.75,23.53,OK,24.16,24.13,OK,0,0,,0,0,,11.21,OK,11.39,OK,11.33,OK,11.32,OK,11.48,OK,11.38,OK,11.4,OK,0,,0,,10.7,OK,10.73,OK,10.78,OK,10.7,OK,10.73,OK,10.76,OK,10.6,OK,0,,0,,,,83.52,OK,,,,83.85,OK,,,,156.53,OK,,,,156.52,OK,,,,36.62,OK,,,,37.02,OK,,,,,,,,,,,,,,,,,
2406150359D,ATKINSON 3.8 OCV,DM4P9,2024-06-15 08:52:41,18.996,26.33,OK,23.48,23.41,OK,23.48,23.38,OK,23.8,23.64,OK,24.78,24.57,OK,26.12,25.91,OK,24.22,24.08,OK,23.24,23.06,OK,0,0,,0,0,,12.47,OK,12.55,OK,12.51,OK,12.46,OK,12.45,OK,12.6,OK,12.61,OK,0,,0,,9.17,OK,9.72,OK,9.82,OK,9.91,OK,10.22,OK,10.14,OK,10.18,OK,0,,0,,,,82.12,OK,,,,82.27,OK,,,,157.63,OK,,,,157.61,OK,,,,38.07,OK,,,,37.59,OK,,,,,,,,,,,,,,,,,
2406150362D,ATKINSON 3.8 OCV,DM2P5,2024-06-15 08:53:36,18.99,24.85,OK,26.37,26.25,OK,24.41,24.36,OK,24.36,24.24,OK,26.4,26.35,OK,25.06,24.97,OK,24.43,24.38,OK,25.45,25.35,OK,0,0,,0,0,,11.43,OK,10.97,OK,11.34,OK,10.85,OK,10.83,OK,11.62,OK,11.32,OK,0,,0,,9.83,OK,9.83,OK,9.99,OK,9.93,OK,9.98,OK,9.84,OK,9.98,OK,0,,0,,,,82.51,OK,,,,81.9,OK,,,,157.67,OK,,,,158.08,OK,,,,38.02,OK,,,,37.85,OK,,,,,,,,,,,,,,,,,
2406150363D,ATKINSON 3.8 OCV,DM3P2,2024-06-15 08:54:32,18.986,24.85,OK,23.75,23.57,OK,26.96,26.75,OK,23.01,22.94,OK,22.62,22.57,OK,24.5,24.45,OK,25.03,24.98,OK,22.2,22.18,OK,0,0,,0,0,,11.74,OK,11.8,OK,11.79,OK,11.83,OK,11.94,OK,11.84,OK,12.09,OK,0,,0,,12.8,OK,12.83,OK,12.85,OK,12.81,OK,12.56,OK,12.61,OK,12.74,OK,0,,0,,,,81.97,OK,,,,82.24,OK,,,,157.47,OK,,,,157.61,OK,,,,37.46,OK,,,,37.42,OK,,,,,,,,,,,,,,,,,
2406150364D,ATKINSON 3.8 OCV,DM1P1,2024-06-15 08:55:27,18.998,24.86,OK,25.6,25.35,OK,23.71,23.62,OK,24.02,23.8,OK,25.37,25.26,OK,26.52,26.27,OK,24.34,24.27,OK,23.17,23.12,OK,0,0,,0,0,,11.38,OK,11.36,OK,11.34,OK,11.37,OK,11.46,OK,11.44,OK,11.48,OK,0,,0,,10.46,OK,10.63,OK,10.83,OK,10.78,OK,10.94,OK,10.8,OK,10.69,OK,0,,0,,,,82.74,OK,,,,83.05,OK,,,,156.56,OK,,,,157.21,OK,,,,36.52,OK,,,,36.78,OK,,,,,,,,,,,,,,,,,
2406150365D,ATKINSON 3.8 OCV,DM4P3,2024-06-15 08:56:22,18.988,27.03,OK,27.07,26.98,OK,24.29,24.17,OK,23.92,23.59,OK,24.82,24.31,OK,25.54,25.33,OK,24.8,24.71,OK,24.8,24.66,OK,0,0,,0,0,,12.55,OK,12.64,OK,12.63,OK,12.63,OK,12.63,OK,12.49,OK,12.57,OK,0,,0,,9.54,OK,9.9,OK,10.06,OK,10.08,OK,9.88,OK,10.08,OK,9.89,OK,0,,0,,,,82.85,OK,,,,82.08,OK,,,,157.76,OK,,,,157.7,OK,,,,37.42,OK,,,,37.7,OK,,,,,,,,,,,,,,,,,
2406150366D,ATKINSON 3.8 OCV,DM2P4,2024-06-15 08:57:17,18.985,26.87,OK,27.41,27.36,OK,25.31,25.21,OK,26.93,26.71,OK,25.09,25.09,OK,25.86,25.79,OK,25.91,25.91,OK,26.61,26.54,OK,0,0,,0,0,,10.68,OK,10.81,OK,10.8,OK,10.87,OK,10.86,OK,11.51,OK,10.95,OK,0,,0,,9.86,OK,9.97,OK,9.97,OK,9.86,OK,10,OK,10.08,OK,10.01,OK,0,,0,,,,82.37,OK,,,,82.67,OK,,,,157.79,OK,,,,157.67,OK,,,,37.26,OK,,,,37.26,OK,,,,,,,,,,,,,,,,,
2406150367D,ATKINSON 3.8 OCV,DM3P9,2024-06-15 08:58:16,18.986,26.46,OK,23.2,22.99,OK,24.96,24.5,OK,22.73,22.62,OK,22.15,21.92,OK,24.78,24.59,OK,24.5,24.31,OK,24.91,24.82,OK,0,0,,0,0,,11.57,OK,11.88,OK,11.76,OK,11.95,OK,11.82,OK,11.81,OK,11.92,OK,0,,0,,12.92,OK,12.89,OK,12.81,OK,12.83,OK,12.58,OK,12.58,OK,12.59,OK,0,,0,,,,82.55,OK,,,,82.4,OK,,,,157.67,OK,,,,157.25,OK,,,,37.84,OK,,,,37.45,OK,,,,,,,,,,,,,,,,,
2406150368D,ATKINSON 3.8 OCV,DM1P6,2024-06-15 08:59:11,18.991,25.95,OK,24.18,23.95,OK,23.66,23.55,OK,24.31,24.22,OK,22.96,22.92,OK,27.4,27.22,OK,24.88,24.83,OK,25.73,25.73,OK,0,0,,0,0,,11.33,OK,11.36,OK,11.27,OK,11.34,OK,11.46,OK,11.43,OK,11.44,OK,0,,0,,10.4,OK,10.7,OK,10.74,OK,10.66,OK,10.63,OK,10.82,OK,10.7,OK,0,,0,,,,83.72,OK,,,,83.56,OK,,,,156.61,OK,,,,156.8,OK,,,,36.77,OK,,,,36.96,OK,,,,,,,,,,,,,,,,,
2406150369D,ATKINSON 3.8 OCV,DM4P8,2024-06-15 09:00:10,18.994,25.45,OK,25.77,25.75,OK,24.54,24.5,OK,24.33,24.1,OK,25.52,25.26,OK,24.66,24.54,OK,24.87,24.66,OK,24.64,24.52,OK,0,0,,0,0,,12.59,OK,12.6,OK,12.59,OK,12.63,OK,12.54,OK,12.6,OK,12.53,OK,0,,0,,9.46,OK,9.98,OK,9.84,OK,10.09,OK,10.19,OK,10.06,OK,9.87,OK,0,,0,,,,82.05,OK,,,,82.33,OK,,,,157.18,OK,,,,157.19,OK,,,,36.81,OK,,,,37.02,OK,,,,,,,,,,,,,,,,,
2406150370D,ATKINSON 3.8 OCV,DM2P5,2024-06-15 09:01:05,18.995,24.78,OK,24.72,24.63,OK,23.95,23.88,OK,25.4,25.16,OK,25.16,25.11,OK,24.6,24.6,OK,25.06,24.99,OK,25.18,25.14,OK,0,0,,0,0,,11.36,OK,10.95,OK,10.73,OK,10.85,OK,10.85,OK,10.91,OK,11.35,OK,0,,0,,9.86,OK,10.08,OK,9.87,OK,9.87,OK,9.97,OK,10,OK,9.99,OK,0,,0,,,,82.52,OK,,,,82.33,OK,,,,157.41,OK,,,,157.45,OK,,,,37.31,OK,,,,37.41,OK,,,,,,,,,,,,,,,,,
2406150371D,ATKINSON 3.8 OCV,DM3P2,2024-06-15 09:02:07,18.984,24.15,OK,25.73,25.63,OK,25.15,24.64,OK,23.66,23.36,OK,20.74,20.65,OK,25.05,24.98,OK,24.71,24.61,OK,24.24,23.96,OK,0,0,,0,0,,11.48,OK,11.95,OK,11.72,OK,12,OK,11.8,OK,11.86,OK,11.8,OK,0,,0,,12.82,OK,12.84,OK,12.76,OK,12.85,OK,12.7,OK,12.6,OK,12.57,OK,0,,0,,,,82.18,OK,,,,82.57,OK,,,,156.96,OK,,,,156.81,OK,,,,36.9,OK,,,,36.73,OK,,,,,,,,,,,,,,,,,
2406150372D,ATKINSON 3.8 OCV,DM1P1,2024-06-15 09:03:02,18.992,24.95,OK,27.64,27.42,OK,24,23.98,OK,22.85,22.69,OK,25.71,25.62,OK,27.71,27.33,OK,23.39,23.3,OK,25.78,25.73,OK,0,0,,0,0,,11.34,OK,11.35,OK,11.29,OK,11.35,OK,11.43,OK,11.48,OK,11.42,OK,0,,0,,10.65,OK,10.5,OK,10.78,OK,10.81,OK,11,OK,10.72,OK,10.93,OK,0,,0,,,,82.67,OK,,,,82.75,OK,,,,156.43,OK,,,,157.13,OK,,,,36.85,OK,,,,36.92,OK,,,,,,,,,,,,,,,,,
2406150373D,ATKINSON 3.8 OCV,DM4P3,2024-06-15 09:03:57,18.998,25.85,OK,25.12,25.08,OK,24.91,24.68,OK,24.73,24.45,OK,24.54,23.8,OK,24.61,23.78,OK,24.29,23.96,OK,24.29,23.8,OK,0,0,,0,0,,12.59,OK,12.61,OK,12.63,OK,12.62,OK,12.58,OK,12.45,OK,12.66,OK,0,,0,,9.38,OK,9.89,OK,9.89,OK,9.87,OK,9.7,OK,10.06,OK,9.72,OK,0,,0,,,,82.99,OK,,,,82.7,OK,,,,157.71,OK,,,,157.56,OK,,,,37.19,OK,,,,37.68,OK,,,,,,,,,,,,,,,,,
2406150374D,ATKINSON 3.8 OCV,DM2P4,2024-06-15 09:04:52,18.996,25.93,OK,26.52,26.42,OK,23.71,23.68,OK,25.69,25.43,OK,24.14,24.14,OK,25.69,25.64,OK,26.37,26.25,OK,27.65,27.65,OK,0,0,,0,0,,10.69,OK,10.86,OK,10.75,OK,10.87,OK,10.87,OK,10.73,OK,10.87,OK,0,,0,,9.78,OK,9.95,OK,9.89,OK,9.87,OK,9.87,OK,9.98,OK,10.01,OK,0,,0,,,,82,OK,,,,82.07,OK,,,,158.08,OK,,,,158.09,OK,,,,37.67,OK,,,,37.74,OK,,,,,,,,,,,,,,,,,
2406150375D,ATKINSON 3.8 OCV,DM3P9,2024-06-15 09:05:51,18.995,25.41,OK,25.89,25.82,OK,24.96,24.4,OK,22.97,22.87,OK,22.01,21.92,OK,24.01,23.94,OK,25.82,25.73,OK,24.94,24.59,OK,0,0,,0,0,,11.47,OK,11.64,OK,12.06,OK,11.8,OK,11.88,OK,11.82,OK,11.77,OK,0,,0,,12.74,OK,12.64,OK,12.9,OK,12.82,OK,12.57,OK,12.69,OK,12.59,OK,0,,0,,,,82.11,OK,,,,82.19,OK,,,,157.62,OK,,,,157.85,OK,,,,37.81,OK,,,,37.24,OK,,,,,,,,,,,,,,,,,
2406150376D,ATKINSON 3.8 OCV,DM1P6,2024-06-15 09:06:46,18.995,24.41,OK,23.37,23.1,OK,24.72,24.67,OK,23.44,23.05,OK,24.09,24.07,OK,24.76,24.47,OK,23.82,23.64,OK,24.7,24.65,OK,0,0,,0,0,,11.36,OK,11.32,OK,11.33,OK,11.38,OK,11.41,OK,11.44,OK,11.39,OK,0,,0,,10.55,OK,10.59,OK,10.71,OK,10.73,OK,10.78,OK,10.74,OK,10.68,OK,0,,0,,,,82.92,OK,,,,82.75,OK,,,,156.91,OK,,,,157.34,OK,,,,37.58,OK,,,,37.62,OK,,,,,,,,,,,,,,,,,
2406150377D,ATKINSON 3.8 OCV,DM4P8,2024-06-15 09:07:45,18.992,25.08,OK,26.21,26.17,OK,25.61,25.54,OK,24.73,24.57,OK,25.01,24.94,OK,24.33,24.26,OK,24.43,24.33,OK,26.1,25.91,OK,0,0,,0,0,,12.6,OK,12.63,OK,12.62,OK,12.63,OK,12.62,OK,12.61,OK,12.72,OK,0,,0,,9.5,OK,10.24,OK,9.94,OK,10.06,OK,10.33,OK,10.21,OK,10.19,OK,0,,0,,,,82.1,OK,,,,82.41,OK,,,,157.34,OK,,,,157.76,OK,,,,37.11,OK,,,,37.32,OK,,,,,,,,,,,,,,,,,
2406150378D,ATKINSON 3.8 OCV,DM2P5,2024-06-15 09:08:43,18.998,23.66,OK,25.89,25.79,OK,24,24,OK,24.46,24.22,OK,26.37,26.32,OK,24.36,24.26,OK,24.85,24.75,OK,25.57,25.52,OK,0,0,,0,0,,10.78,OK,10.86,OK,10.87,OK,10.86,OK,10.84,OK,10.84,OK,10.84,OK,0,,0,,9.85,OK,9.96,OK,9.96,OK,9.99,OK,9.88,OK,9.97,OK,9.97,OK,0,,0,,,,82.56,OK,,,,82.05,OK,,,,158.02,OK,,,,158.33,OK,,,,37.7,OK,,,,37.66,OK,,,,,,,,,,,,,,,,,
2406150379D,ATKINSON 3.8 OCV,DM3P2,2024-06-15 09:09:42,18.998,23.98,OK,23.34,23.27,OK,25.49,25.03,OK,22.92,22.85,OK,22.41,22.32,OK,23.96,23.87,OK,24.75,24.52,OK,24.08,23.99,OK,0,0,,0,0,,11.42,OK,11.72,OK,11.78,OK,11.79,OK,11.81,OK,11.82,OK,11.82,OK,0,,0,,12.55,OK,12.87,OK,12.81,OK,12.84,OK,12.67,OK,12.79,OK,12.77,OK,0,,0,,,,81.9,OK,,,,82.2,OK,,,,157.59,OK,,,,157.78,OK,,,,37.69,OK,,,,37.82,OK,,,,,,,,,,,,,,,,,
2406150380D,ATKINSON 3.8 OCV,DM1P1,2024-06-15 09:10:40,18.996,23.93,OK,25.51,25.26,OK,24.38,24.31,OK,23.77,23.44,OK,24.04,24.02,OK,24.47,24.22,OK,24.61,24.34,OK,23.95,23.91,OK,0,0,,0,0,,11.64,OK,11.31,OK,11.66,OK,11.38,OK,11.49,OK,11.46,OK,11.41,OK,0,,0,,10.58,OK,10.84,OK,10.64,OK,10.81,OK,10.82,OK,10.91,OK,10.93,OK,0,,0,,,,82.36,OK,,,,82.81,OK,,,,157.09,OK,,,,157.39,OK,,,,37.01,OK,,,,37.28,OK,,,,,,,,,,,,,,,,,
2406150381D,ATKINSON 3.8 OCV,DM4P3,2024-06-15 09:11:35,18.996,23.96,OK,25.7,25.68,OK,24.15,24.06,OK,24.94,24.47,OK,24.84,24.15,OK,26.24,25.56,OK,24.15,23.71,OK,23.45,22.94,OK,0,0,,0,0,,12.55,OK,12.55,OK,12.55,OK,12.59,OK,12.58,OK,12.45,OK,12.57,OK,0,,0,,9.03,OK,9.79,OK,9.87,OK,9.9,OK,9.96,OK,9.75,OK,9.79,OK,0,,0,,,,82.22,OK,,,,81.64,OK,,,,158.02,OK,,,,157.88,OK,,,,37.66,OK,,,,37.83,OK,,,,,,,,,,,,,,,,,
2406150382D,ATKINSON 3.8 OCV,DM2P4,2024-06-15 09:12:34,18.996,23.96,OK,26.64,26.56,OK,23.92,23.85,OK,26.83,26.3,OK,24.7,24.68,OK,24.68,24.68,OK,25.16,25.14,OK,25.72,25.67,OK,0,0,,0,0,,10.69,OK,10.87,OK,10.74,OK,10.86,OK,10.85,OK,11.55,OK,11.01,OK,0,,0,,9.85,OK,10,OK,9.95,OK,10,OK,9.99,OK,10.14,OK,9.99,OK,0,,0,,,,81.97,OK,,,,82.3,OK,,,,157.5,OK,,,,157.88,OK,,,,37.35,OK,,,,37.8,OK,,,,,,,,,,,,,,,,,
2406150385D,ATKINSON 3.8 OCV,DM4P8,2024-06-15 09:13:32,18.993,24.38,OK,25.52,25.42,OK,23.34,23.24,OK,24.31,24.24,OK,26.35,26.26,OK,26.79,26.35,OK,25.4,25.33,OK,24.54,24.43,OK,0,0,,0,0,,12.6,OK,12.58,OK,12.61,OK,12.59,OK,12.6,OK,12.44,OK,12.62,OK,0,,0,,9.43,OK,9.86,OK,10.03,OK,9.98,OK,10.1,OK,9.91,OK,10.1,OK,0,,0,,,,81.8,OK,,,,82.08,OK,,,,157.58,OK,,,,157.54,OK,,,,37.2,OK,,,,37.51,OK,,,,,,,,,,,,,,,,,
2406150388D,ATKINSON 3.8 OCV,DM1P1,2024-06-15 09:14:28,18.997,24.07,OK,24.7,24.52,OK,23.3,23.23,OK,23.64,23.44,OK,25.69,25.62,OK,27.24,26.77,OK,23.64,23.55,OK,24.61,24.56,OK,0,0,,0,0,,11.38,OK,11.37,OK,11.32,OK,11.38,OK,11.46,OK,11.4,OK,11.43,OK,0,,0,,10.69,OK,10.92,OK,10.85,OK,10.87,OK,10.72,OK,10.77,OK,10.81,OK,0,,0,,,,82.42,OK,,,,82.73,OK,,,,156.59,OK,,,,157.5,OK,,,,36.9,OK,,,,37.08,OK,,,,,,,,,,,,,,,,,
2406150393D,ATKINSON 3.8 OCV,DM4P8,2024-06-15 09:15:26,18.99,25.67,OK,22.87,22.78,OK,22.62,22.59,OK,23.38,23.27,OK,23.22,23.04,OK,24.36,24.15,OK,23.94,23.87,OK,24.01,23.68,OK,0,0,,0,0,,12.56,OK,12.63,OK,12.61,OK,12.63,OK,12.59,OK,12.58,OK,12.48,OK,0,,0,,9.14,OK,9.52,OK,9.74,OK,9.95,OK,9.86,OK,9.85,OK,10.03,OK,0,,0,,,,81.63,OK,,,,81.84,OK,,,,158,OK,,,,157.52,OK,,,,37.49,OK,,,,37.92,OK,,,,,,,,,,,,,,,,,
2406150394D,ATKINSON 3.8 OCV,DM2P5,2024-06-15 09:16:21,18.987,27.36,OK,28.6,28.48,OK,23.32,23.22,OK,25.09,24.89,OK,25.45,25.4,OK,24.02,24.02,OK,25.96,25.91,OK,26.25,26.25,OK,0,0,,0,0,,10.95,OK,10.85,OK,10.94,OK,10.86,OK,10.87,OK,11,OK,11.63,OK,0,,0,,9.95,OK,9.98,OK,10.01,OK,9.96,OK,10,OK,10.02,OK,10.04,OK,0,,0,,,,82.56,OK,,,,82.04,OK,,,,157.73,OK,,,,158.11,OK,,,,37.7,OK,,,,37.83,OK,,,,,,,,,,,,,,,,,
2406150395D,ATKINSON 3.8 OCV,DM3P2,2024-06-15 09:17:17,18.993,27.37,OK,24.66,24.52,OK,25.56,24.98,OK,23.8,23.71,OK,23.68,23.43,OK,26.28,26.24,OK,24.59,24.52,OK,24.01,23.85,OK,0,0,,0,0,,11.52,OK,11.65,OK,11.61,OK,11.72,OK,11.81,OK,11.82,OK,11.8,OK,0,,0,,12.79,OK,12.74,OK,12.85,OK,12.83,OK,12.78,OK,12.57,OK,12.68,OK,0,,0,,,,82.18,OK,,,,82.43,OK,,,,157.33,OK,,,,157.14,OK,,,,37.93,OK,,,,37.7,OK,,,,,,,,,,,,,,,,,
2406150396D,ATKINSON 3.8 OCV,DM1P1,2024-06-15 09:18:15,18.991,25.45,OK,24.81,24.58,OK,24.31,24.25,OK,24.45,24.02,OK,25.35,25.24,OK,26.43,26.27,OK,25.21,25.12,OK,24.29,24.27,OK,0,0,,0,0,,11.35,OK,11.38,OK,11.35,OK,11.41,OK,11.42,OK,11.5,OK,11.43,OK,0,,0,,10.73,OK,10.71,OK,10.78,OK,10.82,OK,10.54,OK,10.79,OK,10.64,OK,0,,0,,,,83.15,OK,,,,83.26,OK,,,,156.65,OK,,,,157.15,OK,,,,36.75,OK,,,,37.06,OK,,,,,,,,,,,,,,,,,
2406150361D,ATKINSON 3.8 OCV,DM5P8,2024-06-15 09:19:10,18.986,24.63,OK,24.3,24.25,OK,24.6,24.39,OK,22.9,22.63,OK,24,24,OK,24.37,24.3,OK,26.92,26.78,OK,25.41,25.36,OK,0,0,,0,0,,2.45,OK,2.82,OK,2.85,OK,2.77,OK,2.84,OK,2.73,OK,2.73,OK,0,,0,,0.87,OK,0.84,OK,0.86,OK,0.83,OK,0.84,OK,0.87,OK,0.87,OK,0,,0,,,,82.63,OK,,,,82,OK,,,,157.99,OK,,,,157.3,OK,,,,36.9,OK,,,,37.89,OK,,,,,,,,,,,,,,,,,
2406150397D,ATKINSON 3.8 OCV,DM4P3,2024-06-15 09:20:06,18.99,26.86,OK,24.8,24.68,OK,23.34,23.29,OK,24.57,24.08,OK,26.98,26.35,OK,24.94,24.13,OK,24.1,23.82,OK,25.47,24.98,OK,0,0,,0,0,,12.62,OK,12.58,OK,12.63,OK,12.63,OK,12.6,OK,12.6,OK,12.61,OK,0,,0,,9.4,OK,9.85,OK,9.96,OK,9.74,OK,9.9,OK,10.04,OK,10.05,OK,0,,0,,,,82.65,OK,,,,82.13,OK,,,,157.66,OK,,,,157.26,OK,,,,37.32,OK,,,,37.25,OK,,,,,,,,,,,,,,,,,
2406150398D,ATKINSON 3.8 OCV,DM2P4,2024-06-15 09:21:01,18.99,27.33,OK,27.95,27.9,OK,26.01,25.91,OK,25.74,25.52,OK,26.25,26.2,OK,26.01,25.89,OK,25.06,25.01,OK,25.55,25.52,OK,0,0,,0,0,,10.8,OK,10.77,OK,10.85,OK,10.87,OK,10.86,OK,10.84,OK,11.1,OK,0,,0,,10.02,OK,10,OK,10.02,OK,10.02,OK,9.95,OK,9.99,OK,9.99,OK,0,,0,,,,81.88,OK,,,,82.22,OK,,,,158.17,OK,,,,158.12,OK,,,,37.62,OK,,,,38.17,OK,,,,,,,,,,,,,,,,,
2406150399D,ATKINSON 3.8 OCV,DM3P9,2024-06-15 09:21:59,18.992,26.05,OK,26.63,26.54,OK,25.7,25.33,OK,22.83,22.64,OK,23.01,22.9,OK,25.24,25.15,OK,24.57,24.38,OK,26.14,25.94,OK,0,0,,0,0,,11.45,OK,11.77,OK,11.71,OK,11.78,OK,11.82,OK,11.8,OK,11.8,OK,0,,0,,12.8,OK,12.82,OK,12.77,OK,12.85,OK,12.81,OK,12.72,OK,12.54,OK,0,,0,,,,82.2,OK,,,,82.44,OK,,,,157.7,OK,,,,157.81,OK,,,,37.79,OK,,,,37.47,OK,,,,,,,,,,,,,,,,,
2406150400D,ATKINSON 3.8 OCV,DM1P6,2024-06-15 09:22:55,18.992,25.7,OK,25.33,25.08,OK,24.63,24.56,OK,23.48,23.1,OK,25.01,24.97,OK,28.63,28.45,OK,24.09,23.95,OK,24.18,24.13,OK,0,0,,0,0,,11.38,OK,11.25,OK,11.38,OK,11.34,OK,11.5,OK,11.46,OK,11.48,OK,0,,0,,10.78,OK,10.78,OK,10.96,OK,10.98,OK,10.94,OK,10.52,OK,10.76,OK,0,,0,,,,83.41,OK,,,,83.96,OK,,,,156.61,OK,,,,156.72,OK,,,,36.65,OK,,,,37.26,OK,,,,,,,,,,,,,,,,,
2406150401D,ATKINSON 3.8 OCV,DM5P7,2024-06-15 09:23:53,18.986,25.42,OK,25.46,25.25,OK,26.27,26.15,OK,23.37,23.04,OK,24.74,24.71,OK,24.39,24.34,OK,25.83,25.74,OK,24.41,24.32,OK,0,0,,0,0,,2.36,OK,2.89,OK,2.82,OK,2.82,OK,2.94,OK,2.92,OK,2.7,OK,0,,0,,0.88,OK,0.84,OK,0.87,OK,0.86,OK,0.87,OK,0.89,OK,0.88,OK,0,,0,,,,83.33,OK,,,,83.18,OK,,,,158.12,OK,,,,157.62,OK,,,,37.8,OK,,,,37.81,OK,,,,,,,,,,,,,,,,,
2406150402D,ATKINSON 3.8 OCV,DM4P8,2024-06-15 09:24:48,18.982,24.32,OK,25.42,25.36,OK,24.29,24.17,OK,25.96,25.84,OK,25.42,24.98,OK,26.52,26.1,OK,25.08,24.96,OK,24.08,23.82,OK,0,0,,0,0,,12.6,OK,12.56,OK,12.61,OK,12.62,OK,12.45,OK,12.46,OK,12.49,OK,0,,0,,9.35,OK,9.92,OK,9.96,OK,9.46,OK,9.88,OK,9.84,OK,9.53,OK,0,,0,,,,81.63,OK,,,,81.71,OK,,,,157.68,OK,,,,157.53,OK,,,,37.36,OK,,,,37.59,OK,,,,,,,,,,,,,,,,,
2406150403D,ATKINSON 3.8 OCV,DM2P5,2024-06-15 09:25:47,18.993,25.52,OK,27.07,27.03,OK,23.88,23.8,OK,24.63,24.41,OK,26.06,25.98,OK,27.1,27.03,OK,25.23,25.21,OK,26.4,26.3,OK,0,0,,0,0,,10.87,OK,10.84,OK,10.86,OK,10.85,OK,10.86,OK,10.86,OK,11.03,OK,0,,0,,9.96,OK,10.02,OK,10.01,OK,10,OK,10.02,OK,10.07,OK,10,OK,0,,0,,,,82.43,OK,,,,81.93,OK,,,,157.98,OK,,,,158.16,OK,,,,37.79,OK,,,,37.94,OK,,,,,,,,,,,,,,,,,
2406150404D,ATKINSON 3.8 OCV,DM3P2,2024-06-15 09:26:42,18.983,26.48,OK,24.13,24.03,OK,24.59,24.33,OK,22.48,22.36,OK,24.59,24.45,OK,24.47,24.43,OK,25.54,25.4,OK,24.33,23.94,OK,0,0,,0,0,,11.59,OK,11.75,OK,11.62,OK,11.63,OK,11.9,OK,11.8,OK,11.79,OK,0,,0,,12.65,OK,12.72,OK,12.76,OK,12.9,OK,12.81,OK,12.68,OK,12.77,OK,0,,0,,,,81.65,OK,,,,82.06,OK,,,,157.26,OK,,,,157.61,OK,,,,37.33,OK,,,,37.25,OK,,,,,,,,,,,,,,,,,
2406150405D,ATKINSON 3.8 OCV,DM1P1,2024-06-15 09:27:41,18.985,25.15,OK,28.36,28.12,OK,27.24,27.17,OK,23.55,23.26,OK,24.52,24.43,OK,28.16,27.87,OK,23.82,23.48,OK,24.49,24.47,OK,0,0,,0,0,,11.33,OK,11.36,OK,11.33,OK,11.33,OK,11.5,OK,11.39,OK,11.63,OK,0,,0,,10.52,OK,10.7,OK,10.94,OK,10.84,OK,10.97,OK,10.88,OK,10.87,OK,0,,0,,,,82.18,OK,,,,82.54,OK,,,,156.96,OK,,,,157.44,OK,,,,37.37,OK,,,,37.53,OK,,,,,,,,,,,,,,,,,
2406150406D,ATKINSON 3.8 OCV,DM5P3,2024-06-15 09:28:39,18.999,23.91,OK,28.77,28.08,OK,26.18,25.76,OK,24.53,24.06,OK,23.32,23.21,OK,25.78,25.34,OK,24.78,24.62,OK,24.88,24.78,OK,0,0,,0,0,,2.36,OK,2.77,OK,2.76,OK,2.75,OK,2.79,OK,2.75,OK,2.85,OK,0,,0,,0.89,OK,0.88,OK,0.86,OK,0.87,OK,0.89,OK,0.87,OK,0.89,OK,0,,0,,,,82.52,OK,,,,82.06,OK,,,,157.88,OK,,,,158.28,OK,,,,37.23,OK,,,,37.33,OK,,,,,,,,,,,,,,,,,
2406150407D,ATKINSON 3.8 OCV,DM4P4,2024-06-15 09:29:34,18.99,23.18,OK,25.05,25.01,OK,24.96,24.59,OK,23.96,23.64,OK,25.68,25.31,OK,25.08,24.4,OK,24.82,24.64,OK,25.03,24.57,OK,0,0,,0,0,,12.58,OK,12.63,OK,12.63,OK,12.61,OK,12.73,OK,12.46,OK,12.59,OK,0,,0,,9.24,OK,9.95,OK,9.91,OK,9.67,OK,9.85,OK,9.91,OK,9.82,OK,0,,0,,,,81.4,OK,,,,81.69,OK,,,,158.54,OK,,,,158.09,OK,,,,37.72,OK,,,,37.98,OK,,,,,,,,,,,,,,,,,
2406150408D,ATKINSON 3.8 OCV,DM2P9,2024-06-15 09:30:30,18.996,24.33,OK,26.52,26.37,OK,23.56,23.51,OK,24.55,24.41,OK,26.95,26.9,OK,26.15,26.1,OK,24.77,24.72,OK,26.42,26.37,OK,0,0,,0,0,,10.71,OK,10.85,OK,10.85,OK,10.86,OK,10.76,OK,10.82,OK,11.06,OK,0,,0,,9.96,OK,10.05,OK,10.02,OK,10.03,OK,10.02,OK,10.04,OK,10.04,OK,0,,0,,,,82.09,OK,,,,82.3,OK,,,,158.46,OK,,,,158.27,OK,,,,38.29,OK,,,,37.98,OK,,,,,,,,,,,,,,,,,
2406150409D,ATKINSON 3.8 OCV,DM3P6,2024-06-15 09:31:28,18.989,24.57,OK,25.94,25.82,OK,25.84,25.63,OK,24.82,24.68,OK,23.94,23.75,OK,24.31,24.22,OK,24.75,24.38,OK,24.8,24.57,OK,0,0,,0,0,,11.42,OK,11.67,OK,11.62,OK,11.64,OK,11.79,OK,11.86,OK,11.77,OK,0,,0,,12.91,OK,12.9,OK,12.83,OK,12.76,OK,12.82,OK,12.61,OK,12.71,OK,0,,0,,,,82.56,OK,,,,82.32,OK,,,,157.74,OK,,,,157.35,OK,,,,37.62,OK,,,,38.01,OK,,,,,,,,,,,,,,,,,
2406150410D,ATKINSON 3.8 OCV,DM1P7,2024-06-15 09:32:23,18.985,23.26,OK,24.61,24.34,OK,24.49,24.38,OK,26.11,25.91,OK,24.56,24.54,OK,26.25,25.71,OK,25.15,25.01,OK,25.62,25.57,OK,0,0,,0,0,,11.4,OK,11.43,OK,11.41,OK,11.39,OK,11.41,OK,11.46,OK,11.64,OK,0,,0,,10.73,OK,10.38,OK,10.93,OK,10.76,OK,10.9,OK,10.34,OK,10.87,OK,0,,0,,,,83,OK,,,,82.75,OK,,,,157.91,OK,,,,157.61,OK,,,,37.4,OK,,,,38.07,OK,,,,,,,,,,,,,,,,,
2406150411D,ATKINSON 3.8 OCV,DM5P8,2024-06-15 09:33:19,18.982,24,OK,27.08,26.59,OK,25.32,25.18,OK,23.04,22.79,OK,22.79,22.74,OK,24.46,24.46,OK,23.37,23.25,OK,23.55,23.53,OK,0,0,,0,0,,2.29,OK,2.93,OK,2.76,OK,2.74,OK,2.75,OK,2.73,OK,2.72,OK,0,,0,,0.87,OK,0.87,OK,0.85,OK,0.86,OK,0.87,OK,0.89,OK,2.5,OK,0,,0,,,,82.56,OK,,,,81.78,OK,,,,157.49,OK,,,,158.34,OK,,,,37.16,OK,,,,38.09,OK,,,,,,,,,,,,,,,,,
2406150412D,ATKINSON 3.8 OCV,DM4P5,2024-06-15 09:34:17,18.986,23.91,OK,24.73,24.64,OK,23.94,23.85,OK,24.29,23.96,OK,24.4,24.03,OK,24.96,24.68,OK,24.84,24.54,OK,24.96,24.52,OK,0,0,,0,0,,12.56,OK,12.58,OK,12.6,OK,12.62,OK,12.61,OK,12.58,OK,12.61,OK,0,,0,,9.21,OK,9.69,OK,9.87,OK,10.04,OK,10.06,OK,10.04,OK,9.98,OK,0,,0,,,,81.79,OK,,,,81.27,OK,,,,158.26,OK,,,,158.35,OK,,,,38.15,OK,,,,38.1,OK,,,,,,,,,,,,,,,,,
2406150413D,ATKINSON 3.8 OCV,DM2P2,2024-06-15 09:35:12,18.987,23.93,OK,25.45,25.43,OK,25.67,25.57,OK,25.69,25.55,OK,27.36,27.29,OK,24.89,24.89,OK,24.34,24.31,OK,25.81,25.79,OK,0,0,,0,0,,10.81,OK,10.85,OK,10.85,OK,10.86,OK,10.85,OK,10.85,OK,10.84,OK,0,,0,,10.02,OK,10.03,OK,10.03,OK,10,OK,10.03,OK,9.99,OK,10.04,OK,0,,0,,,,81.76,OK,,,,82.23,OK,,,,157.9,OK,,,,158.17,OK,,,,38.15,OK,,,,37.9,OK,,,,,,,,,,,,,,,,,
2406150414D,ATKINSON 3.8 OCV,DM3P1,2024-06-15 09:36:11,18.995,24.32,OK,26.47,26.4,OK,25.38,24.96,OK,25.1,24.8,OK,24.73,24.52,OK,25.59,25.31,OK,26.93,26.86,OK,24.75,24.68,OK,0,0,,0,0,,11.47,OK,11.78,OK,11.82,OK,11.72,OK,11.79,OK,11.85,OK,11.78,OK,0,,0,,12.74,OK,12.67,OK,12.72,OK,12.82,OK,12.83,OK,12.64,OK,12.74,OK,0,,0,,,,81.91,OK,,,,81.83,OK,,,,157.78,OK,,,,158.15,OK,,,,37.51,OK,,,,37.85,OK,,,,,,,,,,,,,,,,,
2406150415D,ATKINSON 3.8 OCV,DM1P3,2024-06-15 09:37:06,18.996,24.65,OK,25.87,25.57,OK,25.62,25.53,OK,24.07,23.5,OK,24.7,24.63,OK,28.61,28.12,OK,24.38,24.2,OK,26.18,26.16,OK,0,0,,0,0,,11.28,OK,11.37,OK,11.37,OK,11.41,OK,11.46,OK,11.48,OK,11.36,OK,0,,0,,10.62,OK,10.69,OK,10.89,OK,10.74,OK,10.89,OK,10.7,OK,10.79,OK,0,,0,,,,82.8,OK,,,,82.31,OK,,,,157.14,OK,,,,157.65,OK,,,,37.3,OK,,,,37.6,OK,,,,,,,,,,,,,,,,,
2406150416D,ATKINSON 3.8 OCV,DM5P4,2024-06-15 09:38:05,18.991,24.23,OK,26.59,26.13,OK,25.48,25.36,OK,24.25,23.79,OK,24.6,24.51,OK,24.92,24.85,OK,23.6,23.55,OK,25.92,25.9,OK,0,0,,0,0,,2.29,OK,2.82,OK,2.84,OK,2.79,OK,2.9,OK,2.77,OK,2.7,OK,0,,0,,0.88,OK,0.84,OK,0.87,OK,0.86,OK,0.85,OK,0.88,OK,0.86,OK,0,,0,,,,81.8,OK,,,,81.88,OK,,,,157.15,OK,,,,157.51,OK,,,,38.23,OK,,,,38.1,OK,,,,,,,,,,,,,,,,,
2406150417D,ATKINSON 3.8 OCV,DM4P9,2024-06-15 09:39:00,18.993,25.13,OK,24.75,24.68,OK,23.41,23.29,OK,24.2,24.08,OK,23.43,23.15,OK,24.75,24.2,OK,24.22,23.75,OK,23.68,23.38,OK,0,0,,0,0,,12.58,OK,12.6,OK,12.59,OK,12.62,OK,12.61,OK,12.6,OK,12.63,OK,0,,0,,9.33,OK,10.04,OK,9.98,OK,9.92,OK,10.12,OK,10.03,OK,10.04,OK,0,,0,,,,81.82,OK,,,,81.72,OK,,,,158.24,OK,,,,158.07,OK,,,,38.39,OK,,,,37.99,OK,,,,,,,,,,,,,,,,,
2406150418D,ATKINSON 3.8 OCV,DM2P6,2024-06-15 09:39:55,18.986,24.76,OK,27.32,27.19,OK,24.6,24.53,OK,26.61,26.44,OK,23.92,23.9,OK,24.02,24,OK,24.94,24.87,OK,24.75,24.65,OK,0,0,,0,0,,10.9,OK,10.78,OK,10.86,OK,10.84,OK,10.86,OK,10.83,OK,10.86,OK,0,,0,,10,OK,10.02,OK,10.01,OK,9.95,OK,9.97,OK,10.02,OK,10.06,OK,0,,0,,,,82.99,OK,,,,82.79,OK,,,,157.92,OK,,,,157.53,OK,,,,37.63,OK,,,,38.02,OK,,,,,,,,,,,,,,,,,
2406150419D,ATKINSON 3.8 OCV,DM3P7,2024-06-15 09:40:54,18.99,24.3,OK,26.19,26.14,OK,24.84,24.22,OK,22.9,22.78,OK,25.82,25.52,OK,25.01,24.82,OK,26.21,25.89,OK,24.33,23.62,OK,0,0,,0,0,,11.42,OK,11.72,OK,11.73,OK,11.41,OK,11.83,OK,11.8,OK,11.8,OK,0,,0,,12.69,OK,12.61,OK,12.65,OK,12.81,OK,12.82,OK,12.6,OK,12.71,OK,0,,0,,,,82.15,OK,,,,82.36,OK,,,,158.19,OK,,,,157.87,OK,,,,37.76,OK,,,,37.97,OK,,,,,,,,,,,,,,,,,
2406150420D,ATKINSON 3.8 OCV,DM1P8,2024-06-15 09:41:49,18.993,25.31,OK,24,23.77,OK,23.03,22.9,OK,23.37,23.28,OK,24.52,24.34,OK,25.98,25.89,OK,23.53,23.5,OK,23.03,22.94,OK,0,0,,0,0,,11.42,OK,11.41,OK,11.4,OK,11.5,OK,11.51,OK,11.46,OK,11.81,OK,0,,0,,10.59,OK,10.78,OK,10.76,OK,10.68,OK,10.95,OK,10.73,OK,10.4,OK,0,,0,,,,81.54,OK,,,,81.93,OK,,,,157.61,OK,,,,157.97,OK,,,,37.36,OK,,,,37.55,OK,,,,,,,,,,,,,,,,,
2406150421D,ATKINSON 3.8 OCV,DM5P5,2024-06-15 09:42:47,18.983,24.85,OK,26.73,26.52,OK,26.11,25.99,OK,23.9,23.6,OK,23.53,23.51,OK,24.51,24.46,OK,24,23.83,OK,23.69,23.67,OK,0,0,,0,0,,2.32,OK,2.82,OK,2.78,OK,2.79,OK,2.91,OK,2.89,OK,2.7,OK,0,,0,,0.87,OK,0.84,OK,0.87,OK,0.87,OK,0.88,OK,2.55,OK,0.89,OK,0,,0,,,,82.24,OK,,,,81.21,OK,,,,158.36,OK,,,,157.54,OK,,,,38.26,OK,,,,38.13,OK,,,,,,,,,,,,,,,,,
2406150424D,ATKINSON 3.8 OCV,DM3P3,2024-06-15 09:43:43,18.998,26,OK,28.12,28.07,OK,25.82,25.29,OK,25.24,24.66,OK,25.1,24.61,OK,25.22,24.89,OK,26.58,26.28,OK,24.59,23.85,OK,0,0,,0,0,,11.52,OK,11.71,OK,11.77,OK,11.66,OK,11.83,OK,11.85,OK,11.76,OK,0,,0,,12.59,OK,12.7,OK,12.76,OK,12.8,OK,12.81,OK,12.64,OK,12.73,OK,0,,0,,,,82.4,OK,,,,81.67,OK,,,,158.59,OK,,,,158.16,OK,,,,38.04,OK,,,,38.32,OK,,,,,,,,,,,,,,,,,
2406150425D,ATKINSON 3.8 OCV,DM1P4,2024-06-15 09:44:38,18.995,25.01,OK,25.62,25.33,OK,25.06,25.01,OK,24.43,24.2,OK,24.81,24.74,OK,26.99,26.83,OK,24.27,24.18,OK,25.01,24.94,OK,0,0,,0,0,,11.15,OK,11.39,OK,11.32,OK,11.33,OK,11.48,OK,11.45,OK,11.42,OK,0,,0,,10.74,OK,10.85,OK,10.9,OK,10.79,OK,10.91,OK,10.81,OK,10.77,OK,0,,0,,,,81.47,OK,,,,81.75,OK,,,,157.37,OK,,,,157.79,OK,,,,37.57,OK,,,,37.65,OK,,,,,,,,,,,,,,,,,
2406150428D,ATKINSON 3.8 OCV,DM2P7,2024-06-15 09:45:36,18.985,25.21,OK,25.86,25.77,OK,24.31,24.14,OK,24.89,24.8,OK,26.06,26.03,OK,26.88,26.83,OK,25.77,25.74,OK,25.81,25.79,OK,0,0,,0,0,,10.89,OK,10.74,OK,10.85,OK,10.87,OK,10.87,OK,10.83,OK,10.86,OK,0,,0,,10.15,OK,10.11,OK,10.13,OK,9.98,OK,10.08,OK,10.03,OK,10.02,OK,0,,0,,,,82.53,OK,,,,82.79,OK,,,,158.55,OK,,,,157.83,OK,,,,37.93,OK,,,,38.3,OK,,,,,,,,,,,,,,,,,
2406150431D,ATKINSON 3.8 OCV,DM5P2,2024-06-15 09:46:32,18.992,25.08,OK,28.12,27.43,OK,25.2,25.13,OK,24.48,24.27,OK,26.25,26.18,OK,24.6,24.41,OK,24.51,24.44,OK,23.14,23.09,OK,0,0,,0,0,,2.33,OK,2.76,OK,2.78,OK,2.76,OK,2.78,OK,2.75,OK,2.8,OK,0,,0,,0.89,OK,0.86,OK,0.89,OK,0.86,OK,0.85,OK,0.86,OK,0.87,OK,0,,0,,,,82.31,OK,,,,81.88,OK,,,,158.4,OK,,,,158.4,OK,,,,38.16,OK,,,,37.21,OK,,,,,,,,,,,,,,,,,
2406150432D,ATKINSON 3.8 OCV,DM4P1,2024-06-15 09:47:30,18.993,25.08,OK,25.98,25.89,OK,23.5,23.5,OK,23.75,23.43,OK,24.68,24.22,OK,26.96,26.4,OK,24.38,23.87,OK,24.66,24.36,OK,0,0,,0,0,,12.56,OK,12.58,OK,12.59,OK,12.6,OK,12.64,OK,12.73,OK,12.67,OK,0,,0,,9.34,OK,9.87,OK,9.88,OK,9.93,OK,10.21,OK,10.21,OK,10.1,OK,0,,0,,,,81.76,OK,,,,81.73,OK,,,,158.11,OK,,,,158.04,OK,,,,37.92,OK,,,,38.18,OK,,,,,,,,,,,,,,,,,
2406150433D,ATKINSON 3.8 OCV,DM2P3,2024-06-15 09:48:25,18.99,25.46,OK,25.52,25.45,OK,23.68,23.56,OK,25.47,25.18,OK,26.27,26.23,OK,26.98,26.98,OK,25.67,25.64,OK,25.91,25.86,OK,0,0,,0,0,,10.74,OK,10.86,OK,10.85,OK,10.84,OK,10.72,OK,10.87,OK,10.86,OK,0,,0,,9.88,OK,10,OK,10,OK,10.03,OK,10.03,OK,10.12,OK,10.06,OK,0,,0,,,,82.65,OK,,,,82.08,OK,,,,158.31,OK,,,,158.34,OK,,,,37.95,OK,,,,38.27,OK,,,,,,,,,,,,,,,,,
2406150435D,ATKINSON 3.8 OCV,DM1P9,2024-06-15 09:49:21,18.995,24.1,OK,23.35,23.26,OK,24.09,24.07,OK,23.53,23.21,OK,25.89,25.84,OK,25.24,24.92,OK,24.47,24.38,OK,25.55,25.48,OK,0,0,,0,0,,11.36,OK,11.34,OK,11.37,OK,11.4,OK,11.43,OK,11.43,OK,11.44,OK,0,,0,,10.72,OK,10.75,OK,10.81,OK,10.77,OK,10.81,OK,10.79,OK,10.9,OK,0,,0,,,,82.03,OK,,,,82.29,OK,,,,157.59,OK,,,,157.78,OK,,,,38.26,OK,,,,37.72,OK,,,,,,,,,,,,,,,,,
2406150434D,ATKINSON 3.8 OCV,DM3P4,2024-06-15 09:50:19,18.99,25.65,OK,26.19,26.12,OK,25.77,25.05,OK,23.75,23.52,OK,24.1,24.03,OK,25.19,25.15,OK,25.56,25.29,OK,26.05,25.56,OK,0,0,,0,0,,11.5,OK,11.77,OK,11.81,OK,11.79,OK,11.82,OK,11.82,OK,11.77,OK,0,,0,,12.77,OK,12.81,OK,12.56,OK,12.83,OK,12.84,OK,12.61,OK,12.74,OK,0,,0,,,,81.7,OK,,,,81.73,OK,,,,157.51,OK,,,,157.92,OK,,,,37.97,OK,,,,38.14,OK,,,,,,,,,,,,,,,,,
2406150436D,ATKINSON 3.8 OCV,DM5P6,2024-06-15 09:51:14,18.995,25.75,OK,25.6,25.32,OK,24.71,24.58,OK,23.04,22.77,OK,23.28,23.16,OK,27.59,27.57,OK,24.06,24,OK,23.9,23.83,OK,0,0,,0,0,,2.28,OK,2.73,OK,2.75,OK,2.72,OK,2.73,OK,2.73,OK,2.83,OK,0,,0,,0.86,OK,0.84,OK,0.82,OK,0.86,OK,0.86,OK,0.87,OK,0.86,OK,0,,0,,,,83.42,OK,,,,82.54,OK,,,,157.8,OK,,,,157.36,OK,,,,37.35,OK,,,,37.41,OK,,,,,,,,,,,,,,,,,
2406150437D,ATKINSON 3.8 OCV,DM4P7,2024-06-15 09:52:10,18.992,26.17,OK,25.31,25.24,OK,23.52,23.43,OK,23.13,22.71,OK,23.5,23.27,OK,25.31,24.68,OK,25.12,24.8,OK,23.99,23.5,OK,0,0,,0,0,,12.59,OK,12.6,OK,12.59,OK,12.61,OK,12.64,OK,12.63,OK,12.73,OK,0,,0,,9.33,OK,9.85,OK,9.84,OK,9.9,OK,10.09,OK,10.04,OK,9.9,OK,0,,0,,,,82.06,OK,,,,82.25,OK,,,,157.8,OK,,,,157.57,OK,,,,37.57,OK,,,,38.05,OK,,,,,,,,,,,,,,,,,
2406150438D,ATKINSON 3.8 OCV,DM2P8,2024-06-15 09:53:08,18.983,26.91,OK,28.96,28.84,OK,26.03,25.94,OK,24.77,24.55,OK,26.78,26.78,OK,24.51,24.43,OK,23.66,23.63,OK,24.68,24.63,OK,0,0,,0,0,,11.24,OK,10.85,OK,10.87,OK,10.86,OK,11.6,OK,11.56,OK,10.87,OK,0,,0,,10.01,OK,10.04,OK,10.05,OK,10,OK,10.14,OK,10.03,OK,10.15,OK,0,,0,,,,81.81,OK,,,,81.97,OK,,,,158.14,OK,,,,158.33,OK,,,,37.82,OK,,,,38.07,OK,,,,,,,,,,,,,,,,,
2406150440D,ATKINSON 3.8 OCV,DM3P5,2024-06-15 09:55:05,18.99,23.82,OK,26.19,26.19,OK,25.89,25.52,OK,23.66,23.55,OK,23.38,23.22,OK,24.8,24.78,OK,25.17,25.03,OK,25.12,24.68,OK,0,0,,0,0,,11.43,OK,11.62,OK,11.76,OK,11.76,OK,11.57,OK,11.6,OK,11.79,OK,0,,0,,12.81,OK,12.84,OK,12.88,OK,12.66,OK,12.74,OK,12.79,OK,12.59,OK,0,,0,,,,81.47,OK,,,,81.27,OK,,,,157.86,OK,,,,158.23,OK,,,,38.7,OK,,,,38.63,OK,,,,,,,,,,,,,,,,,
2406150442D,ATKINSON 3.8 OCV,DM4P3,2024-06-15 09:56:04,18.994,26.36,OK,25.61,25.52,OK,24.54,24.38,OK,24.68,24.1,OK,24.26,23.55,OK,25.31,24.64,OK,25.08,24.68,OK,24.57,23.92,OK,0,0,,0,0,,12.56,OK,12.61,OK,12.59,OK,12.56,OK,12.6,OK,12.61,OK,12.62,OK,0,,0,,9.27,OK,9.77,OK,9.89,OK,9.92,OK,10.02,OK,9.8,OK,9.88,OK,0,,0,,,,82.29,OK,,,,82.08,OK,,,,157.98,OK,,,,157.76,OK,,,,37.68,OK,,,,37.8,OK,,,,,,,,,,,,,,,,,
2406150444D,ATKINSON 3.8 OCV,DM1P9,2024-06-15 09:56:59,18.994,25.98,OK,24.63,24.34,OK,26.59,26.5,OK,23.82,23.73,OK,24.47,24.4,OK,27.82,27.67,OK,25.64,25.33,OK,25.24,25.21,OK,0,0,,0,0,,11.41,OK,11.5,OK,11.51,OK,11.31,OK,11.51,OK,11.46,OK,11.46,OK,0,,0,,10.65,OK,10.81,OK,10.97,OK,10.78,OK,10.92,OK,10.91,OK,10.95,OK,0,,0,,,,82.81,OK,,,,82.65,OK,,,,157.42,OK,,,,157.34,OK,,,,37.51,OK,,,,36.98,OK,,,,,,,,,,,,,,,,,
2406150445D,ATKINSON 3.8 OCV,DM3P6,2024-06-15 09:57:54,18.985,23.66,OK,25.77,25.68,OK,25.73,25.15,OK,24.61,24.57,OK,24.64,24.54,OK,25.91,25.82,OK,25.49,25.22,OK,24.89,24.66,OK,0,0,,0,0,,11.54,OK,11.94,OK,11.8,OK,11.8,OK,11.78,OK,11.8,OK,11.81,OK,0,,0,,12.86,OK,12.82,OK,12.86,OK,12.85,OK,12.9,OK,12.88,OK,12.91,OK,0,,0,,,,83.22,OK,,,,83.58,OK,,,,156.43,OK,,,,156.32,OK,,,,37.2,OK,,,,37.77,OK,,,,,,,,,,,,,,,,,
2406150446D,ATKINSON 3.8 OCV,DM5P7,2024-06-15 09:58:53,18.998,24.93,OK,26.99,26.29,OK,25.55,25.46,OK,22.74,22.44,OK,23.9,23.83,OK,26.71,26.69,OK,23.3,23.23,OK,25.11,25.04,OK,0,0,,0,0,,2.31,OK,2.92,OK,2.75,OK,2.89,OK,2.77,OK,2.77,OK,2.76,OK,0,,0,,0.87,OK,0.85,OK,0.84,OK,0.84,OK,0.85,OK,0.87,OK,0.87,OK,0,,0,,,,82.62,OK,,,,82.98,OK,,,,156.88,OK,,,,157.29,OK,,,,37.6,OK,,,,37.58,OK,,,,,,,,,,,,,,,,,
2406150447D,ATKINSON 3.8 OCV,DM4P8,2024-06-15 09:59:48,18.998,24.88,OK,24.22,24.13,OK,23.57,23.34,OK,23.52,23.31,OK,25.29,24.98,OK,24.47,24.22,OK,25.36,24.94,OK,23.08,22.99,OK,0,0,,0,0,,12.45,OK,12.65,OK,12.74,OK,12.63,OK,12.62,OK,12.65,OK,12.72,OK,0,,0,,9.18,OK,9.76,OK,9.54,OK,9.93,OK,9.9,OK,9.87,OK,9.74,OK,0,,0,,,,81.74,OK,,,,82,OK,,,,157.88,OK,,,,157.69,OK,,,,37.42,OK,,,,37.91,OK,,,,,,,,,,,,,,,,,
2406150448D,ATKINSON 3.8 OCV,DM2P2,2024-06-15 10:00:43,18.982,23.67,OK,25.72,25.69,OK,23.95,23.88,OK,25.18,25.01,OK,25.21,25.14,OK,26.86,26.83,OK,24.51,24.43,OK,25.64,25.6,OK,0,0,,0,0,,10.77,OK,10.85,OK,10.86,OK,10.84,OK,10.84,OK,10.86,OK,10.84,OK,0,,0,,10.01,OK,10.03,OK,10.14,OK,10.1,OK,10.19,OK,10.19,OK,10.12,OK,0,,0,,,,82.35,OK,,,,82.76,OK,,,,157.18,OK,,,,157.65,OK,,,,37.4,OK,,,,37.23,OK,,,,,,,,,,,,,,,,,
2406150449D,ATKINSON 3.8 OCV,DM1P5,2024-06-15 10:01:42,18.996,25.07,OK,26.61,26.45,OK,24.92,24.85,OK,23.66,23.41,OK,24.94,24.76,OK,26.36,26.16,OK,25.62,25.48,OK,26.05,25.96,OK,0,0,,0,0,,11.41,OK,11.42,OK,11.4,OK,11.53,OK,11.6,OK,11.62,OK,11.48,OK,0,,0,,10.63,OK,10.85,OK,10.96,OK,10.93,OK,10.96,OK,10.96,OK,10.98,OK,0,,0,,,,82.8,OK,,,,82.73,OK,,,,156.42,OK,,,,157.41,OK,,,,37.15,OK,,,,36.75,OK,,,,,,,,,,,,,,,,,
2406150450D,ATKINSON 3.8 OCV,DM3P1,2024-06-15 10:02:37,18.985,24.63,OK,27,26.93,OK,26.45,25.8,OK,23.68,23.55,OK,23.48,23.31,OK,25.24,25.12,OK,25.17,25.03,OK,24.31,24.24,OK,0,0,,0,0,,11.55,OK,11.88,OK,11.76,OK,11.8,OK,11.94,OK,11.82,OK,11.88,OK,0,,0,,12.84,OK,12.91,OK,12.85,OK,12.92,OK,12.88,OK,12.7,OK,12.77,OK,0,,0,,,,82.65,OK,,,,82.69,OK,,,,156.88,OK,,,,157.4,OK,,,,37.07,OK,,,,37.16,OK,,,,,,,,,,,,,,,,,
2406150451D,ATKINSON 3.8 OCV,DM5P3,2024-06-15 10:03:35,18.987,25.9,OK,26.52,26.27,OK,25.97,25.85,OK,23.83,23.23,OK,24.37,24.27,OK,25.34,25.13,OK,24.25,24.06,OK,24.85,24.85,OK,0,0,,0,0,,2.32,OK,2.75,OK,2.77,OK,2.78,OK,2.76,OK,2.74,OK,2.76,OK,0,,0,,0.88,OK,0.82,OK,0.79,OK,0.83,OK,0.84,OK,0.84,OK,0.85,OK,0,,0,,,,82.97,OK,,,,82.49,OK,,,,157.62,OK,,,,157.01,OK,,,,36.66,OK,,,,37.59,OK,,,,,,,,,,,,,,,,,
2406150452D,ATKINSON 3.8 OCV,DM4P4,2024-06-15 10:04:31,18.984,24.82,OK,26.72,26.65,OK,23.64,23.27,OK,23.96,23.59,OK,24.52,24.06,OK,24.82,24.29,OK,23.99,23.57,OK,23.96,23.27,OK,0,0,,0,0,,12.57,OK,12.77,OK,12.6,OK,12.42,OK,12.61,OK,12.61,OK,12.71,OK,0,,0,,9.34,OK,9.8,OK,9.56,OK,9.87,OK,10.15,OK,9.91,OK,9.84,OK,0,,0,,,,81.92,OK,,,,82.35,OK,,,,157.58,OK,,,,157.5,OK,,,,37.31,OK,,,,37.25,OK,,,,,,,,,,,,,,,,,
2406150453D,ATKINSON 3.8 OCV,DM2P9,2024-06-15 10:05:26,18.984,24.86,OK,24.99,24.99,OK,23.46,23.34,OK,25.21,24.92,OK,25.96,25.96,OK,24.46,24.41,OK,24.68,24.6,OK,24.7,24.65,OK,0,0,,0,0,,10.72,OK,10.85,OK,10.83,OK,10.84,OK,10.83,OK,10.85,OK,11.11,OK,0,,0,,10.03,OK,10.04,OK,10.05,OK,10.01,OK,10.01,OK,10.02,OK,10.15,OK,0,,0,,,,82.17,OK,,,,82.27,OK,,,,158.21,OK,,,,158.08,OK,,,,38.06,OK,,,,37.89,OK,,,,,,,,,,,,,,,,,
2406150455D,ATKINSON 3.8 OCV,DM3P7,2024-06-15 10:06:31,18.987,24.95,OK,27.54,27.54,OK,24.36,23.64,OK,24.01,23.92,OK,23.41,23.22,OK,24.84,24.82,OK,24.31,23.99,OK,26.52,26.26,OK,0,0,,0,0,,11.5,OK,11.98,OK,11.8,OK,11.8,OK,11.98,OK,11.81,OK,11.8,OK,0,,0,,12.86,OK,12.86,OK,12.88,OK,12.93,OK,12.89,OK,12.9,OK,12.91,OK,0,,0,,,,82.85,OK,,,,82.69,OK,,,,157.95,OK,,,,157.57,OK,,,,37.57,OK,,,,37.97,OK,,,,,,,,,,,,,,,,,
2406150459D,ATKINSON 3.8 OCV,DM1P1,2024-06-15 10:08:21,18.986,23.68,OK,24.27,23.89,OK,24.22,24.22,OK,23.12,22.85,OK,25.39,25.3,OK,28.63,28.16,OK,23.98,23.89,OK,24.11,24.02,OK,0,0,,0,0,,11.39,OK,11.36,OK,11.37,OK,11.39,OK,11.49,OK,11.44,OK,11.48,OK,0,,0,,10.64,OK,10.81,OK,10.86,OK,10.89,OK,10.95,OK,10.82,OK,10.78,OK,0,,0,,,,82.79,OK,,,,83.22,OK,,,,156.33,OK,,,,156.81,OK,,,,36.43,OK,,,,36.51,OK,,,,,,,,,,,,,,,,,
2406150461D,ATKINSON 3.8 OCV,DM5P4,2024-06-15 10:09:17,18.988,25.31,OK,25.2,25.09,OK,26.64,26.5,OK,22.95,22.56,OK,22.95,22.86,OK,25.16,25.04,OK,24.32,24.23,OK,23.69,23.6,OK,0,0,,0,0,,2.26,OK,2.84,OK,2.75,OK,2.75,OK,2.72,OK,2.77,OK,2.71,OK,0,,0,,0.84,OK,0.84,OK,0.82,OK,0.83,OK,0.86,OK,0.85,OK,0.83,OK,0,,0,,,,82.17,OK,,,,82.54,OK,,,,157.09,OK,,,,157.12,OK,,,,36.68,OK,,,,37.45,OK,,,,,,,,,,,,,,,,,
2406150462D,ATKINSON 3.8 OCV,DM4P9,2024-06-15 10:10:12,18.989,25.07,OK,26.24,26.19,OK,24.24,24.2,OK,24.06,23.92,OK,25.89,25.59,OK,25.8,25.38,OK,24.89,24.52,OK,25.01,24.8,OK,0,0,,0,0,,12.25,OK,12.68,OK,12.71,OK,12.56,OK,12.61,OK,12.62,OK,12.62,OK,0,,0,,9.35,OK,9.84,OK,9.69,OK,9.88,OK,10.07,OK,9.93,OK,9.6,OK,0,,0,,,,82.31,OK,,,,82.57,OK,,,,157.65,OK,,,,157.68,OK,,,,37.95,OK,,,,37.48,OK,,,,,,,,,,,,,,,,,
2406150463D,ATKINSON 3.8 OCV,DM1P7,2024-06-15 10:11:10,18.989,25.07,OK,26.72,26.45,OK,25.71,25.62,OK,24.34,24.13,OK,25.26,25.24,OK,25.96,25.71,OK,24.4,24.31,OK,24.79,24.76,OK,0,0,,0,0,,11.29,OK,11.41,OK,11.37,OK,11.35,OK,11.41,OK,11.42,OK,11.48,OK,0,,0,,10.58,OK,10.73,OK,10.82,OK,10.74,OK,10.92,OK,10.93,OK,10.91,OK,0,,0,,,,83.03,OK,,,,83.46,OK,,,,157.37,OK,,,,157.2,OK,,,,36.95,OK,,,,37.04,OK,,,,,,,,,,,,,,,,,
2406150464D,ATKINSON 3.8 OCV,DM2P6,2024-06-15 10:12:06,18.988,25.93,OK,28.79,28.67,OK,23.83,23.73,OK,24.87,24.65,OK,25.28,25.21,OK,25.11,25.06,OK,24.75,24.65,OK,25.84,25.77,OK,0,0,,0,0,,10.83,OK,10.85,OK,10.84,OK,10.86,OK,10.87,OK,10.85,OK,10.94,OK,0,,0,,10,OK,10.03,OK,10.02,OK,10.02,OK,10.02,OK,10.13,OK,10.02,OK,0,,0,,,,83.43,OK,,,,83.34,OK,,,,156.68,OK,,,,156.53,OK,,,,37.28,OK,,,,37.43,OK,,,,,,,,,,,,,,,,,
2406150465D,ATKINSON 3.8 OCV,DM3P8,2024-06-15 10:13:01,18.986,25.47,OK,27.35,27.28,OK,27.4,26.91,OK,24.24,24.13,OK,23.5,23.29,OK,24.98,24.98,OK,24.78,24.52,OK,24.59,24.2,OK,0,0,,0,0,,11.58,OK,11.66,OK,11.79,OK,11.75,OK,11.8,OK,11.79,OK,11.8,OK,0,,0,,12.9,OK,12.9,OK,12.85,OK,12.86,OK,12.61,OK,12.6,OK,12.77,OK,0,,0,,,,81.79,OK,,,,81.85,OK,,,,158.02,OK,,,,158.01,OK,,,,37.46,OK,,,,37.82,OK,,,,,,,,,,,,,,,,,
2406150466D,ATKINSON 3.8 OCV,DM5P2,2024-06-15 10:13:56,18.992,25.6,OK,27.31,26.92,OK,22.9,22.84,OK,21.84,21.63,OK,23.48,23.42,OK,23.6,23.53,OK,24.02,23.93,OK,25.83,25.76,OK,0,0,,0,0,,2.33,OK,2.73,OK,2.75,OK,2.8,OK,2.73,OK,2.71,OK,2.75,OK,0,,0,,0.89,OK,0.87,OK,0.79,OK,0.8,OK,0.87,OK,0.83,OK,0.87,OK,0,,0,,,,82.01,OK,,,,82.31,OK,,,,157.82,OK,,,,157.06,OK,,,,37.79,OK,,,,37.62,OK,,,,,,,,,,,,,,,,,
2406150468D,ATKINSON 3.8 OCV,DM1P1,2024-06-15 10:14:51,18.986,24.37,OK,25.26,24.97,OK,22.36,22.29,OK,24.72,24.47,OK,27.4,27.33,OK,24.11,23.91,OK,24.22,24.13,OK,25.64,25.55,OK,0,0,,0,0,,11.43,OK,11.33,OK,11.23,OK,11.29,OK,11.43,OK,11.32,OK,11.47,OK,0,,0,,10.53,OK,10.6,OK,10.36,OK,10.58,OK,10.58,OK,10.69,OK,10.82,OK,0,,0,,,,82.58,OK,,,,82.62,OK,,,,157.04,OK,,,,157.42,OK,,,,37.15,OK,,,,37.54,OK,,,,,,,,,,,,,,,,,
2406150467D,ATKINSON 3.8 OCV,DM4P5,2024-06-15 10:15:47,18.991,26.03,OK,23.59,23.52,OK,22.83,22.78,OK,23.99,23.78,OK,24.73,24.38,OK,25.1,24.98,OK,24.98,24.89,OK,25.87,25.63,OK,0,0,,0,0,,12.71,OK,12.58,OK,12.6,OK,12.45,OK,12.62,OK,12.62,OK,12.65,OK,0,,0,,9.31,OK,9.88,OK,9.76,OK,9.96,OK,10.07,OK,10.16,OK,10.08,OK,0,,0,,,,81.87,OK,,,,81.85,OK,,,,157.73,OK,,,,157.85,OK,,,,38.18,OK,,,,38.06,OK,,,,,,,,,,,,,,,,,
2406150469D,ATKINSON 3.8 OCV,DM2P3,2024-06-15 10:16:45,18.993,25.11,OK,28.48,28.38,OK,25.31,25.26,OK,27.65,27.39,OK,27.17,27.12,OK,27.32,27.24,OK,26.56,26.47,OK,26.49,26.4,OK,0,0,,0,0,,10.91,OK,10.86,OK,10.86,OK,10.99,OK,10.96,OK,10.84,OK,10.84,OK,0,,0,,10.01,OK,10.14,OK,10.01,OK,10.15,OK,10.06,OK,10.01,OK,10.04,OK,0,,0,,,,82.82,OK,,,,82.21,OK,,,,158.14,OK,,,,158,OK,,,,37.58,OK,,,,37.76,OK,,,,,,,,,,,,,,,,,
2406150470D,ATKINSON 3.8 OCV,DM3P4,2024-06-15 10:17:37,18.986,25.3,OK,26.72,26.68,OK,24.66,24.31,OK,23.43,23.29,OK,23.36,22.94,OK,26.49,26.19,OK,25.12,24.8,OK,25.89,25.36,OK,0,0,,0,0,,11.52,OK,11.81,OK,11.74,OK,11.76,OK,11.8,OK,11.81,OK,11.81,OK,0,,0,,12.91,OK,12.82,OK,12.84,OK,12.7,OK,12.89,OK,12.87,OK,12.74,OK,0,,0,,,,81.73,OK,,,,82.17,OK,,,,157.41,OK,,,,157.58,OK,,,,37.47,OK,,,,37.57,OK,,,,,,,,,,,,,,,,,
2406150473D,ATKINSON 3.8 OCV,DM1P6,2024-06-15 10:18:36,18.999,23.85,OK,23.32,23.14,OK,24.81,24.74,OK,23.08,22.87,OK,26.07,26.05,OK,27.06,26.99,OK,24.07,23.98,OK,25.1,25.06,OK,0,0,,0,0,,11.39,OK,11.39,OK,11.74,OK,11.39,OK,11.48,OK,11.53,OK,11.42,OK,0,,0,,10.56,OK,10.41,OK,10.63,OK,10.66,OK,10.83,OK,10.73,OK,10.73,OK,0,,0,,,,83.23,OK,,,,83.6,OK,,,,156.79,OK,,,,156.95,OK,,,,36.9,OK,,,,37.77,OK,,,,,,,,,,,,,,,,,
2406150474D,ATKINSON 3.8 OCV,DM2P8,2024-06-15 10:19:31,18.996,25.75,OK,26.98,26.93,OK,24.48,24.38,OK,24.68,24.53,OK,26.1,26.1,OK,24.85,24.85,OK,24.68,24.63,OK,24.68,24.68,OK,0,0,,0,0,,10.79,OK,11.57,OK,11.52,OK,10.9,OK,10.99,OK,10.87,OK,10.84,OK,0,,0,,9.99,OK,9.99,OK,10.06,OK,9.99,OK,10,OK,9.96,OK,9.92,OK,0,,0,,,,81.63,OK,,,,82.21,OK,,,,157.86,OK,,,,158.43,OK,,,,37.36,OK,,,,37.6,OK,,,,,,,,,,,,,,,,,
2406150475D,ATKINSON 3.8 OCV,DM3P2,2024-06-15 10:20:26,18.998,24.41,OK,24.96,24.94,OK,24.54,24.24,OK,22.78,22.73,OK,22.39,22.15,OK,24.61,24.5,OK,27.44,27.4,OK,26.03,25.8,OK,0,0,,0,0,,11.64,OK,11.62,OK,11.74,OK,11.79,OK,11.8,OK,11.83,OK,11.8,OK,0,,0,,12.74,OK,12.9,OK,12.83,OK,12.85,OK,12.83,OK,12.83,OK,12.85,OK,0,,0,,,,81.53,OK,,,,81.81,OK,,,,157.3,OK,,,,157.82,OK,,,,37.68,OK,,,,37.73,OK,,,,,,,,,,,,,,,,,
2406150472D,ATKINSON 3.8 OCV,DM4P7,2024-06-15 10:21:25,18.999,24.6,OK,24.94,24.84,OK,24.45,24.15,OK,23.22,22.9,OK,24.64,24.2,OK,24.15,23.75,OK,23.94,23.27,OK,24.78,24.36,OK,0,0,,0,0,,12.42,OK,12.64,OK,12.74,OK,12.43,OK,12.61,OK,12.63,OK,12.56,OK,0,,0,,9.29,OK,9.73,OK,9.58,OK,9.73,OK,10.08,OK,9.7,OK,9.75,OK,0,,0,,,,82.3,OK,,,,82.75,OK,,,,158.22,OK,,,,157.39,OK,,,,37.12,OK,,,,37.67,OK,,,,,,,,,,,,,,,,,
2406150471D,ATKINSON 3.8 OCV,DM5P9,2024-06-15 10:22:20,18.999,24.6,OK,26.32,26.18,OK,26.62,26.59,OK,22.53,22.12,OK,23.83,23.81,OK,24.46,24.39,OK,22.58,22.51,OK,23.53,23.48,OK,0,0,,0,0,,2.34,OK,2.79,OK,2.73,OK,2.66,OK,2.72,OK,2.75,OK,2.68,OK,0,,0,,0.83,OK,0.81,OK,0.81,OK,0.84,OK,0.85,OK,0.84,OK,0.83,OK,0,,0,,,,82.38,OK,,,,82.15,OK,,,,157.74,OK,,,,157.83,OK,,,,38.57,OK,,,,37.93,OK,,,,,,,,,,,,,,,,,
2406150476D,ATKINSON 3.8 OCV,DM1P5,2024-06-15 10:23:15,18.991,24.98,OK,27.53,27.33,OK,23.55,23.5,OK,23.8,23.57,OK,24.04,24,OK,24.88,24.56,OK,21.66,21.57,OK,23.46,23.46,OK,0,0,,0,0,,11.32,OK,11.32,OK,11.26,OK,11.36,OK,11.38,OK,11.36,OK,11.35,OK,0,,0,,10.59,OK,10.41,OK,10.71,OK,10.72,OK,10.74,OK,10.63,OK,10.76,OK,0,,0,,,,82.13,OK,,,,81.82,OK,,,,157.01,OK,,,,157.87,OK,,,,37.7,OK,,,,37.24,OK,,,,,,,,,,,,,,,,,
2406150457D,ATKINSON 3.8 OCV,DM4P2,2024-06-15 10:24:14,18.996,25.21,OK,25.59,25.45,OK,24.4,24.33,OK,24.26,24.06,OK,25.15,24.54,OK,26.19,25.68,OK,24.36,24.17,OK,24.66,24.36,OK,0,0,,0,0,,12.55,OK,12.74,OK,12.8,OK,12.49,OK,12.63,OK,12.56,OK,12.74,OK,0,,0,,9.3,OK,9.94,OK,9.57,OK,9.87,OK,10.01,OK,9.91,OK,9.67,OK,0,,0,,,,81.91,OK,,,,82,OK,,,,157.38,OK,,,,157.4,OK,,,,37.73,OK,,,,37.42,OK,,,,,,,,,,,,,,,,,
2406150477D,ATKINSON 3.8 OCV,DM2P1,2024-06-15 10:25:09,18.984,25.33,OK,25.16,25.14,OK,25.14,25.01,OK,25.04,24.94,OK,25.31,25.26,OK,26.1,26.08,OK,25.6,25.55,OK,25.5,25.45,OK,0,0,,0,0,,11.26,OK,10.83,OK,11.07,OK,10.95,OK,10.92,OK,10.87,OK,10.86,OK,0,,0,,9.96,OK,9.92,OK,9.98,OK,9.9,OK,10.16,OK,9.99,OK,9.95,OK,0,,0,,,,82.35,OK,,,,82.83,OK,,,,157.9,OK,,,,157.9,OK,,,,37.57,OK,,,,37.53,OK,,,,,,,,,,,,,,,,,
2406150460D,ATKINSON 3.8 OCV,DM3P3,2024-06-15 10:26:04,18.992,24.96,OK,28.19,28.05,OK,24.98,24.17,OK,22.99,22.78,OK,23.89,23.48,OK,25.03,24.71,OK,24.98,24.8,OK,24.38,23.73,OK,0,0,,0,0,,11.53,OK,11.95,OK,11.77,OK,11.79,OK,11.81,OK,11.81,OK,11.8,OK,0,,0,,12.86,OK,12.78,OK,12.84,OK,12.74,OK,12.89,OK,12.88,OK,12.73,OK,0,,0,,,,82.73,OK,,,,82.03,OK,,,,157.52,OK,,,,157.62,OK,,,,37.4,OK,,,,37.46,OK,,,,,,,,,,,,,,,,,
2406150454D,ATKINSON 3.8 OCV,DM1P6,2024-06-15 10:26:59,18.994,24.62,OK,24.43,24.16,OK,23.59,23.55,OK,24.97,24.65,OK,24.13,24.04,OK,25.78,25.26,OK,24.4,24.31,OK,24.43,24.36,OK,0,0,,0,0,,11.21,OK,11.32,OK,11.36,OK,11.38,OK,11.45,OK,11.49,OK,11.45,OK,0,,0,,10.53,OK,10.59,OK,10.79,OK,10.79,OK,10.88,OK,10.69,OK,10.81,OK,0,,0,,,,83.05,OK,,,,82.9,OK,,,,156.72,OK,,,,156.94,OK,,,,37.07,OK,,,,37.42,OK,,,,,,,,,,,,,,,,,
2406150458D,ATKINSON 3.8 OCV,DM2P5,2024-06-15 10:27:58,18.99,25.87,OK,30.15,30.05,OK,23.25,23.08,OK,25.69,25.55,OK,25.38,25.31,OK,25.16,25.16,OK,25.23,25.16,OK,26.88,26.83,OK,0,0,,0,0,,10.78,OK,10.83,OK,10.84,OK,10.85,OK,10.86,OK,10.83,OK,10.83,OK,0,,0,,10.05,OK,10.14,OK,10.08,OK,10.08,OK,10.15,OK,10.15,OK,10.15,OK,0,,0,,,,82.12,OK,,,,81.95,OK,,,,157.98,OK,,,,158.13,OK,,,,38.14,OK,,,,38.12,OK,,,,,,,,,,,,,,,,,
2406150478D,ATKINSON 3.8 OCV,DM3P3,2024-06-15 10:28:53,18.998,24.67,OK,27.37,27.35,OK,25.08,24.24,OK,22.69,22.22,OK,23.45,22.99,OK,25.89,25.42,OK,24.82,24.52,OK,24.78,24.22,OK,0,0,,0,0,,11.49,OK,11.8,OK,11.59,OK,11.78,OK,11.81,OK,11.79,OK,11.97,OK,0,,0,,12.82,OK,12.86,OK,12.94,OK,12.77,OK,12.87,OK,12.85,OK,12.77,OK,0,,0,,,,82.83,OK,,,,82.22,OK,,,,157.46,OK,,,,157.56,OK,,,,37.39,OK,,,,37.69,OK,,,,,,,,,,,,,,,,,
2406150426D,ATKINSON 3.8 OCV,DM5P9,2024-06-15 10:29:52,18.998,25.86,OK,26.04,25.9,OK,25.22,25.18,OK,23.55,23.3,OK,23.83,23.83,OK,24.34,24.06,OK,24.3,24.25,OK,22.79,22.72,OK,0,0,,0,0,,2.37,OK,2.79,OK,2.79,OK,2.77,OK,2.81,OK,2.79,OK,2.72,OK,0,,0,,0.87,OK,0.88,OK,0.88,OK,0.88,OK,0.88,OK,0.89,OK,0.88,OK,0,,0,,,,81.72,OK,,,,82.05,OK,,,,158.41,OK,,,,158.63,OK,,,,38.68,OK,,,,37.37,OK,,,,,,,,,,,,,,,,,
2406150384D,ATKINSON 3.8 OCV,DM1P6,2024-06-15 10:30:47,18.984,24.6,OK,25.21,24.94,OK,25.28,25.21,OK,24.7,24.29,OK,24.63,24.52,OK,28.86,28.75,OK,24.9,24.79,OK,25.64,25.62,OK,0,0,,0,0,,11.31,OK,11.37,OK,11.3,OK,11.36,OK,11.48,OK,11.39,OK,11.4,OK,0,,0,,10.59,OK,10.73,OK,10.89,OK,10.82,OK,10.97,OK,10.55,OK,10.91,OK,0,,0,,,,82.94,OK,,,,83.08,OK,,,,156.66,OK,,,,157.45,OK,,,,37.19,OK,,,,37.43,OK,,,,,,,,,,,,,,,,,
2406150479D,ATKINSON 3.8 OCV,DM4P4,2024-06-15 10:31:45,18.987,25.41,OK,25.31,25.24,OK,24.1,23.75,OK,25.49,24.66,OK,25.59,25.38,OK,25.33,24.78,OK,24.64,23.94,OK,24.08,23.62,OK,0,0,,0,0,,12.55,OK,12.64,OK,12.38,OK,12.74,OK,12.72,OK,12.61,OK,12.61,OK,0,,0,,9.3,OK,9.54,OK,9.84,OK,9.91,OK,10.04,OK,10.23,OK,10.1,OK,0,,0,,,,81.4,OK,,,,81.75,OK,,,,158.06,OK,,,,157.9,OK,,,,37.7,OK,,,,37.94,OK,,,,,,,,,,,,,,,,,
2406150386D,ATKINSON 3.8 OCV,DM2P5,2024-06-15 10:32:41,18.995,24.1,OK,24.89,24.87,OK,25.28,25.21,OK,25.74,25.55,OK,25.5,25.45,OK,26.54,26.44,OK,24.36,24.34,OK,25.21,25.16,OK,0,0,,0,0,,10.96,OK,10.82,OK,10.73,OK,10.85,OK,10.84,OK,11.13,OK,10.8,OK,0,,0,,9.87,OK,10.05,OK,10,OK,9.98,OK,10.04,OK,9.99,OK,9.99,OK,0,,0,,,,82.25,OK,,,,81.92,OK,,,,158.39,OK,,,,158.19,OK,,,,38.29,OK,,,,38.29,OK,,,,,,,,,,,,,,,,,
2406150383D,ATKINSON 3.8 OCV,DM3P9,2024-06-15 10:33:36,18.984,24.75,OK,27.84,27.68,OK,25.84,25.24,OK,23.01,22.97,OK,22.71,22.48,OK,25.45,25.36,OK,27.07,27,OK,27.42,27.28,OK,0,0,,0,0,,11.56,OK,11.6,OK,11.95,OK,11.78,OK,11.84,OK,11.65,OK,11.71,OK,0,,0,,12.7,OK,12.8,OK,12.89,OK,12.83,OK,12.68,OK,12.75,OK,12.6,OK,0,,0,,,,81.99,OK,,,,82.02,OK,,,,158.2,OK,,,,157.93,OK,,,,38.27,OK,,,,37.88,OK,,,,,,,,,,,,,,,,,
2406150422D,ATKINSON 3.8 OCV,DM4P2,2024-06-15 10:34:34,18.996,25.41,OK,25.33,25.26,OK,23.01,22.97,OK,24.15,24.03,OK,23.06,22.97,OK,24.57,24.29,OK,24.24,23.92,OK,24.59,24.38,OK,0,0,,0,0,,12.6,OK,12.6,OK,12.62,OK,12.61,OK,12.61,OK,12.62,OK,12.6,OK,0,,0,,9.37,OK,9.92,OK,9.9,OK,9.94,OK,10.11,OK,10.21,OK,10.06,OK,0,,0,,,,81.53,OK,,,,81.59,OK,,,,157.65,OK,,,,157.91,OK,,,,38.07,OK,,,,37.67,OK,,,,,,,,,,,,,,,,,
2406150441D,ATKINSON 3.8 OCV,DM5P1,2024-06-15 10:35:33,18.983,26.35,OK,27.31,27.06,OK,25.8,25.62,OK,25.2,24.9,OK,24.9,24.88,OK,23.83,23.79,OK,24.2,24.2,OK,23.81,23.81,OK,0,0,,0,0,,2.44,OK,2.8,OK,2.86,OK,2.79,OK,2.78,OK,2.7,OK,2.75,OK,0,,0,,0.87,OK,0.86,OK,0.87,OK,0.86,OK,0.89,OK,0.9,OK,0.88,OK,0,,0,,,,82.21,OK,,,,82.38,OK,,,,157.42,OK,,,,157.44,OK,,,,37.11,OK,,,,37.75,OK,,,,,,,,,,,,,,,,,
2406150439D,ATKINSON 3.8 OCV,DM1P2,2024-06-15 10:36:28,18.987,25.08,OK,23.84,23.59,OK,25.73,25.66,OK,24.7,24.61,OK,24.34,24.22,OK,25.51,25.37,OK,22.74,22.65,OK,23.86,23.82,OK,0,0,,0,0,,11.32,OK,11.37,OK,11.29,OK,11.34,OK,11.45,OK,11.49,OK,11.47,OK,0,,0,,10.42,OK,10.71,OK,10.47,OK,10.73,OK,10.78,OK,10.74,OK,10.85,OK,0,,0,,,,82.37,OK,,,,82.82,OK,,,,157.29,OK,,,,157.53,OK,,,,37.53,OK,,,,37.62,OK,,,,,,,,,,,,,,,,,
2406150443D,ATKINSON 3.8 OCV,DM2P4,2024-06-15 10:37:23,18.99,24.37,OK,26.1,26.06,OK,26.13,25.98,OK,24.87,24.63,OK,25.77,25.67,OK,25.06,24.97,OK,25.09,24.99,OK,25.84,25.79,OK,0,0,,0,0,,10.86,OK,10.84,OK,10.78,OK,10.84,OK,10.87,OK,10.87,OK,10.85,OK,0,,0,,10.02,OK,10.13,OK,10.12,OK,10.1,OK,10.11,OK,10.14,OK,10.19,OK,0,,0,,,,81.75,OK,,,,82.24,OK,,,,157.9,OK,,,,157.94,OK,,,,37.82,OK,,,,38.03,OK,,,,,,,,,,,,,,,,,
2406150387D,ATKINSON 3.8 OCV,DM3P2,2024-06-15 10:38:19,18.99,24.37,OK,28.19,28.12,OK,25.47,25.22,OK,23.55,23.38,OK,23.24,23.13,OK,26.03,25.98,OK,25.15,24.84,OK,24.5,24.33,OK,0,0,,0,0,,11.64,OK,11.77,OK,11.7,OK,11.83,OK,11.95,OK,11.78,OK,11.66,OK,0,,0,,12.77,OK,12.91,OK,12.82,OK,12.81,OK,12.58,OK,12.7,OK,12.58,OK,0,,0,,,,81.87,OK,,,,82.16,OK,,,,157.55,OK,,,,157.56,OK,,,,37.61,OK,,,,37.52,OK,,,,,,,,,,,,,,,,,
2406150392D,ATKINSON 3.8 OCV,DM1P6,2024-06-15 10:39:14,18.985,26.82,OK,25.01,24.83,OK,24.97,24.97,OK,22.85,22.69,OK,24.25,24.18,OK,25.51,24.97,OK,23.93,23.86,OK,23.59,23.53,OK,0,0,,0,0,,11.66,OK,11.7,OK,11.7,OK,11.3,OK,11.41,OK,11.45,OK,11.41,OK,0,,0,,10.69,OK,10.82,OK,10.73,OK,10.82,OK,10.87,OK,10.76,OK,10.85,OK,0,,0,,,,83.49,OK,,,,83.37,OK,,,,156.81,OK,,,,157.15,OK,,,,36.96,OK,,,,37.3,OK,,,,,,,,,,,,,,,,,
2406150390D,ATKINSON 3.8 OCV,DM2P4,2024-06-15 10:40:12,18.995,25.27,OK,30.66,30.61,OK,27.12,27.03,OK,25.91,25.62,OK,26.13,26.13,OK,28.6,28.5,OK,29.23,29.21,OK,26.78,26.73,OK,0,0,,0,0,,10.83,OK,11.15,OK,11.54,OK,10.84,OK,10.86,OK,10.83,OK,10.86,OK,0,,0,,9.91,OK,9.99,OK,10.04,OK,9.96,OK,10.1,OK,10.16,OK,10.07,OK,0,,0,,,,81.69,OK,,,,82.12,OK,,,,158.51,OK,,,,158.25,OK,,,,38.07,OK,,,,38.27,OK,,,,,,,,,,,,,,,,,
2406150391D,ATKINSON 3.8 OCV,DM3P9,2024-06-15 10:46:26,18.993,24.05,OK,24.43,24.33,OK,24.15,23.94,OK,22.71,22.62,OK,24.71,24.54,OK,24.52,24.43,OK,24.31,24.2,OK,23.87,23.85,OK,0,0,,0,0,,11.6,OK,11.65,OK,11.71,OK,11.79,OK,11.9,OK,11.76,OK,11.83,OK,0,,0,,12.74,OK,12.8,OK,12.8,OK,12.81,OK,12.82,OK,12.9,OK,12.81,OK,0,,0,,,,81.4,OK,,,,81.3,OK,,,,158.3,OK,,,,158.5,OK,,,,38.72,OK,,,,38.11,OK,,,,,,,,,,,,,,,,,
2406150427D,ATKINSON 3.8 OCV,DM4P6,2024-06-15 10:47:22,18.983,25.77,OK,24.84,24.73,OK,25.87,25.75,OK,24.64,24.22,OK,24.98,24.45,OK,26.26,25.59,OK,24.59,24.29,OK,25.01,24.66,OK,0,0,,0,0,,12.57,OK,12.61,OK,12.58,OK,12.61,OK,12.64,OK,12.63,OK,12.6,OK,0,,0,,9.36,OK,9.88,OK,9.78,OK,9.93,OK,10.07,OK,10.11,OK,10.13,OK,0,,0,,,,82.17,OK,,,,82.44,OK,,,,157.69,OK,,,,157.45,OK,,,,37.97,OK,,,,38.15,OK,,,,,,,,,,,,,,,,,
2406150389D,ATKINSON 3.8 OCV,DM4P3,2024-06-15 10:48:17,18.995,23.01,OK,23.62,23.55,OK,23.24,23.08,OK,25.1,24.82,OK,24.71,24.06,OK,25.8,25.24,OK,25.77,25.03,OK,24.61,23.87,OK,0,0,,0,0,,12.61,OK,12.62,OK,12.61,OK,12.6,OK,12.64,OK,12.45,OK,12.44,OK,0,,0,,9.32,OK,9.67,OK,9.88,OK,9.92,OK,10.08,OK,9.97,OK,9.93,OK,0,,0,,,,82.16,OK,,,,81.71,OK,,,,158.32,OK,,,,157.99,OK,,,,37.81,OK,,,,37.86,OK,,,,,,,,,,,,,,,,,
2406150423D,ATKINSON 3.8 OCV,DM2P1,2024-06-15 10:49:15,18.995,25.01,OK,26.23,26.15,OK,24.22,24.09,OK,25.86,25.64,OK,27.27,27.22,OK,25.62,25.57,OK,25.79,25.72,OK,27.27,27.24,OK,0,0,,0,0,,10.85,OK,10.84,OK,10.84,OK,10.84,OK,10.85,OK,11.19,OK,11.24,OK,0,,0,,10,OK,9.97,OK,9.97,OK,10.07,OK,10.03,OK,10.03,OK,10.07,OK,0,,0,,,,82.04,OK,,,,82.33,OK,,,,158.3,OK,,,,158.74,OK,,,,37.93,OK,,,,38.02,OK,,,,,,,,,,,,,,,,,
2406150430D,ATKINSON 3.8 OCV,DM1P5,2024-06-15 10:50:14,18.998,25.17,OK,24.67,24.31,OK,23.93,23.86,OK,22.76,22.45,OK,23.28,23.21,OK,26.45,26.18,OK,23.8,23.64,OK,24.07,24.02,OK,0,0,,0,0,,11.25,OK,11.41,OK,11.4,OK,11.31,OK,11.43,OK,11.48,OK,11.55,OK,0,,0,,10.61,OK,10.75,OK,10.77,OK,10.79,OK,10.91,OK,10.39,OK,10.81,OK,0,,0,,,,82.05,OK,,,,81.97,OK,,,,157.62,OK,,,,157.63,OK,,,,37.84,OK,,,,37.83,OK,,,,,,,,,,,,,,,,,
2406150480D,ATKINSON 3.8 OCV,DM5P6,2024-06-15 10:51:12,18.991,24.56,OK,24.64,24.6,OK,24.95,24.83,OK,24.64,24.53,OK,22.9,22.9,OK,24.11,24,OK,23.53,23.46,OK,22.9,22.9,OK,0,0,,0,0,,2.29,OK,2.89,OK,2.73,OK,2.94,OK,2.78,OK,2.73,OK,2.76,OK,0,,0,,0.84,OK,0.83,OK,0.8,OK,0.78,OK,0.8,OK,0.84,OK,0.86,OK,0,,0,,,,83.3,OK,,,,82.46,OK,,,,156.86,OK,,,,156.7,OK,,,,38.15,OK,,,,38.08,OK,,,,,,,,,,,,,,,,,
2406150481D,ATKINSON 3.8 OCV,DM1P8,2024-06-15 10:52:08,18.995,24.81,OK,25.87,25.55,OK,24.61,24.49,OK,23.39,22.99,OK,25.44,25.37,OK,25.71,25.57,OK,23.62,23.48,OK,23.19,23.12,OK,0,0,,0,0,,11.48,OK,11.34,OK,11.27,OK,11.39,OK,11.42,OK,11.61,OK,11.4,OK,0,,0,,10.67,OK,10.67,OK,11.17,OK,10.71,OK,11.01,OK,10.38,OK,10.84,OK,0,,0,,,,82.14,OK,,,,82.8,OK,,,,156.94,OK,,,,157.35,OK,,,,36.72,OK,,,,36.81,OK,,,,,,,,,,,,,,,,,
2406150485D,ATKINSON 3.8 OCV,DM5P5,2024-06-15 10:53:06,18.988,24.46,OK,28.03,27.66,OK,25.04,25.02,OK,24.55,24.18,OK,23.67,23.67,OK,23.86,23.81,OK,25.83,25.71,OK,24.76,24.71,OK,0,0,,0,0,,2.3,OK,2.75,OK,2.78,OK,2.79,OK,2.77,OK,2.73,OK,2.91,OK,0,,0,,0.88,OK,0.86,OK,0.8,OK,0.86,OK,0.86,OK,0.85,OK,0.86,OK,0,,0,,,,82.87,OK,,,,82.66,OK,,,,157.67,OK,,,,157.8,OK,,,,37.05,OK,,,,37.67,OK,,,,,,,,,,,,,,,,,
2406150484D,ATKINSON 3.8 OCV,DM4P9,2024-06-15 10:54:01,18.985,24.81,OK,24.03,23.92,OK,23.41,23.24,OK,23.73,23.48,OK,23.94,23.24,OK,24.96,24.43,OK,24.59,24.33,OK,26,25.8,OK,0,0,,0,0,,12.43,OK,12.74,OK,12.69,OK,12.45,OK,12.63,OK,12.48,OK,12.65,OK,0,,0,,9.29,OK,9.85,OK,9.68,OK,9.64,OK,9.7,OK,10.04,OK,10.05,OK,0,,0,,,,82.15,OK,,,,82.13,OK,,,,157.75,OK,,,,157.45,OK,,,,37.63,OK,,,,37.3,OK,,,,,,,,,,,,,,,,,
2406150429D,ATKINSON 3.8 OCV,DM3P8,2024-06-15 10:55:00,18.992,25.7,OK,24.98,24.89,OK,25.05,24.91,OK,24.06,24.03,OK,23.82,23.64,OK,24.75,24.64,OK,24.82,24.73,OK,25.17,25.17,OK,0,0,,0,0,,11.3,OK,11.77,OK,11.75,OK,11.79,OK,11.92,OK,11.85,OK,11.65,OK,0,,0,,12.6,OK,12.54,OK,12.58,OK,12.79,OK,12.86,OK,12.64,OK,12.59,OK,0,,0,,,,81.93,OK,,,,81.96,OK,,,,157.51,OK,,,,157.74,OK,,,,37.07,OK,,,,37.44,OK,,,,,,,,,,,,,,,,,
2406150483D,ATKINSON 3.8 OCV,DM3P7,2024-06-15 10:55:58,18.99,24.62,OK,25.31,25.22,OK,24.5,23.87,OK,24.06,23.89,OK,23.66,23.45,OK,25.54,25.36,OK,26.72,26.42,OK,25.47,25.15,OK,0,0,,0,0,,11.67,OK,11.71,OK,11.64,OK,11.77,OK,11.83,OK,11.75,OK,11.71,OK,0,,0,,12.81,OK,12.85,OK,12.87,OK,12.87,OK,12.76,OK,12.92,OK,12.76,OK,0,,0,,,,83.15,OK,,,,82.73,OK,,,,158.14,OK,,,,157.41,OK,,,,37.59,OK,,,,37.89,OK,,,,,,,,,,,,,,,,,
2406150482D,ATKINSON 3.8 OCV,DM2P2,2024-06-15 11:34:06,18.986,25.21,OK,27.07,27,OK,25.38,25.31,OK,25.86,25.64,OK,25.06,25.04,OK,25.18,25.14,OK,25.74,25.62,OK,25.55,25.5,OK,0,0,,0,0,,10.89,OK,10.75,OK,11.47,OK,10.8,OK,10.83,OK,10.87,OK,10.87,OK,0,,0,,9.85,OK,10.01,OK,9.98,OK,9.95,OK,9.84,OK,9.94,OK,9.98,OK,0,,0,,,,81.93,OK,,,,82.51,OK,,,,157.92,OK,,,,157.83,OK,,,,37.93,OK,,,,37.51,OK,,,,,,,,,,,,,,,,,
2406150486D,ATKINSON 3.8 OCV,DM2P1,2024-06-15 11:35:01,18.99,24.26,OK,24.82,24.72,OK,23.37,23.37,OK,23.83,23.63,OK,24.77,24.72,OK,24.87,24.85,OK,23.59,23.46,OK,25.11,25.06,OK,0,0,,0,0,,10.88,OK,10.83,OK,10.83,OK,10.83,OK,10.82,OK,10.86,OK,10.83,OK,0,,0,,9.82,OK,9.93,OK,9.89,OK,9.98,OK,10.01,OK,9.99,OK,9.94,OK,0,,0,,,,82.6,OK,,,,83.01,OK,,,,157.47,OK,,,,157.76,OK,,,,37.11,OK,,,,37.57,OK,,,,,,,,,,,,,,,,,
2406150487D,ATKINSON 3.8 OCV,DM3P3,2024-06-15 11:35:57,18.99,24.26,OK,25.54,25.45,OK,24.13,23.71,OK,22.57,22.46,OK,23.04,22.59,OK,24.38,24.26,OK,22.92,22.8,OK,23.45,22.78,OK,0,0,,0,0,,11.76,OK,11.82,OK,11.77,OK,11.81,OK,11.87,OK,11.74,OK,11.7,OK,0,,0,,12.8,OK,12.8,OK,12.79,OK,12.79,OK,12.82,OK,12.89,OK,12.71,OK,0,,0,,,,82.53,OK,,,,82.17,OK,,,,157.09,OK,,,,157.65,OK,,,,37.12,OK,,,,37.28,OK,,,,,,,,,,,,,,,,,
2406150488D,ATKINSON 3.8 OCV,DM4P4,2024-06-15 11:36:52,18.996,25.07,OK,22.59,22.5,OK,24.1,24.06,OK,23.01,22.78,OK,23.36,23.2,OK,22.5,22.13,OK,23.1,22.64,OK,23.01,22.73,OK,0,0,,0,0,,12.76,OK,12.56,OK,12.63,OK,12.52,OK,12.63,OK,12.56,OK,12.77,OK,0,,0,,9.39,OK,10.02,OK,9.72,OK,9.76,OK,9.87,OK,10.23,OK,10.13,OK,0,,0,,,,81.52,OK,,,,82.16,OK,,,,158,OK,,,,157.63,OK,,,,37.38,OK,,,,37.68,OK,,,,,,,,,,,,,,,,,
2406150489D,ATKINSON 3.8 OCV,DM5P6,2024-06-15 11:37:47,18.994,25.08,OK,28.84,28.26,OK,27.48,27.45,OK,23.25,22.9,OK,25.04,24.97,OK,25.57,25.43,OK,24.62,24.53,OK,25.46,25.46,OK,0,0,,0,0,,2.36,OK,2.79,OK,2.81,OK,2.79,OK,2.78,OK,2.81,OK,2.8,OK,0,,0,,0.84,OK,0.85,OK,0.82,OK,0.87,OK,0.86,OK,0.82,OK,0.85,OK,0,,0,,,,83.95,OK,,,,83.13,OK,,,,156.2,OK,,,,156.84,OK,,,,36.82,OK,,,,37.51,OK,,,,,,,,,,,,,,,,,
2406150490D,ATKINSON 3.8 OCV,DM2P2,2024-06-15 11:39:51,18.996,24.5,OK,27.53,27.46,OK,24.24,24.12,OK,25.09,24.85,OK,26.4,26.35,OK,25.31,25.28,OK,25.06,25.01,OK,25.16,25.14,OK,0,0,,0,0,,10.8,OK,10.84,OK,10.83,OK,10.82,OK,10.86,OK,10.82,OK,10.86,OK,0,,0,,9.95,OK,10.1,OK,10.07,OK,9.97,OK,10.03,OK,10.01,OK,10.01,OK,0,,0,,,,82.53,OK,,,,82.57,OK,,,,157.45,OK,,,,157.6,OK,,,,37.83,OK,,,,37.44,OK,,,,,,,,,,,,,,,,,
2406150491D,ATKINSON 3.8 OCV,DM3P7,2024-06-15 11:40:56,18.997,25.83,OK,25.59,25.47,OK,24.71,24.52,OK,23.41,23.1,OK,23.08,22.87,OK,23.82,23.78,OK,22.22,22.11,OK,23.45,23.06,OK,0,0,,0,0,,11.44,OK,11.79,OK,11.62,OK,11.78,OK,11.81,OK,11.65,OK,11.62,OK,0,,0,,12.78,OK,12.82,OK,12.94,OK,12.94,OK,12.75,OK,12.74,OK,12.8,OK,0,,0,,,,82.23,OK,,,,82.36,OK,,,,158.46,OK,,,,157.67,OK,,,,37.56,OK,,,,37.84,OK,,,,,,,,,,,,,,,,,
2406150492D,ATKINSON 3.8 OCV,DM4P9,2024-06-15 11:41:51,18.992,25.16,OK,23.5,23.38,OK,23.64,23.52,OK,22.59,22.46,OK,24.43,23.96,OK,23.57,23.06,OK,23.99,23.66,OK,24.13,23.94,OK,0,0,,0,0,,12.7,OK,12.78,OK,12.69,OK,12.79,OK,12.79,OK,12.61,OK,12.77,OK,0,,0,,9.36,OK,9.75,OK,9.48,OK,9.81,OK,10,OK,10.22,OK,10.07,OK,0,,0,,,,81.81,OK,,,,82.12,OK,,,,157.96,OK,,,,158,OK,,,,38.41,OK,,,,37.75,OK,,,,,,,,,,,,,,,,,
2406150493D,ATKINSON 3.8 OCV,DM5P5,2024-06-15 11:42:49,18.998,24,OK,26.32,25.92,OK,28.4,28.38,OK,23,22.72,OK,24.2,24.16,OK,23.04,23,OK,22.84,22.77,OK,23.51,23.46,OK,0,0,,0,0,,2.4,OK,2.84,OK,2.96,OK,2.83,OK,2.74,OK,2.76,OK,2.77,OK,0,,0,,0.87,OK,0.82,OK,0.81,OK,0.83,OK,0.82,OK,0.85,OK,0.84,OK,0,,0,,,,83.05,OK,,,,81.94,OK,,,,157.86,OK,,,,158.01,OK,,,,37.3,OK,,,,37.14,OK,,,,,,,,,,,,,,,,,
2406150494D,ATKINSON 3.8 OCV,DM2P1,2024-06-15 11:43:45,18.983,26.13,OK,26.06,25.98,OK,25.74,25.67,OK,25.26,25.04,OK,25.5,25.43,OK,28.41,28.41,OK,25.64,25.57,OK,26.23,26.18,OK,0,0,,0,0,,10.8,OK,10.83,OK,10.85,OK,10.85,OK,10.86,OK,10.86,OK,10.85,OK,0,,0,,9.99,OK,10.06,OK,10.02,OK,9.99,OK,10,OK,10.01,OK,10.12,OK,0,,0,,,,82.76,OK,,,,83.04,OK,,,,157.3,OK,,,,157.52,OK,,,,37.25,OK,,,,37.32,OK,,,,,,,,,,,,,,,,,
2406150495D,ATKINSON 3.8 OCV,DM3P3,2024-06-15 11:44:40,18.986,25.55,OK,23.22,23.2,OK,23.64,22.97,OK,23.57,23.38,OK,24.06,23.64,OK,25.22,25.1,OK,24.2,23.73,OK,23.43,22.71,OK,0,0,,0,0,,11.47,OK,11.74,OK,11.43,OK,11.6,OK,11.66,OK,11.9,OK,11.81,OK,0,,0,,12.8,OK,12.8,OK,12.69,OK,12.75,OK,12.77,OK,12.9,OK,12.55,OK,0,,0,,,,82.62,OK,,,,82.23,OK,,,,157.22,OK,,,,157.4,OK,,,,36.93,OK,,,,37.36,OK,,,,,,,,,,,,,,,,,
2406150496D,ATKINSON 3.8 OCV,DM4P4,2024-06-15 11:45:38,18.998,25.71,OK,23.59,23.5,OK,23.73,23.66,OK,23.13,22.69,OK,23.34,22.85,OK,24.82,24.45,OK,23.96,23.64,OK,24.54,23.82,OK,0,0,,0,0,,12.44,OK,12.49,OK,12.78,OK,12.59,OK,12.58,OK,12.63,OK,12.71,OK,0,,0,,9.18,OK,9.38,OK,9.81,OK,9.66,OK,10.2,OK,10.05,OK,9.9,OK,0,,0,,,,81.62,OK,,,,81.79,OK,,,,158.07,OK,,,,157.85,OK,,,,37.59,OK,,,,37.81,OK,,,,,,,,,,,,,,,,,
2406150497D,ATKINSON 3.8 OCV,DM5P6,2024-06-15 11:46:37,18.987,25.56,OK,25.2,25.04,OK,24.58,24.41,OK,23.07,22.79,OK,24.18,24.16,OK,24.11,24.04,OK,25.97,25.87,OK,23.95,23.86,OK,0,0,,0,0,,2.34,OK,2.9,OK,2.78,OK,2.74,OK,2.77,OK,2.78,OK,2.89,OK,0,,0,,0.84,OK,0.81,OK,0.78,OK,0.81,OK,0.87,OK,0.83,OK,0.84,OK,0,,0,,,,83.35,OK,,,,82.67,OK,,,,156.78,OK,,,,157.31,OK,,,,35.9,OK,,,,38.09,OK,,,,,,,,,,,,,,,,,
2406150498D,ATKINSON 3.8 OCV,DM2P2,2024-06-15 11:47:35,18.996,25.5,OK,27.05,26.9,OK,23.73,23.59,OK,25.89,25.69,OK,25.52,25.52,OK,24.85,24.82,OK,24.7,24.63,OK,25.26,25.18,OK,0,0,,0,0,,10.77,OK,10.84,OK,10.83,OK,10.83,OK,10.86,OK,10.84,OK,10.84,OK,0,,0,,9.93,OK,10,OK,10.01,OK,10.01,OK,10.01,OK,9.97,OK,9.95,OK,0,,0,,,,81.89,OK,,,,82.14,OK,,,,157.85,OK,,,,158.29,OK,,,,37.86,OK,,,,37.8,OK,,,,,,,,,,,,,,,,,
2406150499D,ATKINSON 3.8 OCV,DM3P7,2024-06-15 11:48:34,18.996,25.71,OK,25.03,24.91,OK,26.19,25.75,OK,23.01,22.83,OK,23.08,22.94,OK,24.01,23.92,OK,24.94,24.82,OK,24.13,23.62,OK,0,0,,0,0,,11.5,OK,11.69,OK,11.74,OK,11.87,OK,11.81,OK,11.63,OK,11.74,OK,0,,0,,12.89,OK,12.82,OK,12.86,OK,12.79,OK,12.78,OK,12.76,OK,12.8,OK,0,,0,,,,82.72,OK,,,,82.6,OK,,,,158.16,OK,,,,157.67,OK,,,,37.67,OK,,,,37.95,OK,,,,,,,,,,,,,,,,,
2406150500D,ATKINSON 3.8 OCV,DM4P9,2024-06-15 11:49:29,18.996,25.71,OK,23.22,23.08,OK,23.75,23.64,OK,23.04,22.71,OK,23.82,23.31,OK,23.92,23.5,OK,24.36,24.17,OK,22.76,22.55,OK,0,0,,0,0,,12.57,OK,12.66,OK,12.59,OK,12.79,OK,12.78,OK,12.62,OK,12.8,OK,0,,0,,9.11,OK,9.72,OK,10.05,OK,10.12,OK,10.16,OK,10.17,OK,10.05,OK,0,,0,,,,81.67,OK,,,,82.14,OK,,,,157.71,OK,,,,157.53,OK,,,,37.67,OK,,,,37.41,OK,,,,,,,,,,,,,,,,,
2406150501D,ATKINSON 3.8 OCV,DM5P5,2024-06-15 11:50:28,18.993,24.72,OK,26.43,26.34,OK,25.71,25.62,OK,22.84,22.7,OK,24.67,24.6,OK,23.42,23.35,OK,25.02,24.92,OK,24.02,23.97,OK,0,0,,0,0,,2.3,OK,2.79,OK,2.78,OK,2.75,OK,2.78,OK,2.82,OK,2.73,OK,0,,0,,0.83,OK,0.82,OK,0.79,OK,0.78,OK,0.83,OK,0.79,OK,0.77,OK,0,,0,,,,81.67,OK,,,,81.48,OK,,,,158.06,OK,,,,158.07,OK,,,,38.31,OK,,,,38.1,OK,,,,,,,,,,,,,,,,,
2406150502D,ATKINSON 3.8 OCV,DM2P1,2024-06-15 11:51:23,18.998,24.78,OK,24.68,24.6,OK,23.08,22.98,OK,25.38,25.16,OK,24.82,24.82,OK,24.97,24.92,OK,25.55,25.5,OK,25.14,25.14,OK,0,0,,0,0,,10.77,OK,10.84,OK,10.83,OK,10.85,OK,10.86,OK,10.88,OK,10.84,OK,0,,0,,9.87,OK,9.97,OK,10.01,OK,9.92,OK,9.97,OK,9.96,OK,10.03,OK,0,,0,,,,82.14,OK,,,,82.34,OK,,,,157.33,OK,,,,158.06,OK,,,,37.82,OK,,,,37.99,OK,,,,,,,,,,,,,,,,,
2406150503D,ATKINSON 3.8 OCV,DM3P3,2024-06-15 11:52:18,18.998,24.78,OK,25.61,25.54,OK,24.43,23.78,OK,24.73,24.61,OK,24.59,24.15,OK,24.8,24.68,OK,24.78,24.45,OK,24.91,24.59,OK,0,0,,0,0,,11.42,OK,11.84,OK,11.78,OK,11.65,OK,11.69,OK,11.7,OK,11.68,OK,0,,0,,12.87,OK,12.81,OK,12.81,OK,12.8,OK,12.79,OK,12.78,OK,12.76,OK,0,,0,,,,82.74,OK,,,,82.03,OK,,,,157.94,OK,,,,157.77,OK,,,,37.69,OK,,,,37.82,OK,,,,,,,,,,,,,,,,,
2406150504D,ATKINSON 3.8 OCV,DM4P4,2024-06-15 11:53:13,18.996,25.31,OK,28.23,28.05,OK,24.15,23.82,OK,25.31,24.82,OK,25.42,25.12,OK,25.42,24.94,OK,24.06,23.41,OK,25.52,24.84,OK,0,0,,0,0,,12.63,OK,12.54,OK,12.59,OK,12.6,OK,12.58,OK,12.65,OK,12.62,OK,0,,0,,9.49,OK,9.93,OK,9.7,OK,10.11,OK,10.27,OK,9.73,OK,10.04,OK,0,,0,,,,82.03,OK,,,,82.25,OK,,,,157.42,OK,,,,157.6,OK,,,,36.77,OK,,,,37.82,OK,,,,,,,,,,,,,,,,,
2406150505D,ATKINSON 3.8 OCV,DM5P6,2024-06-15 11:54:09,18.995,24.25,OK,25.16,25.04,OK,25.76,25.48,OK,23.88,23.72,OK,25.64,25.57,OK,25.99,25.92,OK,22.39,22.32,OK,25.34,25.32,OK,0,0,,0,0,,2.35,OK,2.81,OK,2.83,OK,2.8,OK,2.8,OK,2.78,OK,2.77,OK,0,,0,,0.86,OK,0.81,OK,0.85,OK,0.78,OK,0.83,OK,0.85,OK,0.87,OK,0,,0,,,,82.99,OK,,,,82.85,OK,,,,156.31,OK,,,,156.56,OK,,,,36.83,OK,,,,37.76,OK,,,,,,,,,,,,,,,,,
2406150506D,ATKINSON 3.8 OCV,DM2P2,2024-06-15 11:55:04,18.986,26.37,OK,26.56,26.44,OK,24.31,24.24,OK,24,23.83,OK,23.85,23.78,OK,24.34,24.31,OK,24.17,24.14,OK,25.01,24.99,OK,0,0,,0,0,,10.78,OK,10.83,OK,10.85,OK,10.83,OK,10.86,OK,10.86,OK,10.82,OK,0,,0,,9.99,OK,9.98,OK,9.98,OK,9.99,OK,10.01,OK,9.96,OK,10,OK,0,,0,,,,82.29,OK,,,,82.59,OK,,,,157.41,OK,,,,157.5,OK,,,,37.64,OK,,,,37.44,OK,,,,,,,,,,,,,,,,,
2406150507D,ATKINSON 3.8 OCV,DM3P7,2024-06-15 11:55:59,18.996,25.21,OK,24.89,24.78,OK,26.61,26.14,OK,24.1,23.92,OK,23.99,23.62,OK,23.71,23.64,OK,24.71,24.57,OK,24.38,23.99,OK,0,0,,0,0,,11.6,OK,11.84,OK,11.76,OK,11.77,OK,11.73,OK,11.66,OK,11.7,OK,0,,0,,12.78,OK,12.82,OK,12.79,OK,12.86,OK,12.8,OK,12.78,OK,12.76,OK,0,,0,,,,82.66,OK,,,,82.95,OK,,,,158.01,OK,,,,157.39,OK,,,,37.32,OK,,,,37.82,OK,,,,,,,,,,,,,,,,,
2406150508D,ATKINSON 3.8 OCV,DM4P9,2024-06-15 11:56:54,18.996,25.21,OK,25.29,25.22,OK,23.89,23.82,OK,23.29,23.08,OK,23.78,23.45,OK,24.75,24.31,OK,24.24,24.08,OK,24.91,24.4,OK,0,0,,0,0,,12.6,OK,12.6,OK,12.57,OK,12.66,OK,12.65,OK,12.66,OK,12.63,OK,0,,0,,9.04,OK,9.85,OK,10.05,OK,10,OK,10.16,OK,10.03,OK,10.01,OK,0,,0,,,,82.13,OK,,,,82.16,OK,,,,157.59,OK,,,,157.68,OK,,,,37.91,OK,,,,37.46,OK,,,,,,,,,,,,,,,,,
2406150509D,ATKINSON 3.8 OCV,DM5P5,2024-06-15 11:57:50,18.997,25.21,OK,26.52,25.97,OK,24.9,24.88,OK,23.28,22.86,OK,23.55,23.25,OK,23.42,23.3,OK,24.02,23.88,OK,26.18,26.13,OK,0,0,,0,0,,2.34,OK,2.79,OK,2.78,OK,2.77,OK,2.73,OK,2.75,OK,2.75,OK,0,,0,,0.85,OK,0.8,OK,0.78,OK,0.74,OK,0.75,OK,0.83,OK,0.82,OK,0,,0,,,,81.99,OK,,,,82.26,OK,,,,156.76,OK,,,,158.05,OK,,,,38.36,OK,,,,38.22,OK,,,,,,,,,,,,,,,,,
2406150510D,ATKINSON 3.8 OCV,DM2P1,2024-06-15 11:58:48,18.988,24.48,OK,24.92,24.87,OK,24.29,24.24,OK,25.45,25.16,OK,27.07,27,OK,26.69,26.64,OK,25.47,25.47,OK,26.44,26.37,OK,0,0,,0,0,,10.75,OK,10.83,OK,10.84,OK,10.85,OK,10.85,OK,10.83,OK,10.83,OK,0,,0,,9.97,OK,10,OK,10,OK,10.02,OK,9.93,OK,9.96,OK,9.97,OK,0,,0,,,,82.47,OK,,,,82.88,OK,,,,157.74,OK,,,,157.81,OK,,,,37.39,OK,,,,37.4,OK,,,,,,,,,,,,,,,,,
2406150511D,ATKINSON 3.8 OCV,DM3P3,2024-06-15 11:59:43,18.985,25.26,OK,27.4,27.3,OK,24.75,24.03,OK,25.38,25.12,OK,24.15,23.57,OK,24.54,24.1,OK,24.87,24.43,OK,23.31,23.06,OK,0,0,,0,0,,11.58,OK,11.82,OK,11.69,OK,11.63,OK,11.68,OK,11.72,OK,11.76,OK,0,,0,,12.62,OK,12.81,OK,12.78,OK,12.84,OK,12.77,OK,12.71,OK,12.71,OK,0,,0,,,,82.5,OK,,,,81.69,OK,,,,158.22,OK,,,,158.32,OK,,,,37.93,OK,,,,38.21,OK,,,,,,,,,,,,,,,,,
2406150512D,ATKINSON 3.8 OCV,DM4P4,2024-06-15 12:00:42,18.984,26.2,OK,23.55,23.52,OK,24.36,24.24,OK,24.15,23.82,OK,24.08,23.45,OK,24.82,24.36,OK,24.8,24.59,OK,23.92,23.64,OK,0,0,,0,0,,12.58,OK,12.63,OK,12.64,OK,12.75,OK,12.71,OK,12.68,OK,12.66,OK,0,,0,,9.31,OK,9.76,OK,10.05,OK,10.08,OK,10.18,OK,9.77,OK,10.1,OK,0,,0,,,,81.68,OK,,,,81.79,OK,,,,158.13,OK,,,,157.81,OK,,,,37.38,OK,,,,37.84,OK,,,,,,,,,,,,,,,,,
2406150513D,ATKINSON 3.8 OCV,DM5P6,2024-06-15 12:01:37,18.994,25.35,OK,26.11,25.97,OK,23.58,23.51,OK,23.11,22.7,OK,23.44,23.37,OK,24.02,23.76,OK,24.46,24.32,OK,24.51,24.44,OK,0,0,,0,0,,2.35,OK,2.79,OK,2.75,OK,2.9,OK,2.75,OK,2.75,OK,2.7,OK,0,,0,,0.81,OK,0.75,OK,0.79,OK,0.77,OK,0.84,OK,0.81,OK,0.82,OK,0,,0,,,,83.32,OK,,,,82.63,OK,,,,157.57,OK,,,,156.93,OK,,,,37.17,OK,,,,37.25,OK,,,,,,,,,,,,,,,,,
2406150514D,ATKINSON 3.8 OCV,DM2P2,2024-06-15 12:02:36,18.984,25.66,OK,23.76,23.73,OK,24.17,24.05,OK,26.2,25.96,OK,23.39,23.34,OK,24.02,23.95,OK,24.85,24.77,OK,24.77,24.7,OK,0,0,,0,0,,10.77,OK,10.84,OK,10.84,OK,10.85,OK,10.81,OK,10.83,OK,10.84,OK,0,,0,,9.82,OK,10.02,OK,10,OK,10,OK,9.9,OK,10,OK,9.96,OK,0,,0,,,,82.36,OK,,,,82.58,OK,,,,155.19,NG,,,,157.74,OK,,,,37.69,OK,,,,37.46,OK,,,,,,,,,,,,,,,,,
2406150515D,ATKINSON 3.8 OCV,DM3P7,2024-06-15 12:03:34,18.984,26.06,OK,26.91,26.79,OK,27.44,26.86,OK,23.22,23.01,OK,23.04,22.9,OK,23.82,23.8,OK,25.1,24.68,OK,23.2,22.83,OK,0,0,,0,0,,11.66,OK,11.65,OK,11.71,OK,11.65,OK,11.73,OK,11.79,OK,11.77,OK,0,,0,,12.77,OK,12.8,OK,12.7,OK,12.76,OK,12.7,OK,12.63,OK,12.57,OK,0,,0,,,,82.91,OK,,,,83.01,OK,,,,158.08,OK,,,,157.21,OK,,,,37.3,OK,,,,37.51,OK,,,,,,,,,,,,,,,,,
2406150516D,ATKINSON 3.8 OCV,DM4P9,2024-06-15 12:04:29,18.986,26.17,OK,26.24,26.12,OK,23.15,23.01,OK,23.31,22.8,OK,24.36,23.8,OK,24.26,23.73,OK,25.38,24.96,OK,23.68,23.55,OK,0,0,,0,0,,12.56,OK,12.63,OK,12.74,OK,12.73,OK,12.7,OK,12.7,OK,12.61,OK,0,,0,,9.4,OK,9.94,OK,9.82,OK,10.03,OK,10.01,OK,10.15,OK,10.04,OK,0,,0,,,,81.95,OK,,,,82.08,OK,,,,157.95,OK,,,,157.78,OK,,,,37.88,OK,,,,37.82,OK,,,,,,,,,,,,,,,,,
2406150517D,ATKINSON 3.8 OCV,DM5P5,2024-06-15 12:05:28,18.998,26.21,OK,25.04,24.83,OK,25.39,25.27,OK,23.51,23.21,OK,24.99,24.95,OK,23.93,23.88,OK,24.51,24.46,OK,23.21,23.16,OK,0,0,,0,0,,2.3,OK,2.75,OK,2.75,OK,2.76,OK,2.8,OK,2.83,OK,2.75,OK,0,,0,,0.84,OK,0.84,OK,0.82,OK,0.83,OK,0.8,OK,0.86,OK,0.82,OK,0,,0,,,,81.74,OK,,,,81.81,OK,,,,158.32,OK,,,,158.36,OK,,,,38.27,OK,,,,38.23,OK,,,,,,,,,,,,,,,,,
2406150518D,ATKINSON 3.8 OCV,DM2P1,2024-06-15 12:06:23,18.986,26.31,OK,26.52,26.4,OK,25.21,24.99,OK,26.2,26.06,OK,26.44,26.4,OK,26.2,26.13,OK,26.42,26.35,OK,25.31,25.26,OK,0,0,,0,0,,10.82,OK,10.85,OK,10.83,OK,10.84,OK,10.84,OK,10.83,OK,10.85,OK,0,,0,,9.94,OK,10.03,OK,10.01,OK,10.02,OK,9.92,OK,10,OK,10,OK,0,,0,,,,82.49,OK,,,,82.53,OK,,,,157.6,OK,,,,158,OK,,,,37.67,OK,,,,37.74,OK,,,,,,,,,,,,,,,,,
2406150519D,ATKINSON 3.8 OCV,DM3P3,2024-06-15 12:46:12,18.984,25.67,OK,25.19,25.12,OK,23.82,23.41,OK,23.06,22.73,OK,23.85,23.59,OK,24.91,24.54,OK,24.91,24.8,OK,24.13,23.71,OK,0,0,,0,0,,11.64,OK,11.65,OK,11.77,OK,11.76,OK,11.76,OK,11.81,OK,11.69,OK,0,,0,,12.76,OK,12.8,OK,12.6,OK,12.74,OK,12.61,OK,12.62,OK,12.9,OK,0,,0,,,,82.7,OK,,,,82.23,OK,,,,157.42,OK,,,,157.71,OK,,,,37.72,OK,,,,37.95,OK,,,,,,,,,,,,,,,,,
2406150520D,ATKINSON 3.8 OCV,DM4P4,2024-06-15 12:49:33,18.993,25.33,OK,26.12,26,OK,23.59,23.45,OK,24.01,23.68,OK,24.98,24.54,OK,25.94,25.24,OK,23.96,23.48,OK,26.54,26.03,OK,0,0,,0,0,,12.53,OK,12.65,OK,12.69,OK,12.74,OK,12.78,OK,12.69,OK,12.67,OK,0,,0,,9.39,OK,9.95,OK,9.93,OK,10.03,OK,10.24,OK,10.13,OK,10.12,OK,0,,0,,,,81.51,OK,,,,81.96,OK,,,,158.04,OK,,,,157.71,OK,,,,37.68,OK,,,,37.92,OK,,,,,,,,,,,,,,,,,
2406150521D,ATKINSON 3.8 OCV,DM5P6,2024-06-15 12:50:29,18.993,25.86,OK,28.1,27.64,OK,26.85,26.69,OK,23.6,23.35,OK,24.71,24.67,OK,24.71,24.58,OK,24.69,24.48,OK,23.86,23.76,OK,0,0,,0,0,,2.33,OK,2.77,OK,2.78,OK,2.76,OK,2.79,OK,2.76,OK,2.73,OK,0,,0,,0.83,OK,0.82,OK,0.85,OK,0.8,OK,0.79,OK,0.83,OK,0.8,OK,0,,0,,,,83.28,OK,,,,83.49,OK,,,,156.84,OK,,,,157.48,OK,,,,37,OK,,,,37.08,OK,,,,,,,,,,,,,,,,,
2406150522D,ATKINSON 3.8 OCV,DM2P2,2024-06-15 12:51:34,18.99,25.53,OK,25.11,25.04,OK,25.33,25.18,OK,25.43,25.26,OK,25.74,25.74,OK,24.05,24.02,OK,24.92,24.89,OK,25.67,25.64,OK,0,0,,0,0,,10.82,OK,10.83,OK,10.82,OK,10.83,OK,10.85,OK,10.82,OK,10.84,OK,0,,0,,9.84,OK,10,OK,9.96,OK,9.98,OK,9.87,OK,9.98,OK,9.95,OK,0,,0,,,,82.14,OK,,,,82.23,OK,,,,157.95,OK,,,,158.07,OK,,,,38.04,OK,,,,38.05,OK,,,,,,,,,,,,,,,,,
2406150523D,ATKINSON 3.8 OCV,DM3P7,2024-06-15 12:52:32,18.991,26.26,OK,26.1,26.07,OK,25.38,24.8,OK,24.8,24.47,OK,23.89,23.66,OK,24.52,24.4,OK,25.91,25.49,OK,23.62,23.45,OK,0,0,,0,0,,11.64,OK,11.65,OK,11.75,OK,11.71,OK,11.8,OK,11.82,OK,11.76,OK,0,,0,,12.77,OK,12.8,OK,12.57,OK,12.72,OK,12.59,OK,12.61,OK,12.9,OK,0,,0,,,,82.87,OK,,,,82.7,OK,,,,157.77,OK,,,,157.31,OK,,,,37.84,OK,,,,38,OK,,,,,,,,,,,,,,,,,
2406150524D,ATKINSON 3.8 OCV,DM4P9,2024-06-15 12:53:27,18.993,25.88,OK,24.59,24.54,OK,23.8,23.68,OK,23.52,23.1,OK,24.98,24.73,OK,24.98,24.45,OK,25.08,24.71,OK,24.47,23.99,OK,0,0,,0,0,,12.73,OK,12.63,OK,12.73,OK,12.69,OK,12.78,OK,12.73,OK,12.79,OK,0,,0,,9.37,OK,9.83,OK,9.92,OK,10.13,OK,10.17,OK,10.35,OK,10.04,OK,0,,0,,,,81.52,OK,,,,81.73,OK,,,,157.69,OK,,,,158.15,OK,,,,38.34,OK,,,,37.7,OK,,,,,,,,,,,,,,,,,
2406150525D,ATKINSON 3.8 OCV,DM5P5,2024-06-15 12:54:23,18.991,26.42,OK,30.58,30.12,OK,26.83,26.73,OK,26.22,26.04,OK,25.55,25.53,OK,25.29,25.25,OK,24.13,24.04,OK,24.76,24.71,OK,0,0,,0,0,,2.43,OK,2.86,OK,2.81,OK,2.75,OK,2.77,OK,2.84,OK,2.76,OK,0,,0,,0.84,OK,0.81,OK,0.82,OK,0.83,OK,0.82,OK,0.81,OK,0.81,OK,0,,0,,,,82.92,OK,,,,81.59,OK,,,,157.31,OK,,,,157.49,OK,,,,37.4,OK,,,,38.2,OK,,,,,,,,,,,,,,,,,
2406150526D,ATKINSON 3.8 OCV,DM2P1,2024-06-15 12:55:21,18.985,26.66,OK,24.82,24.75,OK,23.29,23.22,OK,24.43,24.24,OK,26.2,26.13,OK,25.33,25.31,OK,25.21,25.14,OK,24.19,24.12,OK,0,0,,0,0,,10.8,OK,10.85,OK,10.84,OK,10.84,OK,10.84,OK,10.87,OK,10.84,OK,0,,0,,9.82,OK,9.94,OK,9.96,OK,9.99,OK,9.93,OK,9.96,OK,9.97,OK,0,,0,,,,82.22,OK,,,,82.14,OK,,,,158.06,OK,,,,158.14,OK,,,,37.88,OK,,,,38,OK,,,,,,,,,,,,,,,,,
2406150527D,ATKINSON 3.8 OCV,DM3P3,2024-06-15 12:56:20,18.995,26.81,OK,27.58,27.51,OK,25.54,24.73,OK,25.82,25.36,OK,24.87,24.45,OK,24.84,24.5,OK,25.42,25.29,OK,23.57,22.94,OK,0,0,,0,0,,11.41,OK,11.62,OK,11.77,OK,11.62,OK,11.67,OK,11.79,OK,11.8,OK,0,,0,,12.8,OK,12.82,OK,12.76,OK,12.77,OK,12.77,OK,12.72,OK,12.6,OK,0,,0,,,,82.43,OK,,,,81.84,OK,,,,157.52,OK,,,,157.91,OK,,,,37.6,OK,,,,37.68,OK,,,,,,,,,,,,,,,,,
2406150528D,ATKINSON 3.8 OCV,DM4P4,2024-06-15 12:57:15,18.994,26.22,OK,25.49,25.42,OK,25.17,25.03,OK,24.36,24.03,OK,26.56,26,OK,26.35,25.77,OK,24.1,23.85,OK,26.17,26,OK,0,0,,0,0,,12.61,OK,12.61,OK,12.7,OK,12.72,OK,12.74,OK,12.71,OK,12.62,OK,0,,0,,9.48,OK,9.98,OK,9.93,OK,10,OK,10.44,OK,9.68,OK,10.1,OK,0,,0,,,,81.65,OK,,,,82.03,OK,,,,157.58,OK,,,,157.61,OK,,,,37.78,OK,,,,37.85,OK,,,,,,,,,,,,,,,,,
2406150529D,ATKINSON 3.8 OCV,DM5P6,2024-06-15 12:59:35,18.986,25.82,OK,27.01,26.73,OK,25.94,25.83,OK,24.78,24.53,OK,25.39,25.29,OK,24.76,24.67,OK,25.27,25.25,OK,24.69,24.64,OK,0,0,,0,0,,2.38,OK,2.79,OK,2.82,OK,2.78,OK,2.85,OK,2.89,OK,2.79,OK,0,,0,,0.82,OK,0.87,OK,0.82,OK,0.8,OK,0.8,OK,0.79,OK,0.81,OK,0,,0,,,,82.92,OK,,,,83.07,OK,,,,156.52,OK,,,,157.06,OK,,,,37.72,OK,,,,37.76,OK,,,,,,,,,,,,,,,,,
2406150530D,ATKINSON 3.8 OCV,DM2P2,2024-06-15 13:00:43,18.988,25.4,OK,26.15,26.08,OK,25.52,25.38,OK,26.32,26.06,OK,27.17,27.05,OK,26.59,26.49,OK,26.2,26.15,OK,25.79,25.74,OK,0,0,,0,0,,10.75,OK,10.82,OK,10.83,OK,10.84,OK,10.85,OK,10.85,OK,10.82,OK,0,,0,,9.91,OK,10.03,OK,10.01,OK,10.03,OK,9.98,OK,10.02,OK,10.02,OK,0,,0,,,,82.03,OK,,,,82.34,OK,,,,157.63,OK,,,,157.77,OK,,,,38.06,OK,,,,37.76,OK,,,,,,,,,,,,,,,,,
2406150531D,ATKINSON 3.8 OCV,DM3P7,2024-06-15 13:01:41,18.992,25.31,OK,27.72,27.7,OK,25.29,24.68,OK,23.87,23.73,OK,24.4,24.15,OK,25.59,25.47,OK,25.1,24.96,OK,25.36,25.29,OK,0,0,,0,0,,11.65,OK,11.64,OK,11.66,OK,11.68,OK,11.78,OK,11.79,OK,11.8,OK,0,,0,,12.79,OK,12.78,OK,12.6,OK,12.75,OK,12.62,OK,12.6,OK,12.89,OK,0,,0,,,,82.83,OK,,,,82.39,OK,,,,158,OK,,,,157.39,OK,,,,37.63,OK,,,,37.93,OK,,,,,,,,,,,,,,,,,
2406150535D,ATKINSON 3.8 OCV,DM3P3,2024-06-15 13:02:43,18.99,24.7,OK,29.79,29.74,OK,27.16,26.56,OK,24.73,24.31,OK,24.96,24.29,OK,25.03,24.82,OK,25.91,25.54,OK,24.73,24.01,OK,0,0,,0,0,,11.71,OK,11.67,OK,11.66,OK,11.71,OK,11.74,OK,11.8,OK,11.76,OK,0,,0,,12.8,OK,12.82,OK,12.85,OK,12.79,OK,12.8,OK,12.8,OK,12.78,OK,0,,0,,,,82.64,OK,,,,81.75,OK,,,,158.29,OK,,,,157.89,OK,,,,37.87,OK,,,,38.19,OK,,,,,,,,,,,,,,,,,
2406150534D,ATKINSON 3.8 OCV,DM2P1,2024-06-15 13:03:42,18.989,26.06,OK,26.61,26.56,OK,24.24,24.12,OK,24.05,23.9,OK,26.93,26.88,OK,25.52,25.43,OK,25.69,25.64,OK,26.3,26.25,OK,0,0,,0,0,,10.79,OK,10.84,OK,10.82,OK,10.82,OK,10.84,OK,10.83,OK,10.81,OK,0,,0,,9.84,OK,10.02,OK,9.94,OK,9.99,OK,9.93,OK,9.97,OK,9.97,OK,0,,0,,,,82.08,OK,,,,82.59,OK,,,,157.59,OK,,,,158.05,OK,,,,37.65,OK,,,,37.73,OK,,,,,,,,,,,,,,,,,
2406150532D,ATKINSON 3.8 OCV,DM4P9,2024-06-15 13:04:37,18.992,25.31,OK,25.31,25.1,OK,24.87,24.64,OK,24.26,23.96,OK,25.75,25.47,OK,26.14,25.61,OK,24.89,24.45,OK,23.89,23.73,OK,0,0,,0,0,,12.71,OK,12.64,OK,12.68,OK,12.75,OK,12.8,OK,12.62,OK,12.61,OK,0,,0,,9.41,OK,9.91,OK,10.02,OK,10.21,OK,10.12,OK,10.17,OK,10.05,OK,0,,0,,,,82.3,OK,,,,82.46,OK,,,,157.55,OK,,,,157.47,OK,,,,37.75,OK,,,,37.39,OK,,,,,,,,,,,,,,,,,
2406150533D,ATKINSON 3.8 OCV,DM5P5,2024-06-15 13:05:32,18.998,25.71,OK,26.36,25.9,OK,26.85,26.8,OK,23.11,22.9,OK,25.36,25.29,OK,24.88,24.41,OK,25.46,25.32,OK,24.04,24,OK,0,0,,0,0,,2.35,OK,2.81,OK,2.72,OK,2.79,OK,2.74,OK,2.76,OK,2.74,OK,0,,0,,0.81,OK,0.78,OK,0.72,OK,0.75,OK,0.84,OK,0.78,OK,0.78,OK,0,,0,,,,82.35,OK,,,,81.86,OK,,,,158.09,OK,,,,157.58,OK,,,,38.29,OK,,,,38.11,OK,,,,,,,,,,,,,,,,,
2406150537D,ATKINSON 3.8 OCV,DM3P7,2024-06-15 13:06:27,18.992,25.61,OK,24.54,24.5,OK,26.05,25.7,OK,23.52,23.34,OK,25.05,24.78,OK,24.71,24.64,OK,25.38,25.05,OK,25.42,25.12,OK,0,0,,0,0,,11.43,OK,11.81,OK,11.81,OK,11.81,OK,11.72,OK,11.68,OK,11.72,OK,0,,0,,12.77,OK,12.77,OK,12.77,OK,12.83,OK,12.96,OK,12.84,OK,12.94,OK,0,,0,,,,82.35,OK,,,,82.78,OK,,,,158.17,OK,,,,157.81,OK,,,,37.46,OK,,,,37.76,OK,,,,,,,,,,,,,,,,,
2406150536D,ATKINSON 3.8 OCV,DM1P8,2024-06-15 13:07:26,18.984,24.42,OK,25.35,25.26,OK,23.95,23.82,OK,22.83,22.36,OK,21.88,21.7,OK,22.49,22.4,OK,20.83,20.58,OK,21.05,20.85,OK,0,0,,0,0,,10.58,OK,10.66,OK,10.69,OK,10.76,OK,10.91,OK,10.91,OK,10.88,OK,0,,0,,10.64,OK,10.81,OK,10.79,OK,10.69,OK,10.73,OK,10.79,OK,10.61,OK,0,,0,,,,82.02,OK,,,,82.38,OK,,,,157.27,OK,,,,157.23,OK,,,,36.94,OK,,,,37.47,OK,,,,,,,,,,,,,,,,,
2406150538D,ATKINSON 3.8 OCV,DM2P2,2024-06-15 13:08:21,18.985,25.68,OK,25.94,25.89,OK,23.92,23.78,OK,25.01,24.8,OK,26.23,26.13,OK,25.98,25.91,OK,25.38,25.33,OK,24.89,24.85,OK,0,0,,0,0,,11.39,OK,10.85,OK,10.85,OK,10.85,OK,10.86,OK,10.87,OK,10.86,OK,0,,0,,9.88,OK,10.03,OK,10,OK,9.99,OK,9.87,OK,10.02,OK,9.99,OK,0,,0,,,,81.81,OK,,,,82.3,OK,,,,157.61,OK,,,,157.8,OK,,,,37.92,OK,,,,37.47,OK,,,,,,,,,,,,,,,,,
2406150539D,ATKINSON 3.8 OCV,DM4P4,2024-06-15 13:09:16,18.985,25.68,OK,25.12,25.01,OK,24.47,24.36,OK,24.78,24.22,OK,25.08,24.75,OK,24.33,24.13,OK,24.89,24.64,OK,26.1,26,OK,0,0,,0,0,,12.7,OK,12.64,OK,12.62,OK,12.6,OK,12.78,OK,12.8,OK,12.72,OK,0,,0,,9.31,OK,9.75,OK,9.86,OK,9.92,OK,10.06,OK,10.19,OK,10.08,OK,0,,0,,,,81.7,OK,,,,81.76,OK,,,,157.85,OK,,,,157.88,OK,,,,37.66,OK,,,,37.81,OK,,,,,,,,,,,,,,,,,
2406150540D,ATKINSON 3.8 OCV,DM5P6,2024-06-15 13:10:12,18.999,25.01,OK,27.06,26.41,OK,25.39,25.36,OK,24.71,24.41,OK,24.41,24.34,OK,25.71,25.39,OK,24.53,24.46,OK,24.74,24.69,OK,0,0,,0,0,,2.33,OK,2.88,OK,2.8,OK,2.86,OK,2.8,OK,2.78,OK,2.87,OK,0,,0,,0.81,OK,0.82,OK,0.75,OK,0.81,OK,0.86,OK,0.8,OK,0.82,OK,0,,0,,,,83.54,OK,,,,82.71,OK,,,,157.8,OK,,,,157.46,OK,,,,37.25,OK,,,,38.16,OK,,,,,,,,,,,,,,,,,
2406150541D,ATKINSON 3.8 OCV,DM3P9,2024-06-15 13:11:07,18.985,26.35,OK,24.61,24.5,OK,24.89,24.43,OK,23.1,23.04,OK,23.1,23.04,OK,23.62,23.45,OK,25.15,25.05,OK,24.24,23.99,OK,0,0,,0,0,,11.42,OK,11.79,OK,11.77,OK,11.78,OK,11.86,OK,11.81,OK,11.75,OK,0,,0,,12.59,OK,12.59,OK,12.79,OK,12.75,OK,12.9,OK,12.63,OK,12.81,OK,0,,0,,,,81.87,OK,,,,82.2,OK,,,,157.74,OK,,,,158.27,OK,,,,38.27,OK,,,,37.97,OK,,,,,,,,,,,,,,,,,
2406150542D,ATKINSON 3.8 OCV,DM2P5,2024-06-15 13:12:02,18.992,25.45,OK,26.42,26.32,OK,24.12,23.92,OK,24.22,23.97,OK,25.89,25.86,OK,26.47,26.42,OK,24.41,24.31,OK,25.28,25.23,OK,0,0,,0,0,,10.83,OK,10.84,OK,10.88,OK,10.86,OK,10.85,OK,10.85,OK,10.85,OK,0,,0,,9.84,OK,9.94,OK,9.99,OK,9.95,OK,9.98,OK,9.99,OK,9.99,OK,0,,0,,,,82.39,OK,,,,81.71,OK,,,,158.43,OK,,,,158.24,OK,,,,38.09,OK,,,,38.43,OK,,,,,,,,,,,,,,,,,
2406150545D,ATKINSON 3.8 OCV,DM3P7,2024-06-15 13:13:04,18.998,25.41,OK,26,25.91,OK,24.78,24.26,OK,23.8,23.64,OK,25.17,25.1,OK,24.91,24.8,OK,25.33,25.22,OK,25.73,25.4,OK,0,0,,0,0,,11.21,OK,11.66,OK,11.75,OK,11.7,OK,11.77,OK,11.64,OK,11.79,OK,0,,0,,12.67,OK,12.57,OK,12.79,OK,12.84,OK,12.78,OK,12.84,OK,12.8,OK,0,,0,,,,82.59,OK,,,,82.69,OK,,,,158.42,OK,,,,157.62,OK,,,,38.12,OK,,,,38,OK,,,,,,,,,,,,,,,,,
2406150543D,ATKINSON 3.8 OCV,DM4P1,2024-06-15 13:13:59,18.998,25.11,OK,25.45,25.38,OK,23.94,23.94,OK,23.71,23.22,OK,24.84,24.61,OK,24.75,24.43,OK,25.96,25.87,OK,24.31,24.03,OK,0,0,,0,0,,12.25,OK,12.76,OK,12.77,OK,12.41,OK,12.75,OK,12.65,OK,12.66,OK,0,,0,,9.44,OK,9.97,OK,9.24,OK,10.04,OK,10.28,OK,10.21,OK,10.23,OK,0,,0,,,,82.03,OK,,,,82.23,OK,,,,157.44,OK,,,,157.62,OK,,,,37.61,OK,,,,37.57,OK,,,,,,,,,,,,,,,,,
2406150546D,ATKINSON 3.8 OCV,DM1P2,2024-06-15 13:15:11,18.989,22.97,OK,27.22,26.43,OK,26.34,26.18,OK,23.55,23.28,OK,24,23.84,OK,24.45,24.31,OK,24.76,24.4,OK,21.95,21.82,OK,0,0,,0,0,,10.55,OK,10.76,OK,11.05,OK,10.83,OK,11.09,OK,10.96,OK,10.94,OK,0,,0,,10.75,OK,10.78,OK,10.85,OK,10.75,OK,10.92,OK,10.85,OK,10.79,OK,0,,0,,,,82.34,OK,,,,82.94,OK,,,,156.59,OK,,,,156.99,OK,,,,36.81,OK,,,,36.66,OK,,,,,,,,,,,,,,,,,
2406150547D,ATKINSON 3.8 OCV,DM2P4,2024-06-15 13:16:06,18.988,24.65,OK,26.64,26.61,OK,24.41,24.31,OK,26.71,26.54,OK,27.51,27.49,OK,25.79,25.74,OK,26.35,26.25,OK,26.9,26.83,OK,0,0,,0,0,,10.85,OK,10.83,OK,11.12,OK,10.83,OK,10.88,OK,10.87,OK,10.85,OK,0,,0,,9.82,OK,9.99,OK,9.95,OK,9.91,OK,9.93,OK,9.95,OK,9.93,OK,0,,0,,,,82.27,OK,,,,82.63,OK,,,,157.76,OK,,,,157.95,OK,,,,37.41,OK,,,,37.5,OK,,,,,,,,,,,,,,,,,
2406150544D,ATKINSON 3.8 OCV,DM5P3,2024-06-15 13:17:01,18.998,25.41,OK,27.24,26.71,OK,27.66,27.61,OK,24.09,23.65,OK,25.53,25.41,OK,26.01,25.78,OK,25.25,24.88,OK,25.22,25.13,OK,0,0,,0,0,,2.35,OK,2.8,OK,2.82,OK,2.77,OK,2.8,OK,2.75,OK,2.75,OK,0,,0,,0.82,OK,0.81,OK,0.81,OK,0.78,OK,0.79,OK,0.81,OK,0.86,OK,0,,0,,,,83.09,OK,,,,82.4,OK,,,,156.78,OK,,,,157.8,OK,,,,37.47,OK,,,,37.47,OK,,,,,,,,,,,,,,,,,
2406150548D,ATKINSON 3.8 OCV,DM3P6,2024-06-15 13:17:56,18.988,23.88,OK,24.78,24.68,OK,24.98,24.45,OK,23.08,22.97,OK,24.71,24.47,OK,24.26,24.01,OK,26.1,25.77,OK,23.94,23.43,OK,0,0,,0,0,,11.41,OK,11.76,OK,11.74,OK,11.66,OK,11.68,OK,11.57,OK,11.64,OK,0,,0,,12.79,OK,12.8,OK,12.79,OK,12.85,OK,12.78,OK,12.8,OK,12.69,OK,0,,0,,,,82.63,OK,,,,82.88,OK,,,,157.05,OK,,,,156.49,OK,,,,37.24,OK,,,,37.5,OK,,,,,,,,,,,,,,,,,
2406150550D,ATKINSON 3.8 OCV,DM1P5,2024-06-15 13:18:52,18.996,24.66,OK,26.38,25.33,OK,24.9,24.74,OK,23.21,22.9,OK,25.12,25.01,OK,24,23.82,OK,24.83,24.58,OK,21.1,20.92,OK,0,0,,0,0,,10.66,OK,10.72,OK,10.7,OK,10.75,OK,10.86,OK,10.98,OK,10.93,OK,0,,0,,10.67,OK,10.8,OK,10.64,OK,10.79,OK,10.83,OK,10.71,OK,10.7,OK,0,,0,,,,82.67,OK,,,,82.35,OK,,,,156.99,OK,,,,157.21,OK,,,,37.2,OK,,,,37.34,OK,,,,,,,,,,,,,,,,,
2406150549D,ATKINSON 3.8 OCV,DM4P9,2024-06-15 13:19:47,18.983,24.36,OK,24.45,24.33,OK,24.22,24.01,OK,23.73,23.57,OK,23.8,23.5,OK,25.08,24.57,OK,23.71,23.52,OK,23.57,23.15,OK,0,0,,0,0,,12.62,OK,12.6,OK,12.63,OK,12.67,OK,12.65,OK,12.66,OK,12.74,OK,0,,0,,9.23,OK,9.77,OK,9.84,OK,9.86,OK,10.01,OK,10.18,OK,10.02,OK,0,,0,,,,82.16,OK,,,,82.41,OK,,,,157.33,OK,,,,157.35,OK,,,,37.8,OK,,,,37.18,OK,,,,,,,,,,,,,,,,,
2406150551D,ATKINSON 3.8 OCV,DM2P7,2024-06-15 13:20:45,18.989,25.52,OK,27.61,27.49,OK,24.34,24.24,OK,25.06,24.82,OK,25.69,25.67,OK,25.38,25.31,OK,25.21,25.18,OK,25.21,25.21,OK,0,0,,0,0,,11.05,OK,11.33,OK,11.07,OK,10.83,OK,10.86,OK,10.88,OK,10.85,OK,0,,0,,9.72,OK,9.8,OK,9.81,OK,9.96,OK,9.88,OK,9.91,OK,9.84,OK,0,,0,,,,82.93,OK,,,,82.98,OK,,,,158.07,OK,,,,157.61,OK,,,,37.32,OK,,,,37.35,OK,,,,,,,,,,,,,,,,,
2406150552D,ATKINSON 3.8 OCV,DM5P8,2024-06-15 13:21:41,18.993,24.47,OK,26.38,26.01,OK,25.8,25.69,OK,23.42,23.16,OK,24.64,24.64,OK,24.39,24.37,OK,24.39,24.3,OK,24.09,24.02,OK,0,0,,0,0,,2.33,OK,2.72,OK,2.75,OK,2.77,OK,2.87,OK,2.73,OK,2.74,OK,0,,0,,0.8,OK,0.76,OK,0.8,OK,0.75,OK,0.77,OK,0.83,OK,0.81,OK,0,,0,,,,82.67,OK,,,,82.13,OK,,,,157.1,OK,,,,157,OK,,,,37.54,OK,,,,37.73,OK,,,,,,,,,,,,,,,,,
2406150553D,ATKINSON 3.8 OCV,DM3P1,2024-06-15 13:22:39,18.988,25.37,OK,26.98,26.93,OK,25.52,25.19,OK,23.62,23.36,OK,24.4,24.13,OK,24.87,24.71,OK,24.57,24.5,OK,24.4,23.89,OK,0,0,,0,0,,11.59,OK,11.67,OK,11.65,OK,11.78,OK,11.78,OK,11.65,OK,11.71,OK,0,,0,,12.77,OK,12.84,OK,12.81,OK,12.82,OK,12.81,OK,12.7,OK,12.94,OK,0,,0,,,,82.59,OK,,,,82.48,OK,,,,157.09,OK,,,,157.55,OK,,,,37.37,OK,,,,37.61,OK,,,,,,,,,,,,,,,,,
2406150555D,ATKINSON 3.8 OCV,DM1P2,2024-06-15 13:23:34,18.988,23.96,OK,26.7,25.73,OK,25.53,25.24,OK,23.08,22.42,OK,24.07,24.02,OK,26.83,26.43,OK,25.6,25.51,OK,22.58,22.49,OK,0,0,,0,0,,10.65,OK,10.73,OK,10.78,OK,11.05,OK,10.99,OK,11.03,OK,11,OK,0,,0,,10.62,OK,10.75,OK,10.8,OK,10.83,OK,10.81,OK,10.83,OK,10.87,OK,0,,0,,,,82.56,OK,,,,83.35,OK,,,,156.49,OK,,,,156.66,OK,,,,36.85,OK,,,,36.72,OK,,,,,,,,,,,,,,,,,
2406150556D,ATKINSON 3.8 OCV,DM2P4,2024-06-15 13:24:30,18.995,25.71,OK,25.64,25.62,OK,24.58,24.43,OK,25.01,24.43,OK,26.49,26.42,OK,25.62,25.57,OK,25.52,25.5,OK,26.4,26.32,OK,0,0,,0,0,,10.85,OK,10.73,OK,10.85,OK,10.88,OK,10.84,OK,10.85,OK,10.87,OK,0,,0,,9.77,OK,9.89,OK,9.91,OK,9.84,OK,9.81,OK,9.89,OK,9.89,OK,0,,0,,,,81.99,OK,,,,82.25,OK,,,,157.96,OK,,,,157.98,OK,,,,37.6,OK,,,,37.9,OK,,,,,,,,,,,,,,,,,
2406150558D,ATKINSON 3.8 OCV,DM3P9,2024-06-15 13:25:28,18.986,25.07,OK,24.94,24.8,OK,26.33,25.59,OK,23.68,23.43,OK,25.24,25.1,OK,24.82,24.78,OK,24.52,24.22,OK,24.08,23.85,OK,0,0,,0,0,,11.71,OK,11.74,OK,11.65,OK,11.75,OK,11.8,OK,11.77,OK,11.75,OK,0,,0,,12.8,OK,12.82,OK,12.81,OK,12.82,OK,12.79,OK,12.79,OK,12.8,OK,0,,0,,,,82.43,OK,,,,82.57,OK,,,,157.84,OK,,,,157.67,OK,,,,38.09,OK,,,,37.67,OK,,,,,,,,,,,,,,,,,
2406150554D,ATKINSON 3.8 OCV,DM4P3,2024-06-15 13:26:27,18.988,25.37,OK,26.21,26.14,OK,23.64,23.57,OK,23.89,23.5,OK,24.08,23.36,OK,25.29,24.54,OK,24.22,23.29,OK,25.36,24.64,OK,0,0,,0,0,,12.63,OK,12.76,OK,12.76,OK,12.3,OK,12.09,OK,12.47,OK,12.74,OK,0,,0,,9.42,OK,9.82,OK,9.75,OK,9.35,OK,9.88,OK,10.07,OK,10.21,OK,0,,0,,,,82.78,OK,,,,82.35,OK,,,,157.26,OK,,,,157.64,OK,,,,37.2,OK,,,,37.36,OK,,,,,,,,,,,,,,,,,
2406150559D,ATKINSON 3.8 OCV,DM1P5,2024-06-15 13:27:22,18.988,25.28,OK,24.43,23.35,OK,26.29,26.07,OK,23.26,22.54,OK,26,25.8,OK,26.61,26.23,OK,24.47,24.29,OK,23.91,23.86,OK,0,0,,0,0,,10.42,OK,10.74,OK,10.84,OK,10.93,OK,11.03,OK,10.9,OK,10.9,OK,0,,0,,10.69,OK,10.86,OK,10.78,OK,10.73,OK,10.88,OK,10.92,OK,10.83,OK,0,,0,,,,82.56,OK,,,,82.08,OK,,,,157.45,OK,,,,157.99,OK,,,,37.5,OK,,,,37.32,OK,,,,,,,,,,,,,,,,,
2406150560D,ATKINSON 3.8 OCV,DM2P7,2024-06-15 13:28:20,18.988,25.51,OK,26.54,26.47,OK,24.07,23.92,OK,26.1,25.81,OK,25.89,25.84,OK,25.98,25.94,OK,25.06,25.04,OK,26.06,25.98,OK,0,0,,0,0,,10.85,OK,10.83,OK,10.88,OK,10.86,OK,10.87,OK,10.85,OK,10.86,OK,0,,0,,9.88,OK,10.03,OK,9.96,OK,9.99,OK,9.9,OK,9.86,OK,9.97,OK,0,,0,,,,82.56,OK,,,,83.01,OK,,,,158.29,OK,,,,157.29,OK,,,,37.51,OK,,,,37.59,OK,,,,,,,,,,,,,,,,,
2406150557D,ATKINSON 3.8 OCV,DM5P6,2024-06-15 13:29:16,18.989,25.22,OK,27.57,26.76,OK,25.83,25.53,OK,25.25,24.69,OK,24.71,24.64,OK,25.43,25.41,OK,24.44,24.37,OK,24.62,24.58,OK,0,0,,0,0,,2.39,OK,2.81,OK,2.94,OK,2.78,OK,2.75,OK,2.71,OK,2.78,OK,0,,0,,0.81,OK,0.75,OK,0.77,OK,0.78,OK,0.77,OK,0.79,OK,0.8,OK,0,,0,,,,82.83,OK,,,,82.82,OK,,,,157.68,OK,,,,156.67,OK,,,,38.07,OK,,,,37.91,OK,,,,,,,,,,,,,,,,,
2406150561D,ATKINSON 3.8 OCV,DM3P1,2024-06-15 13:30:11,18.986,26.43,OK,25.98,25.94,OK,25.24,24.75,OK,22.87,22.73,OK,24.08,23.71,OK,24.59,24.47,OK,24.59,24.38,OK,24.54,24.26,OK,0,0,,0,0,,11.44,OK,11.64,OK,11.81,OK,11.69,OK,11.81,OK,11.81,OK,11.77,OK,0,,0,,12.69,OK,12.91,OK,12.62,OK,12.91,OK,12.84,OK,12.91,OK,12.91,OK,0,,0,,,,82.69,OK,,,,82.68,OK,,,,157.02,OK,,,,157.55,OK,,,,37.3,OK,,,,37.5,OK,,,,,,,,,,,,,,,,,
2406150562D,ATKINSON 3.8 OCV,DM4P8,2024-06-15 13:31:06,18.986,25.1,OK,25.36,25.26,OK,24.59,24.5,OK,24.01,23.8,OK,24.78,24.71,OK,24.87,24.59,OK,24.87,24.78,OK,24.87,24.73,OK,0,0,,0,0,,12.57,OK,12.75,OK,12.78,OK,12.79,OK,12.46,OK,12.8,OK,12.61,OK,0,,0,,9.38,OK,9.97,OK,10.05,OK,10.09,OK,10.24,OK,9.87,OK,10.2,OK,0,,0,,,,81.34,OK,,,,81.49,OK,,,,157.89,OK,,,,158,OK,,,,37.62,OK,,,,38.08,OK,,,,,,,,,,,,,,,,,
2406150563D,ATKINSON 3.8 OCV,DM1P4,2024-06-15 13:32:05,18.988,25,OK,25.12,24.07,OK,28.57,27.91,OK,24.29,23.82,OK,26.92,26.47,OK,26.97,26.47,OK,25.12,25.03,OK,25.62,25.46,OK,0,0,,0,0,,10.58,OK,10.81,OK,10.91,OK,10.81,OK,10.95,OK,11.15,OK,11.01,OK,0,,0,,10.78,OK,10.95,OK,10.75,OK,10.82,OK,11.04,OK,10.98,OK,10.85,OK,0,,0,,,,82.28,OK,,,,82.66,OK,,,,156.88,OK,,,,156.85,OK,,,,36.98,OK,,,,37,OK,,,,,,,,,,,,,,,,,
2406150564D,ATKINSON 3.8 OCV,DM2P3,2024-06-15 13:33:00,18.99,25.52,OK,27.05,26.98,OK,25.74,25.64,OK,24.99,24.82,OK,26.3,26.25,OK,24.7,24.7,OK,25.6,25.55,OK,26.88,26.88,OK,0,0,,0,0,,11.09,OK,11.04,OK,10.99,OK,10.86,OK,10.85,OK,10.86,OK,10.86,OK,0,,0,,9.82,OK,9.94,OK,10,OK,10,OK,9.92,OK,9.9,OK,9.89,OK,0,,0,,,,83.42,OK,,,,82.6,OK,,,,157.7,OK,,,,157.86,OK,,,,37.68,OK,,,,37.88,OK,,,,,,,,,,,,,,,,,
2406150565D,ATKINSON 3.8 OCV,DM5P2,2024-06-15 13:33:58,18.994,24.55,OK,26.04,25.9,OK,26.96,26.8,OK,24.67,24.37,OK,26.15,26.11,OK,26.25,25.99,OK,24.78,24.74,OK,25.2,25.13,OK,0,0,,0,0,,2.33,OK,2.77,OK,2.8,OK,2.79,OK,2.82,OK,2.76,OK,2.79,OK,0,,0,,0.81,OK,0.77,OK,0.77,OK,0.74,OK,0.76,OK,0.84,OK,0.84,OK,0,,0,,,,82.09,OK,,,,83.01,OK,,,,157.02,OK,,,,157.78,OK,,,,37.86,OK,,,,37.51,OK,,,,,,,,,,,,,,,,,
2406150566D,ATKINSON 3.8 OCV,DM3P9,2024-06-15 13:34:54,18.987,25.7,OK,24.17,24.08,OK,25.45,25.17,OK,24.22,23.64,OK,24.43,23.99,OK,25.84,25.73,OK,25.15,25.01,OK,25.31,25.08,OK,0,0,,0,0,,11.68,OK,11.76,OK,11.61,OK,11.79,OK,11.76,OK,11.72,OK,11.73,OK,0,,0,,12.81,OK,12.82,OK,12.95,OK,12.89,OK,12.61,OK,12.69,OK,12.72,OK,0,,0,,,,81.77,OK,,,,82.01,OK,,,,157.66,OK,,,,157.68,OK,,,,37.79,OK,,,,37.25,OK,,,,,,,,,,,,,,,,,
2406150567D,ATKINSON 3.8 OCV,DM4P6,2024-06-15 13:35:52,18.992,25.22,OK,22.71,22.52,OK,24.1,23.82,OK,23.29,23.08,OK,24.59,24.24,OK,26.12,25.77,OK,25.31,25.01,OK,24.4,24.2,OK,0,0,,0,0,,12.42,OK,12.58,OK,12.78,OK,12.18,OK,12.11,OK,12.48,OK,12.7,OK,0,,0,,9.3,OK,9.85,OK,9.75,OK,9.34,OK,9.99,OK,10.41,OK,10.12,OK,0,,0,,,,82.89,OK,,,,83.16,OK,,,,157.43,OK,,,,157.06,OK,,,,37.39,OK,,,,37.69,OK,,,,,,,,,,,,,,,,,
2406150568D,ATKINSON 3.8 OCV,DM1P5,2024-06-15 13:36:44,18.995,25.66,OK,24.74,23.93,OK,25.57,25.12,OK,24.4,23.66,OK,27.42,27.1,OK,26.61,26.5,OK,26.45,26.16,OK,25.17,25.08,OK,0,0,,0,0,,10.57,OK,10.79,OK,10.84,OK,10.78,OK,10.92,OK,10.94,OK,10.95,OK,0,,0,,10.77,OK,10.89,OK,10.91,OK,10.78,OK,10.93,OK,10.9,OK,10.97,OK,0,,0,,,,82.33,OK,,,,82.76,OK,,,,156.76,OK,,,,157.22,OK,,,,36.87,OK,,,,37.32,OK,,,,,,,,,,,,,,,,,
2406150569D,ATKINSON 3.8 OCV,DM2P7,2024-06-15 13:37:43,18.989,25.41,OK,27.1,27,OK,25.21,25.16,OK,26.54,26.13,OK,27.7,27.7,OK,26.78,26.73,OK,26.69,26.69,OK,27.32,27.17,OK,0,0,,0,0,,11.06,OK,11.17,OK,11.07,OK,10.84,OK,10.86,OK,10.86,OK,10.87,OK,0,,0,,9.87,OK,10.01,OK,9.96,OK,10,OK,9.94,OK,9.98,OK,9.86,OK,0,,0,,,,83.04,OK,,,,82.69,OK,,,,158.08,OK,,,,157.4,OK,,,,37.63,OK,,,,37.74,OK,,,,,,,,,,,,,,,,,
2406150570D,ATKINSON 3.8 OCV,DM5P1,2024-06-15 13:38:38,18.99,25.83,OK,25.97,25.67,OK,25.83,25.46,OK,23.51,23.07,OK,24.99,24.88,OK,24.95,24.78,OK,24.74,24.62,OK,24.16,24.13,OK,0,0,,0,0,,2.3,OK,2.89,OK,2.76,OK,2.74,OK,2.75,OK,2.79,OK,2.72,OK,0,,0,,0.79,OK,0.78,OK,0.73,OK,2.48,OK,0.79,OK,0.81,OK,0.79,OK,0,,0,,,,82.09,OK,,,,82.22,OK,,,,157.14,OK,,,,158.23,OK,,,,37.76,OK,,,,37.8,OK,,,,,,,,,,,,,,,,,
2406150571D,ATKINSON 3.8 OCV,DM3P8,2024-06-15 13:39:33,18.99,25.83,OK,25.45,25.33,OK,24.82,24.24,OK,23.94,23.87,OK,24.08,24.03,OK,24.26,24.22,OK,23.41,23.38,OK,24.4,24.24,OK,0,0,,0,0,,11.73,OK,11.72,OK,11.69,OK,11.79,OK,11.79,OK,11.64,OK,11.65,OK,0,,0,,12.8,OK,12.83,OK,12.77,OK,12.93,OK,12.74,OK,12.94,OK,12.76,OK,0,,0,,,,81.5,OK,,,,81.63,OK,,,,158.28,OK,,,,158.16,OK,,,,37.67,OK,,,,38.27,OK,,,,,,,,,,,,,,,,,
2406150572D,ATKINSON 3.8 OCV,DM4P4,2024-06-15 13:40:32,18.991,24.66,OK,22.97,22.87,OK,23.27,23.1,OK,23.89,23.17,OK,25.52,25.05,OK,23.87,23.15,OK,24.13,23.87,OK,23.75,23.57,OK,0,0,,0,0,,12.45,OK,12.37,OK,12.6,OK,12.46,OK,12.42,OK,12.54,OK,12.67,OK,0,,0,,9.35,OK,9.82,OK,9.74,OK,9.86,OK,9.91,OK,10.32,OK,10.09,OK,0,,0,,,,81.54,OK,,,,82.06,OK,,,,157.92,OK,,,,157.74,OK,,,,37.9,OK,,,,38.15,OK,,,,,,,,,,,,,,,,,
2406150573D,ATKINSON 3.8 OCV,DM1P3,2024-06-15 13:41:30,18.988,25.48,OK,26.11,25.06,OK,27.87,26.99,OK,23.89,22.99,OK,26.45,25.98,OK,26.92,25.93,OK,25.24,25.08,OK,25.19,25.01,OK,0,0,,0,0,,10.6,OK,10.81,OK,10.76,OK,10.82,OK,10.92,OK,10.96,OK,10.93,OK,0,,0,,10.65,OK,10.86,OK,10.77,OK,10.82,OK,10.93,OK,10.85,OK,10.81,OK,0,,0,,,,82.97,OK,,,,82.51,OK,,,,157.25,OK,,,,157.72,OK,,,,37.16,OK,,,,37.44,OK,,,,,,,,,,,,,,,,,
2406150574D,ATKINSON 3.8 OCV,DM2P2,2024-06-15 13:42:25,18.999,25.08,OK,26.52,26.42,OK,24.68,24.53,OK,25.04,24.77,OK,25.64,25.64,OK,24.8,24.68,OK,25.64,25.57,OK,25.09,25.01,OK,0,0,,0,0,,11.12,OK,11.05,OK,10.85,OK,10.85,OK,10.84,OK,10.87,OK,10.84,OK,0,,0,,9.99,OK,9.81,OK,10.07,OK,10.01,OK,9.94,OK,9.85,OK,9.85,OK,0,,0,,,,82.12,OK,,,,82.21,OK,,,,157.75,OK,,,,158.02,OK,,,,37.72,OK,,,,37.84,OK,,,,,,,,,,,,,,,,,
2406150575D,ATKINSON 3.8 OCV,DM5P9,2024-06-15 13:43:21,18.992,25.58,OK,26.83,26.29,OK,25.6,25.53,OK,23.65,23.39,OK,25.97,25.85,OK,25.09,24.85,OK,25.83,25.69,OK,24.04,24,OK,0,0,,0,0,,2.34,OK,2.78,OK,2.78,OK,2.77,OK,2.85,OK,2.77,OK,2.78,OK,0,,0,,0.78,OK,0.77,OK,0.81,OK,0.76,OK,0.75,OK,0.8,OK,0.83,OK,0,,0,,,,83.32,OK,,,,82.78,OK,,,,157.51,OK,,,,157.43,OK,,,,38.38,OK,,,,37.76,OK,,,,,,,,,,,,,,,,,
2406150576D,ATKINSON 3.8 OCV,DM3P6,2024-06-15 13:44:16,18.987,25.03,OK,26.33,26.28,OK,24.87,24.29,OK,25.01,24.87,OK,24.5,24.43,OK,25.29,25.22,OK,24.33,23.99,OK,24.31,23.75,OK,0,0,,0,0,,11.64,OK,11.67,OK,11.53,OK,11.78,OK,11.81,OK,11.65,OK,11.64,OK,0,,0,,12.82,OK,12.84,OK,12.94,OK,12.94,OK,12.75,OK,12.94,OK,12.73,OK,0,,0,,,,82.62,OK,,,,82.42,OK,,,,157.06,OK,,,,156.52,OK,,,,37.62,OK,,,,37.95,OK,,,,,,,,,,,,,,,,,
2406150577D,ATKINSON 3.8 OCV,DM4P5,2024-06-15 13:45:14,18.971,25.71,OK,22.9,22.78,OK,23.82,23.75,OK,23.66,23.38,OK,24.29,24.13,OK,23.45,23.29,OK,25.31,24.94,OK,23.96,23.66,OK,0,0,,0,0,,12.46,OK,12.52,OK,12.41,OK,12.44,OK,12.44,OK,12.6,OK,12.74,OK,0,,0,,9.38,OK,9.86,OK,9.72,OK,9.81,OK,9.7,OK,10.15,OK,10.1,OK,0,,0,,,,81.86,OK,,,,81.49,OK,,,,157.88,OK,,,,158,OK,,,,38.12,OK,,,,38.07,OK,,,,,,,,,,,,,,,,,
2406150578D,ATKINSON 3.8 OCV,DM1P7,2024-06-15 13:46:10,18.996,26.41,OK,24.47,23.12,OK,25.62,25.26,OK,22.65,21.93,OK,24.81,24.67,OK,26.65,26.43,OK,25.12,24.9,OK,24.74,24.7,OK,0,0,,0,0,,10.54,OK,10.79,OK,10.96,OK,10.56,OK,10.96,OK,11,OK,10.83,OK,0,,0,,10.7,OK,10.74,OK,10.68,OK,10.9,OK,10.94,OK,10.88,OK,10.93,OK,0,,0,,,,82.96,OK,,,,83.51,OK,,,,157.44,OK,,,,157.33,OK,,,,36.67,OK,,,,36.68,OK,,,,,,,,,,,,,,,,,
2406150579D,ATKINSON 3.8 OCV,DM2P1,2024-06-15 13:47:08,18.99,25.65,OK,26.3,26.18,OK,23.83,23.78,OK,25.62,25.35,OK,24.87,24.82,OK,25.96,25.91,OK,24.77,24.75,OK,25.14,25.09,OK,0,0,,0,0,,10.77,OK,11,OK,11.11,OK,10.85,OK,10.85,OK,10.87,OK,10.85,OK,0,,0,,9.8,OK,10,OK,9.82,OK,9.96,OK,9.85,OK,9.92,OK,9.82,OK,0,,0,,,,82.34,OK,,,,82.77,OK,,,,158.06,OK,,,,158.1,OK,,,,37.86,OK,,,,37.95,OK,,,,,,,,,,,,,,,,,
2406150580D,ATKINSON 3.8 OCV,DM5P8,2024-06-15 13:48:00,18.999,26.48,OK,26.41,26.22,OK,25.39,25.29,OK,25.2,24.92,OK,25.62,25.53,OK,26.32,25.83,OK,25.22,25.18,OK,25.2,25.13,OK,0,0,,0,0,,2.33,OK,2.77,OK,2.83,OK,2.87,OK,2.73,OK,2.72,OK,2.83,OK,0,,0,,0.81,OK,0.75,OK,0.78,OK,0.77,OK,0.8,OK,0.79,OK,0.77,OK,0,,0,,,,81.83,OK,,,,81.28,OK,,,,157.58,OK,,,,157.68,OK,,,,37.33,OK,,,,38.18,OK,,,,,,,,,,,,,,,,,
2406150581D,ATKINSON 3.8 OCV,DM3P4,2024-06-15 13:48:55,18.996,25.21,OK,25.77,25.75,OK,24.84,24.08,OK,23.75,23.48,OK,24.01,23.5,OK,24.96,24.82,OK,24.59,24.1,OK,24.22,23.75,OK,0,0,,0,0,,11.64,OK,11.68,OK,11.65,OK,11.76,OK,11.76,OK,11.79,OK,11.83,OK,0,,0,,12.77,OK,12.8,OK,12.8,OK,12.9,OK,12.66,OK,12.93,OK,12.83,OK,0,,0,,,,81.6,OK,,,,81.92,OK,,,,157.88,OK,,,,158,OK,,,,37.85,OK,,,,37.98,OK,,,,,,,,,,,,,,,,,
2406150582D,ATKINSON 3.8 OCV,DM4P3,2024-06-15 13:49:54,18.986,25.35,OK,26.42,26.35,OK,23.66,23.52,OK,23.04,22.73,OK,23.66,23.29,OK,24.61,23.92,OK,24.33,23.62,OK,23.36,22.71,OK,0,0,,0,0,,12.58,OK,12.74,OK,12.76,OK,12.29,OK,12.4,OK,12.41,OK,12.74,OK,0,,0,,9.32,OK,9.85,OK,9.29,OK,10,OK,10.14,OK,9.97,OK,9.97,OK,0,,0,,,,82.42,OK,,,,81.82,OK,,,,157.65,OK,,,,157.63,OK,,,,37.56,OK,,,,37.63,OK,,,,,,,,,,,,,,,,,
2406150583D,ATKINSON 3.8 OCV,DM1P2,2024-06-15 13:50:52,18.993,25.16,OK,24.45,23.75,OK,26.77,26.61,OK,24.67,24.13,OK,25.39,24.88,OK,25.87,25.75,OK,24.67,24.45,OK,22.85,22.74,OK,0,0,,0,0,,10.61,OK,10.72,OK,10.81,OK,10.82,OK,11.03,OK,10.98,OK,10.93,OK,0,,0,,10.75,OK,10.92,OK,10.91,OK,10.93,OK,11,OK,10.8,OK,10.77,OK,0,,0,,,,82.33,OK,,,,82.55,OK,,,,157.12,OK,,,,157.16,OK,,,,37.53,OK,,,,37.31,OK,,,,,,,,,,,,,,,,,
2406150584D,ATKINSON 3.8 OCV,DM2P9,2024-06-15 13:51:48,18.99,25.6,OK,27,26.9,OK,24.24,24.12,OK,26.81,26.4,OK,24.89,24.89,OK,25.4,25.38,OK,24.75,24.63,OK,25.16,25.06,OK,0,0,,0,0,,11.12,OK,11.06,OK,11.31,OK,10.86,OK,10.86,OK,10.85,OK,10.85,OK,0,,0,,9.82,OK,9.84,OK,10.01,OK,9.89,OK,9.92,OK,9.84,OK,9.92,OK,0,,0,,,,82.07,OK,,,,82.29,OK,,,,158.37,OK,,,,158.27,OK,,,,38.33,OK,,,,37.78,OK,,,,,,,,,,,,,,,,,
2406150585D,ATKINSON 3.8 OCV,DM5P6,2024-06-15 13:52:43,18.997,25.16,OK,25.8,25.41,OK,24.99,24.99,OK,24.32,23.9,OK,25.41,25.34,OK,25.53,25.43,OK,25.27,25.22,OK,24.78,24.71,OK,0,0,,0,0,,2.37,OK,2.83,OK,2.75,OK,2.88,OK,2.77,OK,2.73,OK,2.77,OK,0,,0,,0.8,OK,0.76,OK,0.74,OK,0.75,OK,0.81,OK,0.77,OK,0.77,OK,0,,0,,,,82.5,OK,,,,82.34,OK,,,,156.65,OK,,,,157,OK,,,,37.07,OK,,,,38.12,OK,,,,,,,,,,,,,,,,,
2406150586D,ATKINSON 3.8 OCV,DM3P5,2024-06-15 13:53:38,18.99,26.18,OK,24.66,24.61,OK,23.87,23.36,OK,24.08,23.68,OK,24.08,23.68,OK,23.31,23.24,OK,24.43,24.29,OK,23.96,23.71,OK,0,0,,0,0,,11.63,OK,11.72,OK,11.66,OK,11.65,OK,11.74,OK,11.67,OK,11.64,OK,0,,0,,12.8,OK,12.81,OK,12.7,OK,12.65,OK,12.82,OK,12.74,OK,12.85,OK,0,,0,,,,82.18,OK,,,,81.85,OK,,,,157.91,OK,,,,157.55,OK,,,,38.13,OK,,,,38.04,OK,,,,,,,,,,,,,,,,,
2406150587D,ATKINSON 3.8 OCV,DM4P7,2024-06-15 13:54:37,18.989,24.4,OK,24.01,23.89,OK,23.78,23.66,OK,23.27,22.99,OK,24.43,24.24,OK,25.1,24.57,OK,24.1,23.87,OK,24.17,23.82,OK,0,0,,0,0,,12.47,OK,11.92,OK,12.41,OK,12.75,OK,12.65,OK,12.6,OK,12.74,OK,0,,0,,8.86,OK,9.64,OK,9.81,OK,9.61,OK,10.04,OK,10.09,OK,10.08,OK,0,,0,,,,81.95,OK,,,,82.81,OK,,,,158.19,OK,,,,157.48,OK,,,,37.45,OK,,,,37.96,OK,,,,,,,,,,,,,,,,,
2406150588D,ATKINSON 3.8 OCV,DM1P1,2024-06-15 13:55:35,18.987,26.82,OK,24.74,24,OK,25.37,24.94,OK,22.87,22,OK,25.35,24.92,OK,26.29,25.51,OK,25.03,24.85,OK,23.66,23.59,OK,0,0,,0,0,,10.52,OK,10.78,OK,11,OK,10.82,OK,11.11,OK,10.98,OK,11,OK,0,,0,,10.58,OK,10.83,OK,10.68,OK,10.65,OK,10.86,OK,10.44,OK,10.88,OK,0,,0,,,,82.4,OK,,,,83.31,OK,,,,156.75,OK,,,,157.25,OK,,,,36.95,OK,,,,36.96,OK,,,,,,,,,,,,,,,,,
2406150589D,ATKINSON 3.8 OCV,DM2P8,2024-06-15 13:56:31,18.994,24.27,OK,26.01,25.94,OK,24.89,24.77,OK,25.01,24.8,OK,25.06,24.99,OK,24.99,24.94,OK,26.32,26.27,OK,25.14,25.06,OK,0,0,,0,0,,10.81,OK,10.96,OK,11.06,OK,10.88,OK,10.85,OK,10.86,OK,10.87,OK,0,,0,,9.78,OK,9.84,OK,9.91,OK,9.96,OK,9.86,OK,9.92,OK,9.92,OK,0,,0,,,,81.69,OK,,,,81.92,OK,,,,157.86,OK,,,,158.31,OK,,,,37.54,OK,,,,37.89,OK,,,,,,,,,,,,,,,,,
2406150590D,ATKINSON 3.8 OCV,DM5P4,2024-06-15 13:57:29,18.988,25.21,OK,26.71,26.29,OK,26.85,26.38,OK,24.76,24.32,OK,25.22,25.09,OK,25.29,25.11,OK,25.6,25.36,OK,23.93,23.88,OK,0,0,,0,0,,2.33,OK,2.9,OK,2.78,OK,2.73,OK,2.84,OK,2.75,OK,2.77,OK,0,,0,,0.81,OK,0.75,OK,0.77,OK,0.76,OK,0.79,OK,0.83,OK,0.81,OK,0,,0,,,,81.93,OK,,,,82.01,OK,,,,157.95,OK,,,,157.94,OK,,,,37.86,OK,,,,37.25,OK,,,,,,,,,,,,,,,,,
2406150591D,ATKINSON 3.8 OCV,DM3P3,2024-06-15 13:58:24,18.995,24.66,OK,24.98,24.84,OK,26.58,26,OK,23.94,23.55,OK,25.17,24.96,OK,24.38,24.08,OK,24.98,24.4,OK,25.01,24.54,OK,0,0,,0,0,,11.62,OK,11.75,OK,11.74,OK,11.8,OK,11.78,OK,11.7,OK,11.67,OK,0,,0,,12.83,OK,12.79,OK,12.77,OK,12.66,OK,12.75,OK,12.72,OK,12.72,OK,0,,0,,,,82.12,OK,,,,81.77,OK,,,,157.87,OK,,,,158.06,OK,,,,37.62,OK,,,,37.87,OK,,,,,,,,,,,,,,,,,
2406150592D,ATKINSON 3.8 OCV,DM4P2,2024-06-15 13:59:23,18.986,26.45,OK,25.19,25.05,OK,23.17,23.06,OK,22.73,22.62,OK,24.33,24.08,OK,25.89,25.56,OK,24.33,24.1,OK,24.45,24.26,OK,0,0,,0,0,,12.44,OK,12.24,OK,12.17,OK,12.6,OK,12.44,OK,12.62,OK,12.71,OK,0,,0,,9.42,OK,9.38,OK,9.5,OK,9.74,OK,10.04,OK,10.21,OK,10.06,OK,0,,0,,,,81.76,OK,,,,82,OK,,,,157.7,OK,,,,157.7,OK,,,,38.1,OK,,,,37.81,OK,,,,,,,,,,,,,,,,,
2406150593D,ATKINSON 3.8 OCV,DM1P9,2024-06-15 14:00:21,18.987,26.02,OK,25.3,24.43,OK,26.09,25.89,OK,23.08,22.42,OK,24.34,24,OK,24.76,24.63,OK,25.37,25.12,OK,24.11,24.02,OK,0,0,,0,0,,10.62,OK,10.82,OK,10.85,OK,10.8,OK,10.93,OK,11.14,OK,11,OK,0,,0,,10.72,OK,10.59,OK,10.62,OK,10.76,OK,10.87,OK,10.7,OK,10.8,OK,0,,0,,,,81.87,OK,,,,82.6,OK,,,,157.84,OK,,,,157.74,OK,,,,37.93,OK,,,,37.66,OK,,,,,,,,,,,,,,,,,
2406150594D,ATKINSON 3.8 OCV,DM2P6,2024-06-15 14:01:17,18.984,25.76,OK,26.52,26.4,OK,23.78,23.78,OK,24.63,24.34,OK,25.14,25.14,OK,24.94,24.85,OK,25.01,24.94,OK,25.28,25.18,OK,0,0,,0,0,,10.81,OK,11.57,OK,11.27,OK,10.78,OK,10.86,OK,10.87,OK,10.89,OK,0,,0,,9.88,OK,9.93,OK,9.99,OK,9.92,OK,9.89,OK,9.92,OK,9.97,OK,0,,0,,,,82.67,OK,,,,82.88,OK,,,,157.85,OK,,,,157.03,OK,,,,38.13,OK,,,,38.41,OK,,,,,,,,,,,,,,,,,
2406150595D,ATKINSON 3.8 OCV,DM5P5,2024-06-15 14:02:15,18.993,26.03,OK,27.31,27.1,OK,26.08,25.94,OK,25.13,24.69,OK,25.67,25.57,OK,25.97,25.92,OK,26.32,26.18,OK,24.9,24.71,OK,0,0,,0,0,,2.31,OK,2.77,OK,2.8,OK,2.8,OK,2.83,OK,2.79,OK,2.76,OK,0,,0,,0.82,OK,0.81,OK,0.75,OK,0.78,OK,0.78,OK,0.86,OK,0.85,OK,0,,0,,,,82.32,OK,,,,81.65,OK,,,,157.21,OK,,,,158.23,OK,,,,38.37,OK,,,,37.46,OK,,,,,,,,,,,,,,,,,
2406150596D,ATKINSON 3.8 OCV,DM3P7,2024-06-15 14:03:10,18.993,25.71,OK,27.03,26.93,OK,26.1,25.59,OK,24.01,23.87,OK,24.87,24.38,OK,24.75,24.57,OK,24.68,24.64,OK,24.68,24.57,OK,0,0,,0,0,,11.66,OK,11.72,OK,11.76,OK,11.8,OK,11.81,OK,11.67,OK,11.71,OK,0,,0,,12.8,OK,12.84,OK,12.78,OK,12.76,OK,12.76,OK,12.89,OK,12.78,OK,0,,0,,,,83.01,OK,,,,82.76,OK,,,,157.78,OK,,,,157.21,OK,,,,37.47,OK,,,,37.79,OK,,,,,,,,,,,,,,,,,
2406150597D,ATKINSON 3.8 OCV,DM4P1,2024-06-15 14:04:09,18.987,26.07,OK,26.03,25.94,OK,23.1,23.08,OK,22.9,22.55,OK,24.43,24.13,OK,26.82,26.35,OK,25.03,24.98,OK,24.8,24.61,OK,0,0,,0,0,,12.43,OK,12.34,OK,12.42,OK,12.44,OK,12.61,OK,12.52,OK,12.72,OK,0,,0,,9.42,OK,9.96,OK,9.76,OK,9.66,OK,9.95,OK,10.05,OK,10.09,OK,0,,0,,,,81.79,OK,,,,82.41,OK,,,,157.55,OK,,,,157.69,OK,,,,37.66,OK,,,,37.91,OK,,,,,,,,,,,,,,,,,
2406150598D,ATKINSON 3.8 OCV,DM1P8,2024-06-15 14:05:04,18.99,24.35,OK,23.84,22.83,OK,25.24,24.99,OK,23.41,22.78,OK,25.53,25.21,OK,25.82,25.71,OK,24.54,24.36,OK,22.67,22.63,OK,0,0,,0,0,,10.58,OK,10.76,OK,10.69,OK,10.78,OK,10.92,OK,11.01,OK,10.93,OK,0,,0,,10.67,OK,10.78,OK,10.77,OK,10.49,OK,10.94,OK,10.86,OK,10.76,OK,0,,0,,,,81.53,OK,,,,81.86,OK,,,,157.52,OK,,,,157.73,OK,,,,37.32,OK,,,,37.86,OK,,,,,,,,,,,,,,,,,
2406150599D,ATKINSON 3.8 OCV,DM2P4,2024-06-15 14:06:02,18.993,25.31,OK,25.91,25.86,OK,24.31,24.26,OK,25.98,25.72,OK,28.07,27.97,OK,25.23,25.18,OK,25.14,25.09,OK,26.2,26.1,OK,0,0,,0,0,,11.14,OK,11.07,OK,11.28,OK,10.85,OK,10.86,OK,10.84,OK,10.87,OK,0,,0,,9.88,OK,9.81,OK,9.99,OK,9.89,OK,9.83,OK,9.87,OK,9.91,OK,0,,0,,,,81.66,OK,,,,81.98,OK,,,,158.22,OK,,,,158.29,OK,,,,37.83,OK,,,,37.95,OK,,,,,,,,,,,,,,,,,
2406150600D,ATKINSON 3.8 OCV,DM5P3,2024-06-15 14:06:58,18.989,25.86,OK,28.94,28.47,OK,26.99,26.8,OK,25.67,25.2,OK,25.13,24.83,OK,25.74,25.41,OK,25.29,24.95,OK,24.78,24.67,OK,0,0,,0,0,,2.34,OK,2.79,OK,2.82,OK,2.79,OK,2.8,OK,2.8,OK,2.79,OK,0,,0,,0.81,OK,0.8,OK,0.83,OK,0.78,OK,0.76,OK,0.81,OK,0.85,OK,0,,0,,,,82.76,OK,,,,82.21,OK,,,,158.27,OK,,,,157.57,OK,,,,37.98,OK,,,,38.02,OK,,,,,,,,,,,,,,,,,
2406150601D,ATKINSON 3.8 OCV,DM3P2,2024-06-15 14:07:56,18.992,26.57,OK,25.12,25.08,OK,24.54,23.92,OK,24.29,24.1,OK,24.06,23.8,OK,24.68,24.64,OK,24.33,24.22,OK,24.17,23.71,OK,0,0,,0,0,,11.61,OK,11.69,OK,11.65,OK,11.8,OK,11.8,OK,11.76,OK,11.7,OK,0,,0,,12.8,OK,12.83,OK,12.93,OK,12.93,OK,12.9,OK,12.7,OK,12.89,OK,0,,0,,,,81.69,OK,,,,81.88,OK,,,,157.39,OK,,,,157.72,OK,,,,37.84,OK,,,,37.6,OK,,,,,,,,,,,,,,,,,
2406150602D,ATKINSON 3.8 OCV,DM4P9,2024-06-15 14:08:51,18.99,25.26,OK,24.13,23.96,OK,23.66,23.55,OK,22.36,22.18,OK,24.08,23.62,OK,24.87,24.26,OK,24.06,23.78,OK,23.57,23.38,OK,0,0,,0,0,,12.43,OK,12.4,OK,12.56,OK,12.61,OK,12.06,OK,12.63,OK,12.73,OK,0,,0,,9.48,OK,9.73,OK,9.65,OK,9.32,OK,9.69,OK,10.13,OK,10.09,OK,0,,0,,,,81.55,OK,,,,81.82,OK,,,,158.11,OK,,,,158.07,OK,,,,38.51,OK,,,,38,OK,,,,,,,,,,,,,,,,,
2406150603D,ATKINSON 3.8 OCV,DM1P6,2024-06-15 14:09:53,18.998,24.85,OK,23.89,23.12,OK,24.92,24.58,OK,24.92,23.91,OK,24.83,24.58,OK,24.88,24.65,OK,24.45,24.16,OK,24.2,24.16,OK,0,0,,0,0,,10.56,OK,10.77,OK,11.01,OK,10.88,OK,11.16,OK,10.92,OK,11.08,OK,0,,0,,10.5,OK,10.72,OK,10.84,OK,10.94,OK,10.88,OK,10.87,OK,10.9,OK,0,,0,,,,82.92,OK,,,,83,OK,,,,156.99,OK,,,,157.16,OK,,,,37.34,OK,,,,37.53,OK,,,,,,,,,,,,,,,,,
2406150604D,ATKINSON 3.8 OCV,DM2P5,2024-06-15 14:10:52,18.986,25.77,OK,27.19,27.15,OK,24.36,24.26,OK,24.29,24.19,OK,25.55,25.47,OK,25.38,25.38,OK,24.29,24.22,OK,25.06,25.04,OK,0,0,,0,0,,10.79,OK,10.91,OK,10.97,OK,10.85,OK,10.86,OK,10.87,OK,10.87,OK,0,,0,,9.68,OK,9.95,OK,9.81,OK,9.96,OK,9.84,OK,9.79,OK,9.82,OK,0,,0,,,,82.33,OK,,,,82.3,OK,,,,157.78,OK,,,,157.94,OK,,,,37.96,OK,,,,37.81,OK,,,,,,,,,,,,,,,,,
2406150605D,ATKINSON 3.8 OCV,DM5P7,2024-06-15 14:11:47,18.99,25.8,OK,27.68,27.29,OK,27.48,27.38,OK,24.51,24.16,OK,25.87,25.39,OK,28.19,28.15,OK,25.22,25.2,OK,25.76,25.69,OK,0,0,,0,0,,2.36,OK,2.8,OK,2.87,OK,2.8,OK,2.72,OK,2.8,OK,2.86,OK,0,,0,,0.85,OK,0.83,OK,0.79,OK,0.79,OK,0.85,OK,0.8,OK,0.82,OK,0,,0,,,,83.11,OK,,,,83.29,OK,,,,157.06,OK,,,,157.48,OK,,,,36.78,OK,,,,37.51,OK,,,,,,,,,,,,,,,,,
2406150606D,ATKINSON 3.8 OCV,DM3P1,2024-06-15 14:12:42,18.991,25.53,OK,25.15,25.12,OK,26.54,26.24,OK,23.92,23.68,OK,23.27,23.15,OK,23.5,23.43,OK,24.17,23.82,OK,24.15,23.62,OK,0,0,,0,0,,11.65,OK,11.68,OK,11.65,OK,11.78,OK,11.81,OK,11.65,OK,11.65,OK,0,,0,,12.82,OK,12.84,OK,12.92,OK,12.79,OK,12.75,OK,12.74,OK,12.87,OK,0,,0,,,,82.28,OK,,,,82.22,OK,,,,157.14,OK,,,,157.86,OK,,,,37.23,OK,,,,37.34,OK,,,,,,,,,,,,,,,,,
2406150607D,ATKINSON 3.8 OCV,DM4P8,2024-06-15 14:13:41,18.988,25.17,OK,25.33,25.26,OK,23.5,23.41,OK,23.89,23.71,OK,23.55,23.38,OK,23.78,23.57,OK,24.24,23.99,OK,23.24,23.01,OK,0,0,,0,0,,12.38,OK,12.53,OK,12.38,OK,12.61,OK,12.64,OK,12.62,OK,12.74,OK,0,,0,,9.33,OK,9.97,OK,9.69,OK,9.65,OK,10.16,OK,10.11,OK,10.07,OK,0,,0,,,,82.09,OK,,,,82.44,OK,,,,157.77,OK,,,,157.53,OK,,,,37.33,OK,,,,37.93,OK,,,,,,,,,,,,,,,,,
2406150608D,ATKINSON 3.8 OCV,DM1P4,2024-06-15 14:14:39,18.984,25.27,OK,25.21,24.31,OK,26.36,25.62,OK,23.17,22.51,OK,25.57,25.03,OK,26.18,25.64,OK,25.15,24.74,OK,23.95,23.73,OK,0,0,,0,0,,10.61,OK,10.82,OK,10.74,OK,10.74,OK,10.97,OK,10.98,OK,10.92,OK,0,,0,,10.6,OK,10.77,OK,10.66,OK,10.74,OK,10.91,OK,10.77,OK,10.79,OK,0,,0,,,,81.85,OK,,,,82.61,OK,,,,156.95,OK,,,,157,OK,,,,36.83,OK,,,,36.84,OK,,,,,,,,,,,,,,,,,
2406150609D,ATKINSON 3.8 OCV,DM2P3,2024-06-15 14:15:34,18.998,26.05,OK,28.48,28.48,OK,25.86,25.77,OK,27.78,27.46,OK,26.76,26.69,OK,25.23,25.18,OK,25.38,25.35,OK,26.47,26.44,OK,0,0,,0,0,,11.15,OK,11.03,OK,11.26,OK,10.85,OK,10.88,OK,10.85,OK,10.87,OK,0,,0,,9.83,OK,9.81,OK,9.99,OK,9.91,OK,9.83,OK,9.95,OK,9.93,OK,0,,0,,,,83.31,OK,,,,82.76,OK,,,,157.8,OK,,,,157.67,OK,,,,37.54,OK,,,,37.71,OK,,,,,,,,,,,,,,,,,
2406150610D,ATKINSON 3.8 OCV,DM5P2,2024-06-15 14:16:33,18.986,23.78,OK,27.8,27.27,OK,28.54,28.52,OK,24.53,24.27,OK,25.71,25.67,OK,25.41,25.39,OK,27.17,27.17,OK,25.85,25.8,OK,0,0,,0,0,,2.42,OK,2.87,OK,2.83,OK,2.81,OK,2.83,OK,2.79,OK,2.78,OK,0,,0,,0.84,OK,0.84,OK,0.8,OK,0.83,OK,0.81,OK,0.86,OK,0.86,OK,0,,0,,,,82.58,OK,,,,82.21,OK,,,,157.07,OK,,,,157.24,OK,,,,37.67,OK,,,,36.87,OK,,,,,,,,,,,,,,,,,
2406150611D,ATKINSON 3.8 OCV,DM3P9,2024-06-15 14:17:28,18.987,24.41,OK,23.5,23.41,OK,25.84,25.29,OK,23.92,23.43,OK,23.15,23.01,OK,24.29,24.24,OK,24.31,23.92,OK,24.31,23.73,OK,0,0,,0,0,,11.64,OK,11.71,OK,11.73,OK,11.74,OK,11.79,OK,11.65,OK,11.64,OK,0,,0,,12.81,OK,12.83,OK,12.72,OK,12.93,OK,12.74,OK,12.86,OK,12.81,OK,0,,0,,,,82.13,OK,,,,82.28,OK,,,,157.18,OK,,,,157.85,OK,,,,37.99,OK,,,,37.64,OK,,,,,,,,,,,,,,,,,
2406150612D,ATKINSON 3.8 OCV,DM4P6,2024-06-15 14:18:23,18.994,25.06,OK,23.64,23.57,OK,23.17,23.06,OK,22.36,22.13,OK,24.43,23.96,OK,24.08,23.8,OK,23.06,22.9,OK,23.73,23.13,OK,0,0,,0,0,,12.44,OK,12.11,OK,12.5,OK,12.5,OK,12.59,OK,12.59,OK,12.67,OK,0,,0,,9.08,OK,9.77,OK,9.51,OK,9.68,OK,9.97,OK,10.18,OK,10.08,OK,0,,0,,,,83.17,OK,,,,83.28,OK,,,,156.85,OK,,,,156.53,OK,,,,37.41,OK,,,,37.53,OK,,,,,,,,,,,,,,,,,
2406150613D,ATKINSON 3.8 OCV,DM1P5,2024-06-15 14:19:19,18.997,23.02,OK,24.61,23.8,OK,24.29,24.07,OK,23.28,22.45,OK,25.8,25.42,OK,25.82,25.17,OK,24.22,23.98,OK,23.64,23.55,OK,0,0,,0,0,,10.58,OK,10.76,OK,10.77,OK,10.85,OK,10.98,OK,11.02,OK,10.99,OK,0,,0,,10.49,OK,10.7,OK,10.71,OK,10.84,OK,10.83,OK,10.9,OK,10.91,OK,0,,0,,,,82.71,OK,,,,82.31,OK,,,,156.51,OK,,,,158.06,OK,,,,37.18,OK,,,,37.03,OK,,,,,,,,,,,,,,,,,
2406150614D,ATKINSON 3.8 OCV,DM2P7,2024-06-15 14:20:17,18.994,25.81,OK,25.45,25.35,OK,23.15,23.05,OK,24.02,23.59,OK,24.75,24.7,OK,23.85,23.83,OK,24.85,24.82,OK,24.68,24.63,OK,0,0,,0,0,,11.03,OK,11.31,OK,10.85,OK,10.85,OK,10.87,OK,10.88,OK,10.85,OK,0,,0,,9.71,OK,9.83,OK,9.81,OK,10,OK,9.81,OK,9.95,OK,9.96,OK,0,,0,,,,83,OK,,,,83.12,OK,,,,158.01,OK,,,,157.27,OK,,,,37.38,OK,,,,37.71,OK,,,,,,,,,,,,,,,,,
2406150615D,ATKINSON 3.8 OCV,DM5P1,2024-06-15 14:21:12,18.999,23.75,OK,26.38,25.97,OK,26.83,26.73,OK,24.3,23.95,OK,24.99,24.92,OK,25.71,25.36,OK,27.2,27.08,OK,26.27,26.22,OK,0,0,,0,0,,2.36,OK,2.81,OK,2.78,OK,2.79,OK,2.84,OK,2.79,OK,2.77,OK,0,,0,,0.8,OK,0.85,OK,0.81,OK,0.81,OK,0.75,OK,0.79,OK,0.79,OK,0,,0,,,,82.04,OK,,,,83.03,OK,,,,156.67,OK,,,,157.21,OK,,,,37.6,OK,,,,36.74,OK,,,,,,,,,,,,,,,,,
2406150616D,ATKINSON 3.8 OCV,DM3P8,2024-06-15 14:22:08,18.996,25.81,OK,24.33,24.31,OK,25.1,24.75,OK,23.78,23.68,OK,24.26,24.01,OK,24.78,24.68,OK,23.89,23.75,OK,23.22,23.2,OK,0,0,,0,0,,11.65,OK,11.78,OK,11.69,OK,11.8,OK,11.81,OK,11.71,OK,11.67,OK,0,,0,,12.82,OK,12.84,OK,12.76,OK,12.74,OK,12.75,OK,12.95,OK,12.75,OK,0,,0,,,,81.97,OK,,,,81.99,OK,,,,157.6,OK,,,,157.5,OK,,,,37.25,OK,,,,37.75,OK,,,,,,,,,,,,,,,,,
2406150617D,ATKINSON 3.8 OCV,DM4P4,2024-06-15 14:23:06,18.986,25.07,OK,26.47,26.24,OK,24.1,23.96,OK,23.57,23.15,OK,24.24,23.94,OK,24.8,24.54,OK,24.24,23.71,OK,24.1,23.75,OK,0,0,,0,0,,12.45,OK,12.28,OK,12.4,OK,12.7,OK,12.54,OK,12.56,OK,12.72,OK,0,,0,,9.34,OK,9.79,OK,9.66,OK,9.72,OK,9.72,OK,10.16,OK,10.1,OK,0,,0,,,,81.73,OK,,,,82.11,OK,,,,157.6,OK,,,,157.44,OK,,,,37.2,OK,,,,37.63,OK,,,,,,,,,,,,,,,,,
2406150618D,ATKINSON 3.8 OCV,DM1P3,2024-06-15 14:25:16,18.988,25.16,OK,24.92,24.13,OK,26,25.3,OK,24.76,23.44,OK,26.29,25.57,OK,26.59,26.05,OK,25.42,25.06,OK,25.37,25.08,OK,0,0,,0,0,,10.49,OK,10.78,OK,11.05,OK,10.8,OK,10.98,OK,11.03,OK,11.16,OK,0,,0,,10.72,OK,10.76,OK,10.78,OK,10.78,OK,10.85,OK,10.82,OK,10.98,OK,0,,0,,,,82.9,OK,,,,83.53,OK,,,,157.14,OK,,,,157.36,OK,,,,37.37,OK,,,,37.67,OK,,,,,,,,,,,,,,,,,
2406150619D,ATKINSON 3.8 OCV,DM2P2,2024-06-15 14:26:11,18.995,25.05,OK,26.27,26.2,OK,23.44,23.32,OK,25.86,25.79,OK,25.04,24.99,OK,26.2,26.2,OK,24.87,24.85,OK,26.06,26.06,OK,0,0,,0,0,,10.82,OK,10.74,OK,11.22,OK,10.84,OK,10.86,OK,10.84,OK,10.84,OK,0,,0,,9.81,OK,10,OK,9.97,OK,10.01,OK,9.85,OK,10.01,OK,9.95,OK,0,,0,,,,82.14,OK,,,,82.33,OK,,,,157.66,OK,,,,157.92,OK,,,,37.71,OK,,,,37.57,OK,,,,,,,,,,,,,,,,,
2406150620D,ATKINSON 3.8 OCV,DM5P9,2024-06-15 14:27:07,18.998,25.63,OK,27.59,27.31,OK,27.64,27.52,OK,24.88,24.44,OK,27.27,27.27,OK,26.13,25.9,OK,24.9,24.78,OK,26.22,26.2,OK,0,0,,0,0,,2.48,OK,2.85,OK,2.83,OK,2.71,OK,2.83,OK,2.75,OK,2.77,OK,0,,0,,0.8,OK,0.76,OK,0.75,OK,0.78,OK,0.74,OK,0.82,OK,0.82,OK,0,,0,,,,83.19,OK,,,,82.88,OK,,,,157.02,OK,,,,157.15,OK,,,,38.2,OK,,,,37.47,OK,,,,,,,,,,,,,,,,,
2406150621D,ATKINSON 3.8 OCV,DM3P6,2024-06-15 14:28:05,18.991,24.82,OK,25.91,25.73,OK,26,25.54,OK,23.89,23.75,OK,24.75,24.54,OK,24.87,24.87,OK,25.26,25.24,OK,24.66,24.59,OK,0,0,,0,0,,11.63,OK,11.76,OK,11.75,OK,11.81,OK,11.82,OK,11.65,OK,11.65,OK,0,,0,,12.79,OK,12.82,OK,12.75,OK,12.74,OK,12.74,OK,12.75,OK,12.9,OK,0,,0,,,,83.28,OK,,,,83.17,OK,,,,156.89,OK,,,,156.79,OK,,,,37.08,OK,,,,37.26,OK,,,,,,,,,,,,,,,,,
2406150622D,ATKINSON 3.8 OCV,DM4P5,2024-06-15 14:29:04,18.998,24.82,OK,24.68,24.66,OK,24.43,24.38,OK,22.71,22.43,OK,23.78,23.71,OK,23.87,23.45,OK,23.29,23.17,OK,24.61,24.1,OK,0,0,,0,0,,12.41,OK,12.29,OK,12.32,OK,12.64,OK,12.44,OK,12.59,OK,12.69,OK,0,,0,,9.38,OK,9.47,OK,9.62,OK,9.7,OK,9.86,OK,10.06,OK,10.09,OK,0,,0,,,,81.66,OK,,,,81.26,OK,,,,158.14,OK,,,,158.21,OK,,,,38.03,OK,,,,37.94,OK,,,,,,,,,,,,,,,,,
2406150623D,ATKINSON 3.8 OCV,DM1P7,2024-06-15 14:32:12,18.984,26.6,OK,27.76,26.65,OK,26.05,25.37,OK,23.46,22.24,OK,25.84,25.37,OK,26.32,25.8,OK,27.31,27.04,OK,25.42,25.26,OK,0,0,,0,0,,10.67,OK,10.8,OK,11.07,OK,10.87,OK,11.22,OK,10.98,OK,11.1,OK,0,,0,,10.71,OK,10.84,OK,10.91,OK,10.98,OK,10.92,OK,10.93,OK,10.92,OK,0,,0,,,,82.89,OK,,,,83.31,OK,,,,157.18,OK,,,,157.57,OK,,,,36.66,OK,,,,36.76,OK,,,,,,,,,,,,,,,,,
2406150624D,ATKINSON 3.8 OCV,DM2P1,2024-06-15 14:33:11,18.995,24.08,OK,25.28,25.18,OK,22.76,22.71,OK,24.31,24.12,OK,24.97,24.89,OK,24.48,24.43,OK,24.17,24.09,OK,25.33,25.26,OK,0,0,,0,0,,10.8,OK,10.94,OK,11.2,OK,10.86,OK,10.85,OK,10.87,OK,10.87,OK,0,,0,,9.78,OK,9.85,OK,9.88,OK,9.97,OK,9.83,OK,9.93,OK,9.98,OK,0,,0,,,,82.34,OK,,,,82.57,OK,,,,157.35,OK,,,,158.26,OK,,,,37.67,OK,,,,37.9,OK,,,,,,,,,,,,,,,,,
2406150625D,ATKINSON 3.8 OCV,DM5P8,2024-06-15 14:34:06,18.995,24.08,OK,27.59,27.03,OK,27.52,27.43,OK,26.27,25.92,OK,26.55,26.48,OK,26.36,26.18,OK,27.43,27.38,OK,26.71,26.66,OK,0,0,,0,0,,2.38,OK,2.84,OK,2.77,OK,2.76,OK,2.86,OK,2.8,OK,2.76,OK,0,,0,,0.8,OK,0.73,OK,0.81,OK,0.74,OK,0.74,OK,0.81,OK,0.8,OK,0,,0,,,,82.72,OK,,,,81.63,OK,,,,158.47,OK,,,,158.27,OK,,,,37.96,OK,,,,37.29,OK,,,,,,,,,,,,,,,,,
2406150626D,ATKINSON 3.8 OCV,DM3P4,2024-06-15 14:36:29,18.99,26.21,OK,24.17,24.03,OK,25.29,24.8,OK,23.52,23.22,OK,23.66,23.34,OK,24.47,24.43,OK,24.57,24.26,OK,23.5,22.99,OK,0,0,,0,0,,11.67,OK,11.74,OK,11.61,OK,11.77,OK,11.81,OK,11.72,OK,11.65,OK,0,,0,,12.78,OK,12.82,OK,12.88,OK,12.74,OK,12.64,OK,12.76,OK,12.9,OK,0,,0,,,,81.93,OK,,,,82.04,OK,,,,157.38,OK,,,,157.68,OK,,,,37.62,OK,,,,37.74,OK,,,,,,,,,,,,,,,,,
2406150627D,ATKINSON 3.8 OCV,DM4P3,2024-06-15 14:37:24,18.988,26.87,OK,25.56,25.45,OK,23.66,23.43,OK,23.17,22.69,OK,24.45,24.26,OK,24.91,24.38,OK,23.78,23.29,OK,23.5,23.27,OK,0,0,,0,0,,12.41,OK,12.67,OK,12.77,OK,11.96,OK,12.59,OK,12.61,OK,12.7,OK,0,,0,,9.42,OK,9.8,OK,9.69,OK,9.75,OK,9.79,OK,10.22,OK,10.16,OK,0,,0,,,,82.75,OK,,,,82.57,OK,,,,157.7,OK,,,,157.46,OK,,,,37.24,OK,,,,37.53,OK,,,,,,,,,,,,,,,,,
2406150628D,ATKINSON 3.8 OCV,DM1P2,2024-06-15 14:38:23,18.987,24.4,OK,24.54,23.57,OK,25.87,25.62,OK,22.78,22.11,OK,24.7,24.36,OK,26.07,25.78,OK,26.5,26.16,OK,25.64,25.51,OK,0,0,,0,0,,10.6,OK,10.81,OK,10.72,OK,10.92,OK,10.97,OK,11,OK,10.89,OK,0,,0,,10.75,OK,10.88,OK,10.66,OK,10.74,OK,10.78,OK,10.92,OK,10.85,OK,0,,0,,,,82.23,OK,,,,82.54,OK,,,,157.02,OK,,,,157.26,OK,,,,37.24,OK,,,,37.3,OK,,,,,,,,,,,,,,,,,
2406150629D,ATKINSON 3.8 OCV,DM2P9,2024-06-15 14:39:21,18.988,25.25,OK,26.2,26.18,OK,24.8,24.75,OK,25.26,25.01,OK,24.82,24.8,OK,25.72,25.62,OK,24.43,24.38,OK,26.54,26.52,OK,0,0,,0,0,,11.16,OK,11.02,OK,11.16,OK,10.83,OK,10.86,OK,10.88,OK,10.86,OK,0,,0,,9.87,OK,10.09,OK,9.96,OK,9.98,OK,9.94,OK,9.99,OK,9.95,OK,0,,0,,,,82.04,OK,,,,82.46,OK,,,,158.34,OK,,,,158.25,OK,,,,38.47,OK,,,,37.91,OK,,,,,,,,,,,,,,,,,
2406150633D,ATKINSON 3.8 OCV,DM1P1,2024-06-15 14:40:16,18.998,25.08,OK,24.85,23.84,OK,26.65,26.05,OK,23.05,22.06,OK,26.23,25.93,OK,25.53,25.42,OK,25.21,24.9,OK,24.81,24.72,OK,0,0,,0,0,,10.58,OK,10.79,OK,10.83,OK,10.83,OK,10.89,OK,10.97,OK,11.01,OK,0,,0,,10.6,OK,10.82,OK,10.77,OK,10.76,OK,10.89,OK,10.83,OK,10.77,OK,0,,0,,,,83.04,OK,,,,83.59,OK,,,,156.74,OK,,,,156.99,OK,,,,36.8,OK,,,,36.88,OK,,,,,,,,,,,,,,,,,
2406150634D,ATKINSON 3.8 OCV,DM2P8,2024-06-15 14:41:15,18.998,25.11,OK,26.08,25.96,OK,23.95,23.68,OK,23.34,23.1,OK,26.13,26.08,OK,24.41,24.29,OK,24.07,24,OK,25.01,24.97,OK,0,0,,0,0,,10.8,OK,10.84,OK,10.86,OK,10.85,OK,11.54,OK,10.85,OK,10.86,OK,0,,0,,9.89,OK,9.97,OK,9.94,OK,9.95,OK,9.85,OK,9.96,OK,9.94,OK,0,,0,,,,81.65,OK,,,,81.85,OK,,,,158.01,OK,,,,158.22,OK,,,,37.63,OK,,,,38.13,OK,,,,,,,,,,,,,,,,,
2406150631D,ATKINSON 3.8 OCV,DM3P5,2024-06-15 14:42:07,18.988,25.42,OK,22.99,22.9,OK,23.55,23.24,OK,23.5,23.22,OK,22.87,22.64,OK,23.73,23.73,OK,24.54,24.26,OK,24.36,23.94,OK,0,0,,0,0,,11.62,OK,11.68,OK,11.66,OK,11.78,OK,11.8,OK,11.68,OK,11.67,OK,0,,0,,12.8,OK,12.82,OK,12.76,OK,12.73,OK,12.74,OK,12.75,OK,12.86,OK,0,,0,,,,82.24,OK,,,,81.57,OK,,,,157.97,OK,,,,158.09,OK,,,,38.11,OK,,,,37.89,OK,,,,,,,,,,,,,,,,,
2406150632D,ATKINSON 3.8 OCV,DM4P7,2024-06-15 14:43:05,18.982,23.98,OK,24.31,24.15,OK,24.03,23.75,OK,22.11,21.81,OK,24.24,23.8,OK,24.22,23.89,OK,24.26,23.92,OK,24.17,23.73,OK,0,0,,0,0,,12.41,OK,12.25,OK,12.25,OK,12.53,OK,12.62,OK,12.61,OK,12.69,OK,0,,0,,9.31,OK,9.33,OK,9.33,OK,9.39,OK,10.05,OK,10.15,OK,10.09,OK,0,,0,,,,82.69,OK,,,,83.09,OK,,,,158.23,OK,,,,157.29,OK,,,,37.22,OK,,,,37.63,OK,,,,,,,,,,,,,,,,,
2406150630D,ATKINSON 3.8 OCV,DM5P6,2024-06-15 14:44:04,18.988,25.25,OK,26.96,26.41,OK,25.6,25.48,OK,24.32,24.02,OK,25.04,24.99,OK,25.76,25.6,OK,25.43,24.83,OK,25.46,25.36,OK,0,0,,0,0,,2.33,OK,2.88,OK,2.75,OK,2.73,OK,2.82,OK,2.7,OK,2.73,OK,0,,0,,0.76,OK,0.74,OK,0.71,OK,0.72,OK,0.72,OK,0.77,OK,0.8,OK,0,,0,,,,83.55,OK,,,,83.59,OK,,,,156.98,OK,,,,156.22,OK,,,,37.86,OK,,,,37.96,OK,,,,,,,,,,,,,,,,,
2406150635D,ATKINSON 3.8 OCV,DM2P4,2024-06-15 14:45:02,18.987,24.66,OK,27.82,27.82,OK,25.23,25.18,OK,26.4,26.1,OK,26.06,25.98,OK,26.23,26.15,OK,25.81,25.74,OK,26.32,26.3,OK,0,0,,0,0,,10.86,OK,10.86,OK,10.84,OK,10.88,OK,10.84,OK,10.83,OK,10.84,OK,0,,0,,9.88,OK,10.01,OK,9.96,OK,9.92,OK,9.99,OK,9.99,OK,9.92,OK,0,,0,,,,81.98,OK,,,,82.22,OK,,,,158.2,OK,,,,157.97,OK,,,,37.95,OK,,,,38.02,OK,,,,,,,,,,,,,,,,,
2406150636D,ATKINSON 3.8 OCV,DM3P3,2024-06-15 14:45:58,18.986,26.46,OK,26.03,25.98,OK,25.01,24.31,OK,23.64,23.36,OK,23.55,22.85,OK,25.15,24.82,OK,24.5,24.01,OK,23.87,23.24,OK,0,0,,0,0,,11.78,OK,11.81,OK,11.81,OK,11.72,OK,11.74,OK,11.94,OK,11.79,OK,0,,0,,12.91,OK,12.79,OK,12.72,OK,12.8,OK,12.82,OK,12.78,OK,12.91,OK,0,,0,,,,82.36,OK,,,,81.78,OK,,,,158.11,OK,,,,158.25,OK,,,,38.1,OK,,,,37.97,OK,,,,,,,,,,,,,,,,,
2406150637D,ATKINSON 3.8 OCV,DM4P2,2024-06-15 14:46:56,18.989,25.33,OK,24.24,24.08,OK,23.2,23.13,OK,22.48,22.36,OK,22.46,22.27,OK,23.66,23.5,OK,23.31,23.1,OK,24.38,24.31,OK,0,0,,0,0,,12.53,OK,12.16,OK,12.58,OK,12.77,OK,12.76,OK,12.62,OK,12.77,OK,0,,0,,8.94,OK,9.74,OK,9.7,OK,9.93,OK,10.07,OK,10.02,OK,10.14,OK,0,,0,,,,81.41,OK,,,,81.79,OK,,,,157.77,OK,,,,157.66,OK,,,,37.81,OK,,,,37.78,OK,,,,,,,,,,,,,,,,,
2406150638D,ATKINSON 3.8 OCV,DM5P9,2024-06-15 14:47:51,18.992,24.98,OK,27.01,26.64,OK,25.97,25.62,OK,22.09,21.84,OK,23.67,23.62,OK,24.97,24.71,OK,23.25,23.21,OK,23.55,23.48,OK,0,0,,0,0,,2.37,OK,2.77,OK,2.7,OK,2.64,OK,2.69,OK,2.64,OK,2.64,OK,0,,0,,0.81,OK,0.75,OK,0.79,OK,0.77,OK,0.71,OK,0.83,OK,0.72,OK,0,,0,,,,81.87,OK,,,,81.99,OK,,,,158.53,OK,,,,158.62,OK,,,,37.98,OK,,,,38.08,OK,,,,,,,,,,,,,,,,,
2406150640D,ATKINSON 3.8 OCV,DM2P5,2024-06-15 14:48:50,18.983,24.5,OK,25.52,25.4,OK,24.8,24.7,OK,25.01,24.7,OK,25.21,25.16,OK,26.01,25.96,OK,25.35,25.31,OK,26.2,26.18,OK,0,0,,0,0,,11.15,OK,11.34,OK,11.06,OK,10.84,OK,10.85,OK,10.87,OK,10.84,OK,0,,0,,9.77,OK,9.96,OK,9.92,OK,9.99,OK,9.85,OK,9.96,OK,9.93,OK,0,,0,,,,82.33,OK,,,,82.15,OK,,,,157.87,OK,,,,157.96,OK,,,,37.86,OK,,,,38.15,OK,,,,,,,,,,,,,,,,,
2406150641D,ATKINSON 3.8 OCV,DM3P7,2024-06-15 14:49:48,18.985,24.78,OK,26.82,26.77,OK,25.82,25.29,OK,24.01,23.71,OK,23.24,22.8,OK,24.47,24.36,OK,24.24,24.01,OK,24.4,23.94,OK,0,0,,0,0,,11.7,OK,11.77,OK,11.76,OK,11.83,OK,11.88,OK,11.73,OK,11.69,OK,0,,0,,12.84,OK,12.8,OK,12.78,OK,12.72,OK,12.74,OK,12.74,OK,12.84,OK,0,,0,,,,82.32,OK,,,,82.87,OK,,,,158.12,OK,,,,157.55,OK,,,,37.4,OK,,,,37.56,OK,,,,,,,,,,,,,,,,,
2406150639D,ATKINSON 3.8 OCV,DM1P8,2024-06-15 14:50:44,18.998,25.71,OK,23.95,23.84,OK,23.68,23.57,OK,22.54,22.42,OK,23.26,23.17,OK,22.63,22.51,OK,22.63,22.38,OK,20.42,20.35,OK,0,0,,0,0,,11.07,OK,11.18,OK,11.16,OK,11.14,OK,11.54,OK,11.03,OK,11.29,OK,0,,0,,10.57,OK,10.73,OK,10.71,OK,10.72,OK,10.72,OK,10.69,OK,10.83,OK,0,,0,,,,81.92,OK,,,,82.36,OK,,,,157.34,OK,,,,157.42,OK,,,,36.77,OK,,,,37.03,OK,,,,,,,,,,,,,,,,,
2406150642D,ATKINSON 3.8 OCV,DM4P6,2024-06-15 14:51:39,18.978,25.42,OK,24.57,24.43,OK,23.27,23.22,OK,22.64,22.36,OK,25.05,24.61,OK,23.62,23.24,OK,24.33,23.96,OK,23.55,23.29,OK,0,0,,0,0,,12.4,OK,12.23,OK,12.24,OK,12.8,OK,12.73,OK,12.61,OK,12.73,OK,0,,0,,9.28,OK,9.38,OK,9.67,OK,9.52,OK,10.02,OK,10.06,OK,10.05,OK,0,,0,,,,82.83,OK,,,,83,OK,,,,157.19,OK,,,,156.92,OK,,,,37.36,OK,,,,37.72,OK,,,,,,,,,,,,,,,,,
2406150643D,ATKINSON 3.8 OCV,DM5P1,2024-06-15 14:52:38,18.999,25.95,OK,24.99,24.69,OK,25.11,25.02,OK,21.79,21.4,OK,24.95,24.9,OK,24.37,24.3,OK,22.49,22.35,OK,22.49,22.44,OK,0,0,,0,0,,2.2,OK,2.64,OK,2.7,OK,2.67,OK,2.77,OK,2.62,OK,2.66,OK,0,,0,,0.75,OK,0.82,OK,0.71,OK,0.76,OK,0.74,OK,0.78,OK,0.8,OK,0,,0,,,,82.47,OK,,,,81.57,OK,,,,157.93,OK,,,,158.58,OK,,,,38.35,OK,,,,37.57,OK,,,,,,,,,,,,,,,,,
2406150644D,ATKINSON 3.8 OCV,DM1P4,2024-06-15 14:53:33,18.992,25.07,OK,25.08,24.9,OK,24.4,24.22,OK,24.74,24.54,OK,25.37,25.28,OK,25.35,25.1,OK,24.99,24.83,OK,23.57,23.41,OK,0,0,,0,0,,11.07,OK,11.17,OK,11.06,OK,11.11,OK,11.31,OK,11.11,OK,11.28,OK,0,,0,,10.8,OK,10.77,OK,10.73,OK,11.03,OK,10.98,OK,10.85,OK,10.87,OK,0,,0,,,,81.84,OK,,,,82.06,OK,,,,157.2,OK,,,,157.19,OK,,,,37.39,OK,,,,37.43,OK,,,,,,,,,,,,,,,,,
2406150645D,ATKINSON 3.8 OCV,DM2P3,2024-06-15 14:54:31,18.986,24.41,OK,26.88,26.78,OK,24.09,24.02,OK,26.08,25.67,OK,26.81,26.69,OK,25.4,25.28,OK,25.18,25.14,OK,25.33,25.21,OK,0,0,,0,0,,11.1,OK,11.05,OK,10.81,OK,10.86,OK,10.86,OK,10.85,OK,10.86,OK,0,,0,,9.82,OK,9.85,OK,9.99,OK,9.93,OK,9.82,OK,9.93,OK,10,OK,0,,0,,,,82.64,OK,,,,82.22,OK,,,,157.98,OK,,,,158.36,OK,,,,37.96,OK,,,,38.17,OK,,,,,,,,,,,,,,,,,
2406150646D,ATKINSON 3.8 OCV,DM3P2,2024-06-15 14:55:27,18.987,25.41,OK,24.5,24.4,OK,24.36,23.96,OK,22.85,22.73,OK,22.39,21.97,OK,23.01,22.99,OK,23.48,23.08,OK,23.71,23.59,OK,0,0,,0,0,,11.72,OK,11.74,OK,11.77,OK,11.8,OK,11.84,OK,11.75,OK,11.62,OK,0,,0,,12.8,OK,12.8,OK,12.91,OK,12.67,OK,12.84,OK,12.75,OK,12.9,OK,0,,0,,,,81.76,OK,,,,81.8,OK,,,,157.68,OK,,,,157.78,OK,,,,37.8,OK,,,,37.73,OK,,,,,,,,,,,,,,,,,
2406150647D,ATKINSON 3.8 OCV,DM4P9,2024-06-15 14:56:25,18.998,24.57,OK,23.8,23.59,OK,22.62,22.41,OK,22.62,22.32,OK,23.04,22.78,OK,23.92,23.59,OK,23.2,23.01,OK,22.46,22.25,OK,0,0,,0,0,,12.48,OK,12.39,OK,12.25,OK,12.73,OK,12.72,OK,12.64,OK,12.74,OK,0,,0,,9.32,OK,9.31,OK,9.79,OK,9.7,OK,10.08,OK,10,OK,10.01,OK,0,,0,,,,81.68,OK,,,,81.94,OK,,,,158.22,OK,,,,157.96,OK,,,,38.24,OK,,,,37.78,OK,,,,,,,,,,,,,,,,,
2406150648D,ATKINSON 3.8 OCV,DM5P8,2024-06-15 14:57:27,18.999,24.95,OK,25.6,25.16,OK,25.69,25.62,OK,23.07,22.81,OK,24.9,24.83,OK,23.18,23.16,OK,23.09,23.04,OK,23.02,23.02,OK,0,0,,0,0,,2.24,OK,2.68,OK,2.69,OK,2.64,OK,2.78,OK,2.66,OK,2.66,OK,0,,0,,0.75,OK,0.81,OK,0.78,OK,0.75,OK,0.69,OK,0.77,OK,0.73,OK,0,,0,,,,82.47,OK,,,,81.36,OK,,,,158.35,OK,,,,157.65,OK,,,,37.29,OK,,,,37.48,OK,,,,,,,,,,,,,,,,,
2406150650D,ATKINSON 3.8 OCV,DM1P5,2024-06-15 14:58:22,18.99,24.93,OK,24.13,24,OK,23.08,23.03,OK,21.77,21.64,OK,24.2,24,OK,25.26,24.94,OK,25.12,25.06,OK,23.37,23.28,OK,0,0,,0,0,,11.01,OK,11.05,OK,11.13,OK,11.09,OK,11.23,OK,11.3,OK,11.21,OK,0,,0,,10.68,OK,10.75,OK,10.8,OK,10.84,OK,10.77,OK,10.81,OK,10.86,OK,0,,0,,,,82.61,OK,,,,81.98,OK,,,,157.39,OK,,,,157.67,OK,,,,37.37,OK,,,,37.23,OK,,,,,,,,,,,,,,,,,
2406150651D,ATKINSON 3.8 OCV,DM2P7,2024-06-15 14:59:20,18.982,24.43,OK,25.35,25.31,OK,24.22,24.17,OK,25.26,25.09,OK,24.85,24.82,OK,25.33,25.16,OK,24.8,24.72,OK,24.89,24.85,OK,0,0,,0,0,,11.09,OK,11.07,OK,11.26,OK,10.84,OK,10.85,OK,10.87,OK,10.84,OK,0,,0,,10.01,OK,9.84,OK,10.05,OK,9.9,OK,9.92,OK,9.98,OK,9.94,OK,0,,0,,,,82.71,OK,,,,82.67,OK,,,,158.69,OK,,,,157.85,OK,,,,37.77,OK,,,,38,OK,,,,,,,,,,,,,,,,,
2406150652D,ATKINSON 3.8 OCV,DM3P6,2024-06-15 15:00:16,18.988,24.86,OK,25.03,24.89,OK,25.45,24.66,OK,24.15,23.92,OK,22.99,22.76,OK,24.24,24.17,OK,24.2,23.82,OK,24.22,23.73,OK,0,0,,0,0,,11.73,OK,11.79,OK,11.8,OK,11.8,OK,11.8,OK,11.75,OK,11.63,OK,0,,0,,12.79,OK,12.81,OK,12.85,OK,12.69,OK,12.84,OK,12.77,OK,12.83,OK,0,,0,,,,82.76,OK,,,,82.66,OK,,,,157.84,OK,,,,157.08,OK,,,,37.92,OK,,,,38.26,OK,,,,,,,,,,,,,,,,,
2406150653D,ATKINSON 3.8 OCV,DM4P1,2024-06-15 15:01:14,18.996,25.78,OK,24.1,23.99,OK,23.73,23.66,OK,25.22,24.98,OK,23.8,23.27,OK,24.8,24.01,OK,24.22,23.78,OK,23.75,23.59,OK,0,0,,0,0,,12.44,OK,12.34,OK,12.09,OK,12.74,OK,12.72,OK,12.61,OK,12.7,OK,0,,0,,9.34,OK,9.29,OK,9.82,OK,9.69,OK,9.92,OK,10.11,OK,9.88,OK,0,,0,,,,81.93,OK,,,,82.34,OK,,,,157.32,OK,,,,157.68,OK,,,,37.53,OK,,,,37.89,OK,,,,,,,,,,,,,,,,,
2406150654D,ATKINSON 3.8 OCV,DM5P4,2024-06-15 15:02:09,18.998,25.43,OK,25.83,25.5,OK,24.41,24.41,OK,23.65,23.23,OK,24.06,24,OK,24.39,24.2,OK,23.81,23.67,OK,22.93,22.86,OK,0,0,,0,0,,2.25,OK,2.69,OK,2.7,OK,2.66,OK,2.69,OK,2.72,OK,2.66,OK,0,,0,,0.75,OK,0.81,OK,0.78,OK,0.75,OK,0.74,OK,0.82,OK,0.77,OK,0,,0,,,,82.61,OK,,,,81.71,OK,,,,158.2,OK,,,,157.96,OK,,,,38.13,OK,,,,38.31,OK,,,,,,,,,,,,,,,,,
2406150655D,ATKINSON 3.8 OCV,DM1P3,2024-06-15 15:03:05,18.987,24.72,OK,26.14,25.84,OK,23.77,23.62,OK,24.25,24.04,OK,24.85,24.76,OK,26.79,26.59,OK,26.95,26.61,OK,23.68,23.55,OK,0,0,,0,0,,10.9,OK,11.11,OK,11.12,OK,11.13,OK,11.25,OK,11.47,OK,11.31,OK,0,,0,,10.65,OK,10.75,OK,10.64,OK,10.76,OK,10.73,OK,10.9,OK,10.84,OK,0,,0,,,,83.51,OK,,,,83.07,OK,,,,157.15,OK,,,,157.35,OK,,,,36.91,OK,,,,37.06,OK,,,,,,,,,,,,,,,,,
2406150656D,ATKINSON 3.8 OCV,DM2P2,2024-06-15 15:04:10,18.996,25.31,OK,25.62,25.57,OK,23.8,23.73,OK,25.23,24.92,OK,23.15,23.1,OK,25.47,25.35,OK,23.49,23.46,OK,24.68,24.63,OK,0,0,,0,0,,10.77,OK,11.47,OK,11.34,OK,11.21,OK,10.86,OK,10.85,OK,10.86,OK,0,,0,,9.83,OK,10.01,OK,10.01,OK,9.82,OK,9.85,OK,9.86,OK,9.84,OK,0,,0,,,,81.79,OK,,,,82.1,OK,,,,158.08,OK,,,,158.14,OK,,,,38.32,OK,,,,38.26,OK,,,,,,,,,,,,,,,,,
2406150657D,ATKINSON 3.8 OCV,DM3P9,2024-06-15 15:05:08,18.986,24.63,OK,29.42,29.28,OK,27.26,26.65,OK,24.71,24.54,OK,23.94,23.82,OK,24.33,24.29,OK,26.47,26.4,OK,24.43,24.17,OK,0,0,,0,0,,11.73,OK,11.77,OK,11.77,OK,11.79,OK,11.83,OK,11.75,OK,11.65,OK,0,,0,,12.8,OK,12.82,OK,12.91,OK,12.73,OK,12.75,OK,12.93,OK,12.76,OK,0,,0,,,,82.29,OK,,,,82.4,OK,,,,157.24,OK,,,,157.47,OK,,,,37.89,OK,,,,37.73,OK,,,,,,,,,,,,,,,,,
2406150658D,ATKINSON 3.8 OCV,DM4P8,2024-06-15 15:06:00,18.985,25.46,OK,24.36,24.22,OK,22.43,22.32,OK,22.9,22.76,OK,23.22,22.78,OK,24.43,24.06,OK,22.85,22.73,OK,23.59,23.45,OK,0,0,,0,0,,12.6,OK,12.51,OK,12.35,OK,12.47,OK,12.42,OK,12.54,OK,12.71,OK,0,,0,,9.32,OK,9.75,OK,9.65,OK,9.7,OK,9.78,OK,10.1,OK,10.03,OK,0,,0,,,,81.74,OK,,,,81.9,OK,,,,157.57,OK,,,,157.57,OK,,,,37.04,OK,,,,37.38,OK,,,,,,,,,,,,,,,,,
2406150659D,ATKINSON 3.8 OCV,DM5P5,2024-06-15 15:06:59,18.988,25.16,OK,25.8,25.57,OK,25.97,25.87,OK,23.53,23.25,OK,23.86,23.83,OK,24.3,24.25,OK,24.71,24.67,OK,24.53,24.46,OK,0,0,,0,0,,2.27,OK,2.7,OK,2.72,OK,2.74,OK,2.65,OK,2.7,OK,2.76,OK,0,,0,,0.8,OK,0.75,OK,0.77,OK,0.75,OK,0.78,OK,0.79,OK,0.77,OK,0,,0,,,,83.58,OK,,,,82.24,OK,,,,157.53,OK,,,,156.96,OK,,,,37.16,OK,,,,37.66,OK,,,,,,,,,,,,,,,,,
2406150660D,ATKINSON 3.8 OCV,DM1P7,2024-06-15 15:07:54,18.998,24.78,OK,26.34,26.23,OK,23.73,23.64,OK,23.66,23.41,OK,24.79,24.56,OK,28.77,28.7,OK,25.39,25.15,OK,22.87,22.81,OK,0,0,,0,0,,10.9,OK,11.07,OK,11.13,OK,11.06,OK,11.1,OK,11.27,OK,11.33,OK,0,,0,,10.73,OK,10.76,OK,10.75,OK,10.91,OK,10.8,OK,10.91,OK,10.81,OK,0,,0,,,,83.62,OK,,,,83.52,OK,,,,157.4,OK,,,,157.41,OK,,,,36.67,OK,,,,37.04,OK,,,,,,,,,,,,,,,,,
2406150661D,ATKINSON 3.8 OCV,DM2P6,2024-06-15 15:08:52,18.993,25.58,OK,26.9,26.76,OK,25.91,25.77,OK,25.64,25.38,OK,26.54,26.52,OK,25.77,25.69,OK,25.6,25.55,OK,25.45,25.38,OK,0,0,,0,0,,11.16,OK,11.17,OK,10.79,OK,10.85,OK,10.88,OK,10.84,OK,10.88,OK,0,,0,,9.81,OK,9.87,OK,10.01,OK,9.99,OK,9.87,OK,9.98,OK,9.99,OK,0,,0,,,,83,OK,,,,83,OK,,,,157.3,OK,,,,157.04,OK,,,,37.53,OK,,,,38.04,OK,,,,,,,,,,,,,,,,,
2406150662D,ATKINSON 3.8 OCV,DM3P1,2024-06-15 15:09:48,18.997,24.7,OK,25.68,25.63,OK,25.66,25.29,OK,23.43,23.34,OK,24.68,24.36,OK,24.5,24.1,OK,24.78,24.29,OK,24.94,24.75,OK,0,0,,0,0,,11.69,OK,11.74,OK,11.7,OK,11.8,OK,11.77,OK,11.67,OK,11.71,OK,0,,0,,12.79,OK,12.82,OK,12.67,OK,12.74,OK,12.75,OK,12.94,OK,12.75,OK,0,,0,,,,82.42,OK,,,,82.33,OK,,,,157.15,OK,,,,157.56,OK,,,,37.25,OK,,,,37.45,OK,,,,,,,,,,,,,,,,,
2406150663D,ATKINSON 3.8 OCV,DM4P4,2024-06-15 15:10:46,18.995,25.22,OK,24.57,24.4,OK,24.2,23.96,OK,23.1,22.69,OK,24.45,24.03,OK,24.82,24.31,OK,24.94,24.61,OK,23.43,23.06,OK,0,0,,0,0,,12.29,OK,12.07,OK,12.28,OK,12.59,OK,12.45,OK,12.55,OK,12.71,OK,0,,0,,8.92,OK,9.63,OK,9.51,OK,9.77,OK,9.78,OK,10.05,OK,10.03,OK,0,,0,,,,81.81,OK,,,,82.34,OK,,,,157.64,OK,,,,157.45,OK,,,,37.34,OK,,,,37.57,OK,,,,,,,,,,,,,,,,,
2406150664D,ATKINSON 3.8 OCV,DM5P3,2024-06-15 15:11:41,18.998,25.01,OK,26.36,25.94,OK,25.55,25.41,OK,24.58,24.27,OK,24.99,24.83,OK,24.78,24.27,OK,25.16,24.97,OK,23.9,23.79,OK,0,0,,0,0,,2.26,OK,2.66,OK,2.7,OK,2.68,OK,2.66,OK,2.65,OK,2.65,OK,0,,0,,0.79,OK,0.76,OK,0.72,OK,0.75,OK,0.77,OK,0.75,OK,0.72,OK,0,,0,,,,83.68,OK,,,,82.92,OK,,,,158.08,OK,,,,157.52,OK,,,,37.01,OK,,,,37.75,OK,,,,,,,,,,,,,,,,,
2406150665D,ATKINSON 3.8 OCV,DM1P2,2024-06-15 15:12:37,18.998,25.31,OK,23.93,23.86,OK,22.69,22.63,OK,21.3,21.03,OK,24.58,24.47,OK,28.25,28.18,OK,24.97,24.81,OK,21.66,21.64,OK,0,0,,0,0,,10.94,OK,11.11,OK,11.04,OK,11.1,OK,11.29,OK,11.25,OK,11.23,OK,0,,0,,10.6,OK,10.77,OK,10.67,OK,10.9,OK,10.71,OK,10.89,OK,10.79,OK,0,,0,,,,82.63,OK,,,,82.73,OK,,,,156.75,OK,,,,157.31,OK,,,,37.06,OK,,,,36.75,OK,,,,,,,,,,,,,,,,,
2406150666D,ATKINSON 3.8 OCV,DM2P9,2024-06-15 15:13:35,18.999,24.91,OK,24,24,OK,22.69,22.62,OK,23.34,23.13,OK,24.07,24.05,OK,23.92,23.88,OK,23.61,23.59,OK,24.26,24.17,OK,0,0,,0,0,,11.13,OK,11.12,OK,10.8,OK,10.83,OK,10.87,OK,10.85,OK,10.85,OK,0,,0,,9.99,OK,9.8,OK,9.85,OK,9.84,OK,9.8,OK,9.83,OK,9.84,OK,0,,0,,,,82.26,OK,,,,82.51,OK,,,,157.72,OK,,,,158.02,OK,,,,37.84,OK,,,,37.32,OK,,,,,,,,,,,,,,,,,
2406150667D,ATKINSON 3.8 OCV,DM3P8,2024-06-15 15:14:30,18.994,24.97,OK,27.14,27.12,OK,24.29,23.71,OK,22.9,22.73,OK,23.13,22.8,OK,23.48,23.45,OK,24.64,24.5,OK,22.66,22.34,OK,0,0,,0,0,,11.65,OK,11.71,OK,11.7,OK,11.8,OK,11.82,OK,11.72,OK,11.67,OK,0,,0,,12.8,OK,12.81,OK,12.74,OK,12.73,OK,12.74,OK,12.89,OK,12.75,OK,0,,0,,,,81.44,OK,,,,81.86,OK,,,,157.58,OK,,,,157.6,OK,,,,37.33,OK,,,,37.88,OK,,,,,,,,,,,,,,,,,
2406150668D,ATKINSON 3.8 OCV,DM4P5,2024-06-15 15:15:26,18.99,25.21,OK,26.77,26.72,OK,23.2,23.06,OK,23.17,22.9,OK,23.89,23.85,OK,24.5,23.99,OK,24.68,24.57,OK,23.66,23.17,OK,0,0,,0,0,,12.47,OK,12.17,OK,12.34,OK,12.48,OK,12.49,OK,12.55,OK,12.69,OK,0,,0,,9.22,OK,9.75,OK,9.69,OK,9.77,OK,9.92,OK,10.2,OK,10.2,OK,0,,0,,,,82.07,OK,,,,81.77,OK,,,,157.8,OK,,,,157.77,OK,,,,37.8,OK,,,,37.57,OK,,,,,,,,,,,,,,,,,
2406150670D,ATKINSON 3.8 OCV,DM1P6,2024-06-15 15:16:24,18.999,24.51,OK,24.85,24.74,OK,23.17,23.05,OK,22.94,22.72,OK,24.81,24.7,OK,26.79,26.68,OK,26.18,25.98,OK,22.11,22.02,OK,0,0,,0,0,,11.02,OK,11.11,OK,11.09,OK,11.17,OK,11.22,OK,11.42,OK,11.34,OK,0,,0,,10.72,OK,10.79,OK,10.66,OK,10.8,OK,10.84,OK,10.51,OK,10.75,OK,0,,0,,,,83.72,OK,,,,83.37,OK,,,,156.57,OK,,,,156.76,OK,,,,36.72,OK,,,,36.9,OK,,,,,,,,,,,,,,,,,
2406150669D,ATKINSON 3.8 OCV,DM5P7,2024-06-15 15:17:19,18.982,25.3,OK,26.41,26.08,OK,24.76,24.62,OK,22.72,22.28,OK,23.79,23.58,OK,24.62,24.44,OK,24.04,24.04,OK,24.3,24.25,OK,0,0,,0,0,,2.27,OK,2.71,OK,2.68,OK,2.8,OK,2.65,OK,2.68,OK,2.61,OK,0,,0,,0.77,OK,0.74,OK,0.73,OK,0.75,OK,0.76,OK,0.75,OK,0.72,OK,0,,0,,,,83.78,OK,,,,84.09,OK,,,,157.66,OK,,,,157.21,OK,,,,36.53,OK,,,,37.27,OK,,,,,,,,,,,,,,,,,
2406150671D,ATKINSON 3.8 OCV,DM2P1,2024-06-15 15:18:15,18.983,25.42,OK,25.21,25.09,OK,23.9,23.78,OK,23.76,23.61,OK,24.89,24.82,OK,26.01,25.98,OK,24.09,24.02,OK,24.82,24.75,OK,0,0,,0,0,,10.74,OK,11.39,OK,11.05,OK,10.85,OK,10.85,OK,10.86,OK,10.87,OK,0,,0,,9.79,OK,9.96,OK,9.99,OK,9.97,OK,9.86,OK,9.86,OK,9.83,OK,0,,0,,,,82.39,OK,,,,82.72,OK,,,,157.37,OK,,,,157.76,OK,,,,38.16,OK,,,,37.54,OK,,,,,,,,,,,,,,,,,
2406150672D,ATKINSON 3.8 OCV,DM3P4,2024-06-15 15:19:10,18.991,24.56,OK,25.26,25.22,OK,27.65,27.26,OK,24.01,23.78,OK,23.8,23.41,OK,24.78,24.75,OK,25.38,25.08,OK,23.89,23.29,OK,0,0,,0,0,,11.67,OK,11.74,OK,11.73,OK,11.7,OK,11.88,OK,11.5,OK,11.71,OK,0,,0,,12.78,OK,12.81,OK,12.61,OK,12.89,OK,12.78,OK,12.81,OK,12.77,OK,0,,0,,,,82.36,OK,,,,82.3,OK,,,,157.03,OK,,,,157.18,OK,,,,37.25,OK,,,,37.48,OK,,,,,,,,,,,,,,,,,
2406150673D,ATKINSON 3.8 OCV,DM4P3,2024-06-15 15:20:09,18.987,24.8,OK,25.15,25.08,OK,24.52,24.31,OK,24.43,24.01,OK,24.68,24.36,OK,25.24,24.59,OK,25.54,25.01,OK,26.61,26.1,OK,0,0,,0,0,,12.53,OK,12.61,OK,12.55,OK,12.54,OK,12.57,OK,12.61,OK,12.69,OK,0,,0,,9.45,OK,9.74,OK,10.01,OK,10.01,OK,10.14,OK,10.18,OK,10.12,OK,0,,0,,,,83.13,OK,,,,82.57,OK,,,,157.48,OK,,,,157.47,OK,,,,37.18,OK,,,,37.59,OK,,,,,,,,,,,,,,,,,
2406150674D,ATKINSON 3.8 OCV,DM1P9,2024-06-15 15:21:04,18.987,25.67,OK,28.3,28.18,OK,23.93,23.91,OK,23.19,23.01,OK,26.36,26.07,OK,27.37,27.26,OK,27.1,26.88,OK,23.73,23.62,OK,0,0,,0,0,,10.87,OK,11.11,OK,11.15,OK,11.17,OK,11.33,OK,11.31,OK,11.34,OK,0,,0,,10.76,OK,10.84,OK,10.79,OK,11.01,OK,10.76,OK,10.89,OK,11.13,OK,0,,0,,,,82.31,OK,,,,82.6,OK,,,,157.02,OK,,,,157.51,OK,,,,37.48,OK,,,,36.96,OK,,,,,,,,,,,,,,,,,
2406150675D,ATKINSON 3.8 OCV,DM5P2,2024-06-15 15:22:02,18.997,25.26,OK,26.8,26.22,OK,25.16,25.11,OK,22.81,22.49,OK,24.78,24.71,OK,24.53,24.46,OK,24.18,24.13,OK,24.71,24.62,OK,0,0,,0,0,,2.24,OK,2.7,OK,2.73,OK,2.71,OK,2.81,OK,2.65,OK,2.67,OK,0,,0,,0.77,OK,0.79,OK,0.74,OK,0.76,OK,0.76,OK,0.79,OK,0.81,OK,0,,0,,,,82.34,OK,,,,82.47,OK,,,,157.6,OK,,,,157.57,OK,,,,37.5,OK,,,,37.38,OK,,,,,,,,,,,,,,,,,
2406150676D,ATKINSON 3.8 OCV,DM2P8,2024-06-15 15:22:57,18.983,25.31,OK,26.47,26.4,OK,23.51,23.46,OK,25.62,25.35,OK,24.43,24.38,OK,24.38,24.38,OK,23.78,23.78,OK,24.53,24.46,OK,0,0,,0,0,,11.54,OK,10.97,OK,11.44,OK,10.87,OK,10.86,OK,10.86,OK,10.85,OK,0,,0,,9.81,OK,9.95,OK,9.74,OK,9.79,OK,9.83,OK,9.85,OK,9.83,OK,0,,0,,,,82.26,OK,,,,81.84,OK,,,,157.87,OK,,,,157.91,OK,,,,37.53,OK,,,,37.74,OK,,,,,,,,,,,,,,,,,
2406150677D,ATKINSON 3.8 OCV,DM3P5,2024-06-15 15:23:53,18.984,25.96,OK,24.64,24.52,OK,25.29,24.54,OK,22.27,22.04,OK,23.52,23.06,OK,24.33,24.2,OK,23.68,23.41,OK,24.03,23.62,OK,0,0,,0,0,,11.64,OK,11.73,OK,11.66,OK,11.67,OK,11.75,OK,11.87,OK,11.85,OK,0,,0,,12.79,OK,12.81,OK,12.74,OK,12.82,OK,12.92,OK,12.87,OK,12.69,OK,0,,0,,,,82.25,OK,,,,81.85,OK,,,,157.44,OK,,,,157.68,OK,,,,37.66,OK,,,,37.43,OK,,,,,,,,,,,,,,,,,
2406150678D,ATKINSON 3.8 OCV,DM4P7,2024-06-15 15:24:48,18.99,24.82,OK,25.49,25.26,OK,23.48,23.43,OK,22.55,22.2,OK,23.87,23.71,OK,24.4,24.13,OK,24.68,24.47,OK,24.57,24.36,OK,0,0,,0,0,,12.44,OK,12.47,OK,12.57,OK,12.56,OK,12.55,OK,12.6,OK,12.74,OK,0,,0,,9.06,OK,9.59,OK,9.57,OK,9.64,OK,10.02,OK,9.99,OK,10.15,OK,0,,0,,,,82.83,OK,,,,83.08,OK,,,,157.85,OK,,,,157.22,OK,,,,37.22,OK,,,,37.37,OK,,,,,,,,,,,,,,,,,
2406150679D,ATKINSON 3.8 OCV,DM1P1,2024-06-15 15:25:46,18.996,24.73,OK,23.86,23.73,OK,23.12,22.99,OK,23.3,23.14,OK,25.64,25.51,OK,27.33,27.17,OK,27.73,27.35,OK,22.99,22.92,OK,0,0,,0,0,,10.91,OK,11.1,OK,11.17,OK,11.38,OK,11.26,OK,11.36,OK,11.3,OK,0,,0,,10.66,OK,10.75,OK,10.97,OK,10.89,OK,10.97,OK,10.94,OK,11.02,OK,0,,0,,,,82.73,OK,,,,83.19,OK,,,,156.81,OK,,,,157.12,OK,,,,36.62,OK,,,,36.86,OK,,,,,,,,,,,,,,,,,
2406150680D,ATKINSON 3.8 OCV,DM5P6,2024-06-15 15:26:42,18.994,25.68,OK,26.38,25.97,OK,24.04,24,OK,22.51,22.19,OK,23.51,23.44,OK,24.58,24.25,OK,23.97,23.86,OK,23.6,23.55,OK,0,0,,0,0,,2.29,OK,2.77,OK,2.69,OK,2.69,OK,2.75,OK,2.6,OK,2.67,OK,0,,0,,0.73,OK,0.73,OK,0.76,OK,0.72,OK,0.75,OK,0.76,OK,0.76,OK,0,,0,,,,83.19,OK,,,,83.84,OK,,,,157.25,OK,,,,156.89,OK,,,,37.7,OK,,,,37.64,OK,,,,,,,,,,,,,,,,,
2406150681D,ATKINSON 3.8 OCV,DM2P4,2024-06-15 15:27:37,18.998,24.88,OK,25.52,25.47,OK,24.38,24.26,OK,24.68,24.36,OK,24.87,24.77,OK,24.46,24.46,OK,24.22,24.17,OK,25.91,25.81,OK,0,0,,0,0,,10.82,OK,10.85,OK,10.84,OK,10.84,OK,10.77,OK,10.86,OK,10.9,OK,0,,0,,9.82,OK,9.99,OK,9.89,OK,9.87,OK,9.82,OK,9.91,OK,9.86,OK,0,,0,,,,82.22,OK,,,,82.71,OK,,,,157.65,OK,,,,157.82,OK,,,,37.49,OK,,,,37.55,OK,,,,,,,,,,,,,,,,,
2406150682D,ATKINSON 3.8 OCV,DM3P3,2024-06-15 15:28:32,18.997,25.57,OK,25.49,25.4,OK,25.03,24.36,OK,23.71,23.52,OK,23.85,23.22,OK,24.71,24.43,OK,25.12,24.84,OK,24.15,23.5,OK,0,0,,0,0,,11.63,OK,11.76,OK,11.64,OK,11.68,OK,11.75,OK,11.74,OK,11.64,OK,0,,0,,12.78,OK,12.85,OK,12.69,OK,12.91,OK,12.76,OK,12.76,OK,12.8,OK,0,,0,,,,82.62,OK,,,,82.01,OK,,,,157.32,OK,,,,157.46,OK,,,,37.04,OK,,,,37.28,OK,,,,,,,,,,,,,,,,,
2406150684D,ATKINSON 3.8 OCV,DM1P9,2024-06-15 15:29:31,18.993,24.56,OK,23.84,23.62,OK,26.27,26.14,OK,23.46,23.32,OK,25.1,25.08,OK,26.65,26.5,OK,26.25,26.11,OK,23.68,23.62,OK,0,0,,0,0,,10.97,OK,11.12,OK,11.15,OK,11.21,OK,11.33,OK,11.32,OK,11.47,OK,0,,0,,10.77,OK,10.91,OK,10.93,OK,10.87,OK,10.95,OK,10.81,OK,10.88,OK,0,,0,,,,82.56,OK,,,,83.11,OK,,,,157.12,OK,,,,157.38,OK,,,,37.18,OK,,,,36.97,OK,,,,,,,,,,,,,,,,,
2406150683D,ATKINSON 3.8 OCV,DM4P2,2024-06-15 15:30:26,18.984,26.23,OK,24.1,23.99,OK,22.94,22.87,OK,23.13,22.92,OK,23.89,23.48,OK,23.87,23.62,OK,23.55,23.1,OK,23.68,23.2,OK,0,0,,0,0,,12.51,OK,12.38,OK,12.57,OK,12.77,OK,12.71,OK,12.6,OK,12.68,OK,0,,0,,8.85,OK,9.59,OK,9.81,OK,9.87,OK,10.01,OK,10.01,OK,9.9,OK,0,,0,,,,81.84,OK,,,,82.18,OK,,,,157.29,OK,,,,157.63,OK,,,,37.49,OK,,,,37.25,OK,,,,,,,,,,,,,,,,,
2406150685D,ATKINSON 3.8 OCV,DM5P8,2024-06-15 15:31:24,18.989,24,OK,24.97,24.74,OK,24.2,24.04,OK,24.2,23.62,OK,23.69,23.6,OK,24.58,24.55,OK,23.55,23.46,OK,22.9,22.86,OK,0,0,,0,0,,2.26,OK,2.72,OK,2.67,OK,2.71,OK,2.67,OK,2.73,OK,2.67,OK,0,,0,,0.81,OK,0.71,OK,0.75,OK,0.76,OK,0.73,OK,0.73,OK,0.74,OK,0,,0,,,,82.36,OK,,,,82.76,OK,,,,157.42,OK,,,,158.16,OK,,,,37.54,OK,,,,37.06,OK,,,,,,,,,,,,,,,,,
2406150686D,ATKINSON 3.8 OCV,DM2P5,2024-06-15 15:32:20,18.982,24.31,OK,28.43,28.43,OK,23.68,23.61,OK,25.04,24.8,OK,24.99,24.94,OK,25.96,25.91,OK,24.29,24.26,OK,25.18,25.14,OK,0,0,,0,0,,11.13,OK,11.27,OK,10.76,OK,10.88,OK,10.85,OK,10.86,OK,10.84,OK,0,,0,,9.9,OK,10.13,OK,10.01,OK,9.89,OK,9.92,OK,9.91,OK,9.96,OK,0,,0,,,,82.64,OK,,,,81.81,OK,,,,158.13,OK,,,,158.29,OK,,,,38.2,OK,,,,38.2,OK,,,,,,,,,,,,,,,,,
2406150687D,ATKINSON 3.8 OCV,DM3P7,2024-06-15 15:33:15,18.989,24.58,OK,25.87,25.82,OK,24.84,24.1,OK,23.71,23.29,OK,24.1,23.64,OK,24.87,24.8,OK,24.75,24.45,OK,23.29,22.57,OK,0,0,,0,0,,11.63,OK,11.76,OK,11.72,OK,11.76,OK,11.64,OK,11.92,OK,11.81,OK,0,,0,,12.81,OK,12.84,OK,12.83,OK,12.82,OK,12.78,OK,12.92,OK,12.81,OK,0,,0,,,,83.06,OK,,,,83.03,OK,,,,157.86,OK,,,,157.18,OK,,,,37.24,OK,,,,37.6,OK,,,,,,,,,,,,,,,,,
2406150688D,ATKINSON 3.8 OCV,DM1P6,2024-06-15 15:34:13,18.998,23.87,OK,25.19,25.01,OK,25.8,25.71,OK,24.61,24.4,OK,25.17,25.03,OK,27.53,27.35,OK,26.65,26.43,OK,24.02,24,OK,0,0,,0,0,,10.96,OK,11.2,OK,11.15,OK,11.18,OK,11.26,OK,11.32,OK,11.23,OK,0,,0,,10.73,OK,10.95,OK,10.91,OK,10.92,OK,10.93,OK,10.96,OK,10.97,OK,0,,0,,,,83.35,OK,,,,83.6,OK,,,,156.86,OK,,,,156.74,OK,,,,37.01,OK,,,,37.57,OK,,,,,,,,,,,,,,,,,
2406150689D,ATKINSON 3.8 OCV,DM4P1,2024-06-15 15:35:09,18.986,23.82,OK,25.05,25.01,OK,24.29,24.15,OK,25.49,25.31,OK,24.54,24.2,OK,24.61,24.26,OK,25.61,25.4,OK,23.66,23.48,OK,0,0,,0,0,,12.44,OK,12.54,OK,12.57,OK,12.62,OK,12.69,OK,12.72,OK,12.57,OK,0,,0,,9.13,OK,9.58,OK,9.84,OK,9.88,OK,10.03,OK,9.81,OK,9.38,OK,0,,0,,,,82.02,OK,,,,82.47,OK,,,,157.54,OK,,,,157.76,OK,,,,37.26,OK,,,,37.66,OK,,,,,,,,,,,,,,,,,
2406150690D,ATKINSON 3.8 OCV,DM5P4,2024-06-15 15:36:07,18.989,24.92,OK,27.75,27.08,OK,26.43,26.29,OK,23.48,23,OK,24.34,24.3,OK,24.41,24.37,OK,24.6,24.44,OK,24,23.88,OK,0,0,,0,0,,2.32,OK,2.76,OK,2.7,OK,2.71,OK,2.76,OK,2.75,OK,2.67,OK,0,,0,,0.79,OK,0.74,OK,0.72,OK,0.77,OK,0.76,OK,0.79,OK,0.82,OK,0,,0,,,,82.82,OK,,,,81.99,OK,,,,157.16,OK,,,,157.85,OK,,,,37.15,OK,,,,37.22,OK,,,,,,,,,,,,,,,,,
2406150691D,ATKINSON 3.8 OCV,DM2P3,2024-06-15 15:37:02,18.989,24.6,OK,25.52,25.38,OK,23.97,23.9,OK,24.24,24,OK,25.45,25.31,OK,25.55,25.47,OK,24.77,24.72,OK,24.05,24,OK,0,0,,0,0,,10.84,OK,10.85,OK,10.84,OK,10.85,OK,10.88,OK,10.86,OK,10.86,OK,0,,0,,9.76,OK,9.85,OK,9.79,OK,9.8,OK,9.83,OK,9.87,OK,9.88,OK,0,,0,,,,82.85,OK,,,,82.51,OK,,,,157.82,OK,,,,157.91,OK,,,,37.63,OK,,,,37.9,OK,,,,,,,,,,,,,,,,,
2406150692D,ATKINSON 3.8 OCV,DM3P2,2024-06-15 15:38:01,18.982,23.93,OK,24.08,23.99,OK,24.87,24.26,OK,23.82,23.71,OK,24.17,23.66,OK,25.26,25.15,OK,23.75,23.64,OK,24.29,23.75,OK,0,0,,0,0,,11.45,OK,11.63,OK,11.78,OK,11.78,OK,11.81,OK,11.79,OK,11.81,OK,0,,0,,12.95,OK,12.62,OK,12.81,OK,12.86,OK,12.66,OK,12.6,OK,12.92,OK,0,,0,,,,81.68,OK,,,,82,OK,,,,157.53,OK,,,,157.61,OK,,,,37.5,OK,,,,37.47,OK,,,,,,,,,,,,,,,,,
2406150693D,ATKINSON 3.8 OCV,DM1P9,2024-06-15 15:38:56,18.989,25.47,OK,26.14,25.93,OK,23.01,22.92,OK,22.78,22.58,OK,24.76,24.56,OK,26.54,26.38,OK,25.62,25.46,OK,23.91,23.8,OK,0,0,,0,0,,11.02,OK,11.18,OK,11.16,OK,11.16,OK,11.33,OK,11.34,OK,11.28,OK,0,,0,,10.72,OK,10.75,OK,10.87,OK,10.93,OK,10.83,OK,10.89,OK,10.84,OK,0,,0,,,,82.26,OK,,,,82.33,OK,,,,157.42,OK,,,,157.57,OK,,,,37.87,OK,,,,37.3,OK,,,,,,,,,,,,,,,,,
2406150694D,ATKINSON 3.8 OCV,DM4P8,2024-06-15 15:39:51,18.986,24.1,OK,26.45,26.35,OK,25.42,25.12,OK,24.22,23.75,OK,25.45,25.17,OK,25.73,25.42,OK,24.82,24.4,OK,24.59,24.52,OK,0,0,,0,0,,12.78,OK,12.63,OK,12.6,OK,12.6,OK,12.72,OK,12.73,OK,12.7,OK,0,,0,,9.32,OK,9.83,OK,9.97,OK,10.06,OK,10.25,OK,10.12,OK,10.12,OK,0,,0,,,,81.43,OK,,,,81.92,OK,,,,158.45,OK,,,,157.86,OK,,,,37.32,OK,,,,37.71,OK,,,,,,,,,,,,,,,,,
2406150695D,ATKINSON 3.8 OCV,DM5P5,2024-06-15 15:40:50,18.998,24.11,OK,24.99,24.74,OK,25.29,25.25,OK,23.9,23.53,OK,25.25,25.25,OK,25.48,25.41,OK,24.02,24,OK,24.46,24.41,OK,0,0,,0,0,,2.32,OK,2.78,OK,2.7,OK,2.67,OK,2.73,OK,2.74,OK,2.69,OK,0,,0,,0.77,OK,0.73,OK,0.78,OK,0.74,OK,0.73,OK,0.83,OK,0.83,OK,0,,0,,,,82.97,OK,,,,81.94,OK,,,,157.19,OK,,,,158.1,OK,,,,37.41,OK,,,,37.92,OK,,,,,,,,,,,,,,,,,
2406150696D,ATKINSON 3.8 OCV,DM2P7,2024-06-15 15:41:48,18.998,24.1,OK,26.13,26.1,OK,25.47,25.45,OK,25.4,25.21,OK,25.23,25.18,OK,25.01,24.99,OK,24.38,24.31,OK,25.96,25.96,OK,0,0,,0,0,,10.86,OK,10.86,OK,10.84,OK,10.86,OK,10.86,OK,10.87,OK,10.86,OK,0,,0,,9.78,OK,9.94,OK,9.86,OK,9.89,OK,9.92,OK,9.98,OK,9.97,OK,0,,0,,,,82.66,OK,,,,82.74,OK,,,,158.77,OK,,,,157.7,OK,,,,37.81,OK,,,,38.31,OK,,,,,,,,,,,,,,,,,
2406150697D,ATKINSON 3.8 OCV,DM3P6,2024-06-15 15:42:44,18.998,24.1,OK,26.03,25.94,OK,24.29,23.75,OK,22.69,22.27,OK,24.2,24.06,OK,24.2,24.06,OK,23.13,22.59,OK,24.38,24.08,OK,0,0,,0,0,,11.45,OK,11.47,OK,11.73,OK,11.73,OK,11.72,OK,11.75,OK,11.75,OK,0,,0,,12.66,OK,12.8,OK,12.85,OK,12.66,OK,12.91,OK,12.88,OK,12.74,OK,0,,0,,,,82.39,OK,,,,82.4,OK,,,,157.13,OK,,,,156.89,OK,,,,37.44,OK,,,,37.66,OK,,,,,,,,,,,,,,,,,
2406150699D,ATKINSON 3.8 OCV,DM4P4,2024-06-15 15:43:39,18.985,23.56,OK,24.15,24.13,OK,23.89,23.75,OK,24.22,23.87,OK,23.41,22.9,OK,25.49,24.87,OK,24.57,24.36,OK,23.87,23.04,OK,0,0,,0,0,,12.45,OK,12.67,OK,12.8,OK,12.58,OK,12.72,OK,12.68,OK,12.77,OK,0,,0,,9.42,OK,9.9,OK,9.44,OK,9.94,OK,9.96,OK,10.19,OK,9.93,OK,0,,0,,,,81.68,OK,,,,81.85,OK,,,,157.89,OK,,,,157.72,OK,,,,37.72,OK,,,,37.98,OK,,,,,,,,,,,,,,,,,
2406150698D,ATKINSON 3.8 OCV,DM1P1,2024-06-15 15:44:37,18.984,23.58,OK,26.47,26.34,OK,23.62,23.59,OK,22.78,22.63,OK,24.43,24.34,OK,26.95,26.79,OK,26.41,26.2,OK,21.79,21.68,OK,0,0,,0,0,,10.96,OK,11.13,OK,11.13,OK,11.18,OK,11.3,OK,11.34,OK,11.2,OK,0,,0,,10.68,OK,10.76,OK,10.93,OK,10.96,OK,10.99,OK,10.84,OK,10.8,OK,0,,0,,,,82.43,OK,,,,82.82,OK,,,,156.74,OK,,,,157.08,OK,,,,36.91,OK,,,,37.18,OK,,,,,,,,,,,,,,,,,
2406150700D,ATKINSON 3.8 OCV,DM5P3,2024-06-15 15:45:33,18.99,25.27,OK,24.41,24.34,OK,26.08,25.85,OK,22.3,21.81,OK,24.9,24.37,OK,24.55,24.04,OK,23.81,23.58,OK,23.42,23.37,OK,0,0,,0,0,,2.28,OK,2.72,OK,2.71,OK,2.8,OK,2.67,OK,2.7,OK,2.62,OK,0,,0,,0.8,OK,0.7,OK,0.71,OK,0.75,OK,0.74,OK,0.69,OK,0.7,OK,0,,0,,,,82.82,OK,,,,82.02,OK,,,,157.22,OK,,,,158.1,OK,,,,37.1,OK,,,,37.89,OK,,,,,,,,,,,,,,,,,
2406150701D,ATKINSON 3.8 OCV,DM2P2,2024-06-15 15:46:34,18.994,25.2,OK,25.33,25.26,OK,22.86,22.83,OK,23.85,23.63,OK,24.7,24.7,OK,24.34,24.31,OK,23.59,23.49,OK,23.27,23.22,OK,0,0,,0,0,,10.85,OK,10.85,OK,10.85,OK,10.86,OK,10.86,OK,10.85,OK,10.86,OK,0,,0,,9.84,OK,9.86,OK,9.95,OK,9.98,OK,9.83,OK,9.84,OK,9.87,OK,0,,0,,,,82.04,OK,,,,82.47,OK,,,,157.6,OK,,,,157.72,OK,,,,37.87,OK,,,,37.71,OK,,,,,,,,,,,,,,,,,
2406150703D,ATKINSON 3.8 OCV,DM1P8,2024-06-15 15:47:30,18.987,24.71,OK,25.19,25.06,OK,22.56,22.47,OK,22.33,22.11,OK,23.93,23.77,OK,26.72,26.47,OK,25.15,25.01,OK,22.94,22.85,OK,0,0,,0,0,,11.05,OK,11.12,OK,11.17,OK,11.17,OK,11.31,OK,11.35,OK,11.3,OK,0,,0,,10.66,OK,10.7,OK,10.89,OK,10.83,OK,10.93,OK,10.86,OK,10.84,OK,0,,0,,,,82.12,OK,,,,82.3,OK,,,,157.17,OK,,,,157.51,OK,,,,36.79,OK,,,,37.18,OK,,,,,,,,,,,,,,,,,
2406150702D,ATKINSON 3.8 OCV,DM3P9,2024-06-15 15:48:28,18.998,25.36,OK,26.82,26.75,OK,24.33,23.55,OK,23.04,22.78,OK,24.94,24.54,OK,23.71,23.62,OK,23.45,23.06,OK,24.13,23.66,OK,0,0,,0,0,,11.46,OK,11.7,OK,11.73,OK,11.79,OK,11.79,OK,11.77,OK,11.8,OK,0,,0,,12.62,OK,12.8,OK,12.87,OK,12.6,OK,12.61,OK,12.75,OK,12.75,OK,0,,0,,,,81.71,OK,,,,81.91,OK,,,,158.01,OK,,,,158.34,OK,,,,38.65,OK,,,,38.37,OK,,,,,,,,,,,,,,,,,
2406150704D,ATKINSON 3.8 OCV,DM4P5,2024-06-15 15:49:27,18.983,24.7,OK,24.71,24.66,OK,23.85,23.73,OK,23.41,23.08,OK,25.26,24.84,OK,24.22,23.55,OK,24.08,23.96,OK,24.52,23.89,OK,0,0,,0,0,,12.39,OK,12.71,OK,12.63,OK,12.76,OK,12.69,OK,12.74,OK,12.62,OK,0,,0,,9.49,OK,9.8,OK,9.99,OK,10,OK,10.15,OK,10.04,OK,9.95,OK,0,,0,,,,81.74,OK,,,,81.82,OK,,,,157.72,OK,,,,157.88,OK,,,,37.84,OK,,,,37.78,OK,,,,,,,,,,,,,,,,,
2406150705D,ATKINSON 3.8 OCV,DM5P7,2024-06-15 15:50:22,18.984,23.83,OK,23.72,23.67,OK,25.39,25.02,OK,24.13,23.69,OK,24.99,24.88,OK,23.95,23.83,OK,23.95,23.83,OK,22.67,22.63,OK,0,0,,0,0,,2.25,OK,2.69,OK,2.8,OK,2.77,OK,2.66,OK,2.69,OK,2.66,OK,0,,0,,0.81,OK,0.73,OK,0.7,OK,0.74,OK,0.75,OK,0.72,OK,0.67,OK,0,,0,,,,83.14,OK,,,,82.55,OK,,,,158.29,OK,,,,156.82,OK,,,,37.02,OK,,,,37.95,OK,,,,,,,,,,,,,,,,,
2406150706D,ATKINSON 3.8 OCV,DM2P6,2024-06-15 15:51:20,18.982,24.11,OK,26.18,26.13,OK,23.13,22.93,OK,23.49,23.37,OK,24.19,24.17,OK,24.7,24.6,OK,25.16,25.06,OK,23.97,23.95,OK,0,0,,0,0,,10.87,OK,10.85,OK,10.84,OK,10.85,OK,10.88,OK,10.84,OK,10.86,OK,0,,0,,9.82,OK,9.86,OK,9.96,OK,9.83,OK,9.8,OK,9.98,OK,9.97,OK,0,,0,,,,83.16,OK,,,,82.79,OK,,,,157.47,OK,,,,156.97,OK,,,,37.47,OK,,,,38.11,OK,,,,,,,,,,,,,,,,,
2406150707D,ATKINSON 3.8 OCV,DM3P1,2024-06-15 15:52:19,18.995,24.38,OK,24.59,24.57,OK,25.19,24.75,OK,24.2,23.94,OK,23.55,22.99,OK,23.92,23.87,OK,24.13,24.01,OK,24.22,24.06,OK,0,0,,0,0,,11.63,OK,11.69,OK,11.76,OK,11.78,OK,11.8,OK,11.8,OK,11.79,OK,0,,0,,12.78,OK,12.8,OK,12.85,OK,12.54,OK,12.58,OK,12.66,OK,12.92,OK,0,,0,,,,82.37,OK,,,,82.44,OK,,,,157.16,OK,,,,157.6,OK,,,,37.14,OK,,,,37.31,OK,,,,,,,,,,,,,,,,,
2406150708D,ATKINSON 3.8 OCV,DM1P4,2024-06-15 15:53:14,18.996,24.73,OK,24.74,24.63,OK,24.63,24.54,OK,24.27,24.02,OK,25.03,24.94,OK,26.92,26.74,OK,26.68,26.5,OK,23.64,23.39,OK,0,0,,0,0,,11,OK,11.14,OK,11.19,OK,11.22,OK,11.34,OK,11.28,OK,11.33,OK,0,,0,,10.77,OK,10.87,OK,10.94,OK,10.91,OK,10.96,OK,10.87,OK,10.87,OK,0,,0,,,,81.98,OK,,,,82.5,OK,,,,157.14,OK,,,,156.87,OK,,,,36.97,OK,,,,37.24,OK,,,,,,,,,,,,,,,,,
2406150711D,ATKINSON 3.8 OCV,DM2P9,2024-06-15 15:54:16,18.997,24.78,OK,26.2,26.13,OK,23.61,23.42,OK,24.14,23.8,OK,25.45,25.43,OK,25.52,25.5,OK,23.46,23.42,OK,24.09,24.07,OK,0,0,,0,0,,10.87,OK,10.84,OK,10.87,OK,10.86,OK,10.83,OK,10.86,OK,10.84,OK,0,,0,,9.81,OK,9.95,OK,9.85,OK,9.86,OK,9.84,OK,9.95,OK,9.88,OK,0,,0,,,,82.13,OK,,,,82.6,OK,,,,158.16,OK,,,,158.21,OK,,,,38.41,OK,,,,37.91,OK,,,,,,,,,,,,,,,,,
2406150712D,ATKINSON 3.8 OCV,DM3P8,2024-06-15 15:55:11,18.984,23.82,OK,27.03,26.98,OK,26.26,25.59,OK,23.64,23.5,OK,24.01,23.71,OK,24.01,23.89,OK,24.82,24.71,OK,24.57,24.29,OK,0,0,,0,0,,11.5,OK,11.76,OK,11.76,OK,11.79,OK,11.79,OK,11.79,OK,11.75,OK,0,,0,,12.74,OK,12.82,OK,12.82,OK,12.85,OK,12.83,OK,12.79,OK,12.79,OK,0,,0,,,,81.46,OK,,,,81.61,OK,,,,157.73,OK,,,,157.73,OK,,,,37.22,OK,,,,37.65,OK,,,,,,,,,,,,,,,,,
2406150709D,ATKINSON 3.8 OCV,DM4P3,2024-06-15 15:56:06,18.998,24.1,OK,25.59,25.45,OK,25.08,24.64,OK,24.52,24.03,OK,25.77,25.05,OK,25.56,25.17,OK,24.13,23.62,OK,26.12,25.77,OK,0,0,,0,0,,12.62,OK,12.58,OK,12.68,OK,12.61,OK,12.68,OK,12.69,OK,12.69,OK,0,,0,,9.42,OK,9.85,OK,9.96,OK,10.04,OK,10.04,OK,10.07,OK,9.98,OK,0,,0,,,,82.32,OK,,,,81.69,OK,,,,158.18,OK,,,,158.14,OK,,,,37.68,OK,,,,37.86,OK,,,,,,,,,,,,,,,,,
2406150710D,ATKINSON 3.8 OCV,DM5P2,2024-06-15 15:57:05,18.998,24.1,OK,27.78,27.5,OK,25.18,25.13,OK,23.93,23.6,OK,23.76,23.72,OK,24.58,24.25,OK,23.76,23.74,OK,24.32,24.23,OK,0,0,,0,0,,2.28,OK,2.73,OK,2.68,OK,2.64,OK,2.7,OK,2.71,OK,2.67,OK,0,,0,,0.8,OK,0.7,OK,0.8,OK,0.79,OK,0.78,OK,0.84,OK,0.85,OK,0,,0,,,,81.59,OK,,,,81.9,OK,,,,158.18,OK,,,,157.91,OK,,,,37.41,OK,,,,37.79,OK,,,,,,,,,,,,,,,,,
2406150713D,ATKINSON 3.8 OCV,DM1P5,2024-06-15 15:58:00,18.992,26.38,OK,24.7,24.47,OK,23.55,23.53,OK,23.32,22.96,OK,24.49,24.27,OK,25.89,25.75,OK,26.09,25.91,OK,25.21,25.1,OK,0,0,,0,0,,11.05,OK,11.16,OK,11.34,OK,10.99,OK,11.28,OK,11.37,OK,11.33,OK,0,,0,,10.65,OK,10.75,OK,10.59,OK,10.84,OK,10.85,OK,10.89,OK,10.93,OK,0,,0,,,,82.08,OK,,,,81.83,OK,,,,157.3,OK,,,,157.67,OK,,,,37.67,OK,,,,37.57,OK,,,,,,,,,,,,,,,,,
2406150714D,ATKINSON 3.8 OCV,DM2P7,2024-06-15 15:58:59,18.987,24.48,OK,25.33,25.26,OK,23.46,23.44,OK,23.85,23.49,OK,24.48,24.43,OK,24.94,24.92,OK,23.76,23.71,OK,24.58,24.51,OK,0,0,,0,0,,10.8,OK,10.76,OK,11.27,OK,10.87,OK,10.85,OK,10.85,OK,10.86,OK,0,,0,,9.76,OK,10.02,OK,9.98,OK,9.82,OK,9.8,OK,9.84,OK,9.81,OK,0,,0,,,,82.47,OK,,,,81.9,OK,,,,158.52,OK,,,,157.93,OK,,,,37.75,OK,,,,37.84,OK,,,,,,,,,,,,,,,,,
2406150715D,ATKINSON 3.8 OCV,DM3P6,2024-06-15 15:59:54,18.998,24.17,OK,26.14,26,OK,26.12,25.49,OK,24.75,24.57,OK,23.43,23.04,OK,24.82,24.73,OK,24.43,24.03,OK,24.52,24.17,OK,0,0,,0,0,,11.4,OK,11.74,OK,11.7,OK,11.72,OK,11.78,OK,11.95,OK,11.98,OK,0,,0,,12.8,OK,12.8,OK,12.84,OK,12.81,OK,12.85,OK,12.85,OK,12.84,OK,0,,0,,,,82.36,OK,,,,82.37,OK,,,,157.14,OK,,,,157.32,OK,,,,37.6,OK,,,,38,OK,,,,,,,,,,,,,,,,,
2406150716D,ATKINSON 3.8 OCV,DM4P1,2024-06-15 16:00:49,18.99,23.3,OK,24.71,24.59,OK,24.17,23.96,OK,24.52,24.17,OK,25.49,25.15,OK,24.98,24.31,OK,24.82,24.52,OK,24.84,24.45,OK,0,0,,0,0,,12.49,OK,12.42,OK,12.47,OK,12.79,OK,12.69,OK,12.61,OK,12.71,OK,0,,0,,9.37,OK,9.47,OK,9.87,OK,9.59,OK,9.89,OK,10.12,OK,10.07,OK,0,,0,,,,81.75,OK,,,,81.78,OK,,,,157.72,OK,,,,157.95,OK,,,,37.92,OK,,,,37.96,OK,,,,,,,,,,,,,,,,,
2406150717D,ATKINSON 3.8 OCV,DM5P4,2024-06-15 16:01:48,18.999,25.9,OK,25.62,25.48,OK,24.74,24.55,OK,23.21,22.65,OK,25.09,24.85,OK,24.02,23.79,OK,23.58,23.55,OK,23.67,23.6,OK,0,0,,0,0,,2.39,OK,2.79,OK,2.7,OK,2.66,OK,2.72,OK,2.68,OK,2.68,OK,0,,0,,0.74,OK,0.72,OK,0.72,OK,0.74,OK,0.72,OK,0.8,OK,0.77,OK,0,,0,,,,81.45,OK,,,,81.68,OK,,,,157.58,OK,,,,158.4,OK,,,,37.57,OK,,,,37.53,OK,,,,,,,,,,,,,,,,,
2406150718D,ATKINSON 3.8 OCV,DM1P9,2024-06-15 16:02:43,18.994,24.96,OK,24.54,24.45,OK,23.98,23.93,OK,22.18,21.91,OK,24.81,24.72,OK,26.07,25.91,OK,25.39,25.17,OK,22.38,22.24,OK,0,0,,0,0,,11.03,OK,11.19,OK,11.22,OK,11.18,OK,11.33,OK,11.43,OK,11.46,OK,0,,0,,10.6,OK,10.52,OK,10.61,OK,10.6,OK,10.8,OK,10.76,OK,10.84,OK,0,,0,,,,82.01,OK,,,,82.25,OK,,,,157.55,OK,,,,157.57,OK,,,,37.55,OK,,,,37.21,OK,,,,,,,,,,,,,,,,,
2406150719D,ATKINSON 3.8 OCV,DM2P8,2024-06-15 16:03:38,18.994,24.96,OK,28.09,28.04,OK,23.39,23.27,OK,23.66,23.51,OK,24.75,24.72,OK,24.85,24.8,OK,24.41,24.34,OK,24.75,24.7,OK,0,0,,0,0,,10.81,OK,11.37,OK,11.45,OK,11.14,OK,10.86,OK,10.87,OK,10.87,OK,0,,0,,9.84,OK,9.84,OK,10,OK,9.85,OK,9.97,OK,9.99,OK,9.92,OK,0,,0,,,,81.5,OK,,,,81.47,OK,,,,158.42,OK,,,,158.64,OK,,,,38.21,OK,,,,38.44,OK,,,,,,,,,,,,,,,,,
2406150720D,ATKINSON 3.8 OCV,DM3P3,2024-06-15 16:04:37,18.992,24.92,OK,26,25.94,OK,24.71,23.66,OK,23.96,23.59,OK,23.57,23.22,OK,24.96,24.8,OK,24.98,24.57,OK,23.85,23.2,OK,0,0,,0,0,,11.61,OK,11.77,OK,11.74,OK,11.67,OK,11.65,OK,11.88,OK,11.96,OK,0,,0,,12.78,OK,12.85,OK,12.72,OK,12.59,OK,12.85,OK,12.91,OK,12.9,OK,0,,0,,,,82.26,OK,,,,81.83,OK,,,,158.05,OK,,,,157.99,OK,,,,37.96,OK,,,,37.95,OK,,,,,,,,,,,,,,,,,
2406150721D,ATKINSON 3.8 OCV,DM4P2,2024-06-15 16:05:32,18.985,25.71,OK,26.03,25.91,OK,24.29,24.17,OK,23.24,23.13,OK,23.92,23.78,OK,24.78,24.1,OK,24.52,24.36,OK,24.24,23.89,OK,0,0,,0,0,,12.47,OK,12.24,OK,12.45,OK,12.77,OK,12.77,OK,12.62,OK,12.7,OK,0,,0,,9.02,OK,9.76,OK,9.77,OK,9.92,OK,10.16,OK,10.1,OK,10.13,OK,0,,0,,,,81.87,OK,,,,82.23,OK,,,,157.29,OK,,,,157.53,OK,,,,37.51,OK,,,,37.41,OK,,,,,,,,,,,,,,,,,
2406150722D,ATKINSON 3.8 OCV,DM5P5,2024-06-15 16:06:34,18.985,25.71,OK,26.62,26.32,OK,24,23.9,OK,23.32,22.97,OK,23.16,23.07,OK,24.92,24.85,OK,23.67,23.6,OK,23.86,23.81,OK,0,0,,0,0,,2.27,OK,2.73,OK,2.71,OK,2.64,OK,2.68,OK,2.78,OK,2.67,OK,0,,0,,0.77,OK,0.69,OK,0.73,OK,0.74,OK,0.73,OK,0.79,OK,0.78,OK,0,,0,,,,82.7,OK,,,,81.64,OK,,,,158.55,OK,,,,157.89,OK,,,,37.77,OK,,,,38.31,OK,,,,,,,,,,,,,,,,,
2406150723D,ATKINSON 3.8 OCV,DM1P7,2024-06-15 16:07:32,18.989,24.01,OK,24.16,24.09,OK,23.12,23.03,OK,23.26,22.94,OK,24.04,23.73,OK,25.75,25.64,OK,24.97,24.74,OK,24.79,24.61,OK,0,0,,0,0,,10.95,OK,11.18,OK,11.21,OK,11.2,OK,11.37,OK,11.22,OK,11.35,OK,0,,0,,10.53,OK,10.64,OK,10.57,OK,10.57,OK,10.95,OK,10.31,OK,10.85,OK,0,,0,,,,83.03,OK,,,,83.37,OK,,,,157.77,OK,,,,158.57,OK,,,,36.9,OK,,,,37.05,OK,,,,,,,,,,,,,,,,,
2406150724D,ATKINSON 3.8 OCV,DM2P6,2024-06-15 16:08:27,18.984,25.32,OK,25.23,25.16,OK,24.05,23.95,OK,25.64,25.38,OK,25.06,25.01,OK,24.43,24.38,OK,23.22,23.17,OK,25.01,24.94,OK,0,0,,0,0,,11.14,OK,10.97,OK,11.1,OK,10.86,OK,10.86,OK,10.85,OK,10.84,OK,0,,0,,9.76,OK,9.8,OK,9.96,OK,9.87,OK,9.97,OK,9.96,OK,10.01,OK,0,,0,,,,83.27,OK,,,,83.3,OK,,,,157.1,OK,,,,157.14,OK,,,,37.14,OK,,,,37.43,OK,,,,,,,,,,,,,,,,,
2406150725D,ATKINSON 3.8 OCV,DM3P1,2024-06-15 16:09:26,18.996,24.9,OK,27.03,26.89,OK,24.36,23.68,OK,23.17,22.87,OK,23.43,22.85,OK,24.8,24.36,OK,24.64,24.31,OK,24.57,24.1,OK,0,0,,0,0,,11.67,OK,11.77,OK,11.69,OK,11.81,OK,11.76,OK,11.92,OK,11.97,OK,0,,0,,12.79,OK,12.8,OK,12.91,OK,12.64,OK,12.86,OK,12.88,OK,12.9,OK,0,,0,,,,82.67,OK,,,,82.66,OK,,,,157.05,OK,,,,157.31,OK,,,,37.17,OK,,,,37.48,OK,,,,,,,,,,,,,,,,,
2406150726D,ATKINSON 3.8 OCV,DM4P4,2024-06-15 16:10:24,18.984,25.83,OK,27,26.93,OK,24.2,24.1,OK,22.97,22.59,OK,24.87,24.45,OK,24.89,24.64,OK,24.5,24.29,OK,24.84,24.57,OK,0,0,,0,0,,12.46,OK,12.56,OK,12.46,OK,12.69,OK,12.7,OK,12.64,OK,12.7,OK,0,,0,,9.33,OK,9.49,OK,9.57,OK,9.7,OK,10.09,OK,10.07,OK,10.1,OK,0,,0,,,,81.95,OK,,,,82.26,OK,,,,157.5,OK,,,,157.21,OK,,,,37.22,OK,,,,37.48,OK,,,,,,,,,,,,,,,,,
2406150727D,ATKINSON 3.8 OCV,DM5P9,2024-06-15 16:11:20,18.984,25.83,OK,27.85,27.17,OK,26.69,26.69,OK,23.88,23.48,OK,25.27,25.2,OK,25.2,24.74,OK,25.16,25.02,OK,23.79,23.69,OK,0,0,,0,0,,2.31,OK,2.77,OK,2.72,OK,2.69,OK,2.75,OK,2.68,OK,2.72,OK,0,,0,,0.83,OK,0.75,OK,0.79,OK,0.77,OK,0.74,OK,0.85,OK,0.84,OK,0,,0,,,,82.13,OK,,,,82.12,OK,,,,157.3,OK,,,,158.23,OK,,,,38.17,OK,,,,36.74,OK,,,,,,,,,,,,,,,,,
2406150728D,ATKINSON 3.8 OCV,DM1P8,2024-06-15 16:12:18,18.989,25.06,OK,25.19,25.01,OK,24.13,24.07,OK,22.72,22.33,OK,24.27,24.07,OK,25.71,25.48,OK,24.81,24.58,OK,24.61,24.52,OK,0,0,,0,0,,11,OK,11.22,OK,11.23,OK,11.15,OK,11.29,OK,11.48,OK,11.43,OK,0,,0,,10.6,OK,10.74,OK,10.58,OK,10.69,OK,10.84,OK,10.75,OK,10.77,OK,0,,0,,,,82.67,OK,,,,82.89,OK,,,,156.73,OK,,,,156.61,OK,,,,36.31,OK,,,,36.43,OK,,,,,,,,,,,,,,,,,
2406150729D,ATKINSON 3.8 OCV,DM2P3,2024-06-15 16:13:13,18.998,23.52,OK,26.08,25.98,OK,24.05,23.97,OK,24.92,24.51,OK,26.27,26.13,OK,25.5,25.47,OK,24.46,24.43,OK,24.75,24.65,OK,0,0,,0,0,,11.12,OK,11.2,OK,11.09,OK,10.96,OK,10.83,OK,10.88,OK,10.84,OK,0,,0,,9.85,OK,9.83,OK,10.06,OK,9.97,OK,9.99,OK,10.01,OK,9.97,OK,0,,0,,,,82.99,OK,,,,82.36,OK,,,,157.7,OK,,,,157.82,OK,,,,37.73,OK,,,,37.98,OK,,,,,,,,,,,,,,,,,
2406150730D,ATKINSON 3.8 OCV,DM3P2,2024-06-15 16:14:12,18.999,25.95,OK,26.56,26.49,OK,25.66,25.38,OK,22.94,22.78,OK,24.1,23.96,OK,24.38,24.31,OK,24.61,24.43,OK,24.66,24.43,OK,0,0,,0,0,,11.65,OK,11.74,OK,11.65,OK,11.73,OK,11.8,OK,11.71,OK,11.67,OK,0,,0,,12.81,OK,12.84,OK,12.74,OK,12.68,OK,12.75,OK,12.75,OK,12.9,OK,0,,0,,,,82.17,OK,,,,82.49,OK,,,,156.76,OK,,,,157.06,OK,,,,37.3,OK,,,,37.28,OK,,,,,,,,,,,,,,,,,
2406150731D,ATKINSON 3.8 OCV,DM4P5,2024-06-15 16:15:07,18.991,25.03,OK,25.17,25.03,OK,23.64,23.52,OK,24.91,24.71,OK,24.47,24.01,OK,23.64,23.36,OK,24.06,23.94,OK,24.38,24.15,OK,0,0,,0,0,,12.44,OK,12.25,OK,12.5,OK,12.76,OK,12.72,OK,12.61,OK,12.72,OK,0,,0,,9.15,OK,9.63,OK,9.75,OK,9.73,OK,10.05,OK,10.04,OK,10.08,OK,0,,0,,,,82.3,OK,,,,82.03,OK,,,,157.68,OK,,,,157.5,OK,,,,37.45,OK,,,,37.48,OK,,,,,,,,,,,,,,,,,
2406150733D,ATKINSON 3.8 OCV,DM1P6,2024-06-15 16:16:02,18.984,25.15,OK,23.95,23.75,OK,23.39,23.28,OK,23.95,23.66,OK,25.33,25.08,OK,27.1,26.97,OK,25.37,25.3,OK,23.84,23.59,OK,0,0,,0,0,,11.04,OK,11.2,OK,11.11,OK,11.21,OK,11.22,OK,11.53,OK,11.28,OK,0,,0,,10.69,OK,10.75,OK,10.74,OK,10.82,OK,10.81,OK,10.76,OK,10.71,OK,0,,0,,,,83.37,OK,,,,83.37,OK,,,,156.52,OK,,,,156.5,OK,,,,36.73,OK,,,,37.13,OK,,,,,,,,,,,,,,,,,
2406150734D,ATKINSON 3.8 OCV,DM2P1,2024-06-15 16:17:01,18.992,25.11,OK,26.25,26.2,OK,23.78,23.56,OK,23.66,23.37,OK,23.66,23.66,OK,25.04,24.99,OK,23.27,23.27,OK,24.46,24.41,OK,0,0,,0,0,,11.02,OK,11.11,OK,10.82,OK,10.87,OK,10.85,OK,10.86,OK,10.83,OK,0,,0,,9.99,OK,9.87,OK,9.95,OK,9.99,OK,9.94,OK,9.93,OK,9.86,OK,0,,0,,,,82.45,OK,,,,82.75,OK,,,,157.64,OK,,,,157.94,OK,,,,37.34,OK,,,,37.46,OK,,,,,,,,,,,,,,,,,
2406150735D,ATKINSON 3.8 OCV,DM3P4,2024-06-15 16:17:56,18.998,25.91,OK,27.47,27.37,OK,25.33,24.43,OK,22.99,22.62,OK,23.64,23.36,OK,23.82,23.75,OK,24.17,24.03,OK,25.12,24.66,OK,0,0,,0,0,,11.66,OK,11.74,OK,11.73,OK,11.77,OK,11.8,OK,11.8,OK,11.78,OK,0,,0,,12.83,OK,12.85,OK,12.63,OK,12.78,OK,12.74,OK,12.62,OK,12.57,OK,0,,0,,,,81.97,OK,,,,82.02,OK,,,,157.32,OK,,,,157.64,OK,,,,37.5,OK,,,,37.58,OK,,,,,,,,,,,,,,,,,
2406150732D,ATKINSON 3.8 OCV,DM5P7,2024-06-15 16:18:51,18.99,25.2,OK,27.08,26.8,OK,26.06,25.94,OK,24.58,24.06,OK,24.9,24.85,OK,25.13,25.11,OK,25.02,24.92,OK,24.58,24.55,OK,0,0,,0,0,,2.29,OK,2.79,OK,2.69,OK,2.67,OK,2.71,OK,2.74,OK,2.68,OK,0,,0,,0.81,OK,0.76,OK,0.75,OK,0.77,OK,0.78,OK,0.83,OK,0.83,OK,0,,0,,,,83.69,OK,,,,82.36,OK,,,,156.66,OK,,,,157.55,OK,,,,36.73,OK,,,,37.63,OK,,,,,,,,,,,,,,,,,
2406150736D,ATKINSON 3.8 OCV,DM4P9,2024-06-15 16:19:50,18.99,24.15,OK,25.7,25.59,OK,23.99,23.92,OK,23.78,23.59,OK,24.8,24.2,OK,25.05,24.71,OK,24.68,24.43,OK,24.89,24.82,OK,0,0,,0,0,,12.53,OK,12.62,OK,12.73,OK,12.68,OK,12.65,OK,12.67,OK,12.72,OK,0,,0,,9.38,OK,9.86,OK,9.85,OK,9.87,OK,10.08,OK,10.05,OK,10.08,OK,0,,0,,,,81.5,OK,,,,81.82,OK,,,,158.22,OK,,,,158.33,OK,,,,38.25,OK,,,,37.69,OK,,,,,,,,,,,,,,,,,
2406150737D,ATKINSON 3.8 OCV,DM1P3,2024-06-15 16:20:48,18.997,25.3,OK,26.07,25.78,OK,23.82,23.59,OK,23.48,23.17,OK,26.54,26.27,OK,25.69,25.57,OK,25.87,25.78,OK,26.68,26.45,OK,0,0,,0,0,,10.97,OK,11.26,OK,11.15,OK,11.17,OK,11.23,OK,11.47,OK,11.32,OK,0,,0,,10.64,OK,10.66,OK,10.63,OK,10.68,OK,10.71,OK,10.78,OK,10.87,OK,0,,0,,,,83.19,OK,,,,83.05,OK,,,,157.06,OK,,,,157.02,OK,,,,36.52,OK,,,,36.92,OK,,,,,,,,,,,,,,,,,
2406150738D,ATKINSON 3.8 OCV,DM2P2,2024-06-15 16:21:44,18.997,25.3,OK,25.11,25.04,OK,23.27,23.13,OK,23.22,23,OK,24.82,24.8,OK,25.4,25.35,OK,23.39,23.29,OK,24.31,24.31,OK,0,0,,0,0,,11.03,OK,11.19,OK,11.12,OK,10.84,OK,10.86,OK,10.85,OK,10.86,OK,0,,0,,9.88,OK,9.97,OK,9.9,OK,9.96,OK,9.98,OK,9.98,OK,9.96,OK,0,,0,,,,82.21,OK,,,,82.12,OK,,,,157.6,OK,,,,157.76,OK,,,,37.93,OK,,,,37.91,OK,,,,,,,,,,,,,,,,,
2406150739D,ATKINSON 3.8 OCV,DM3P5,2024-06-15 16:22:39,18.982,25.32,OK,24.94,24.84,OK,24.66,24.03,OK,22.71,22.57,OK,23.73,23.5,OK,25.22,25.12,OK,24.73,24.52,OK,23.99,23.55,OK,0,0,,0,0,,11.46,OK,11.74,OK,11.71,OK,11.82,OK,11.75,OK,11.65,OK,11.74,OK,0,,0,,12.77,OK,12.84,OK,12.84,OK,12.82,OK,12.8,OK,12.83,OK,12.79,OK,0,,0,,,,82.3,OK,,,,81.99,OK,,,,157.26,OK,,,,157.52,OK,,,,37.25,OK,,,,37.32,OK,,,,,,,,,,,,,,,,,
2406150741D,ATKINSON 3.8 OCV,DM4P7,2024-06-15 16:23:34,18.994,24.25,OK,25.7,25.56,OK,24.64,24.54,OK,23.31,23.08,OK,24.8,24.57,OK,25.49,25.05,OK,24.52,24.26,OK,23.75,23.48,OK,0,0,,0,0,,12.58,OK,12.77,OK,12.6,OK,12.61,OK,12.64,OK,12.66,OK,12.8,OK,0,,0,,9.45,OK,9.81,OK,9.89,OK,9.93,OK,10.22,OK,10.03,OK,9.84,OK,0,,0,,,,82.66,OK,,,,82.72,OK,,,,157.93,OK,,,,157.26,OK,,,,37.32,OK,,,,37.72,OK,,,,,,,,,,,,,,,,,
2406150742D,ATKINSON 3.8 OCV,DM1P6,2024-06-15 16:24:33,18.994,25.11,OK,25.26,25.1,OK,25.08,25.01,OK,23.26,22.96,OK,24.92,24.83,OK,26.65,26.56,OK,26.59,26.41,OK,25.75,25.64,OK,0,0,,0,0,,11.02,OK,11.18,OK,11.25,OK,11.13,OK,11.12,OK,11.48,OK,11.4,OK,0,,0,,10.56,OK,10.71,OK,10.8,OK,10.4,OK,10.86,OK,10.85,OK,10.87,OK,0,,0,,,,83.67,OK,,,,83.79,OK,,,,156.34,OK,,,,156.58,OK,,,,36.89,OK,,,,37.27,OK,,,,,,,,,,,,,,,,,
2406150743D,ATKINSON 3.8 OCV,DM2P1,2024-06-15 16:25:28,18.986,26.66,OK,24.58,24.48,OK,22.25,22.25,OK,23.51,23,OK,24.77,24.77,OK,23.78,23.73,OK,23.66,23.59,OK,25.55,25.5,OK,0,0,,0,0,,10.86,OK,10.84,OK,10.85,OK,10.84,OK,11.15,OK,10.84,OK,10.85,OK,0,,0,,9.82,OK,9.88,OK,9.89,OK,9.96,OK,9.87,OK,9.87,OK,9.91,OK,0,,0,,,,82.57,OK,,,,83.24,OK,,,,157.12,OK,,,,157.45,OK,,,,37.35,OK,,,,37.39,OK,,,,,,,,,,,,,,,,,
2406150744D,ATKINSON 3.8 OCV,DM3P4,2024-06-15 16:26:23,18.989,24.8,OK,25.26,25.17,OK,25.36,24.64,OK,24.43,24.17,OK,24.47,24.29,OK,25.08,24.96,OK,25.12,24.82,OK,24.22,23.59,OK,0,0,,0,0,,11.35,OK,11.94,OK,11.75,OK,11.75,OK,11.81,OK,11.8,OK,11.77,OK,0,,0,,12.84,OK,12.85,OK,12.95,OK,12.61,OK,12.6,OK,12.89,OK,12.64,OK,0,,0,,,,81.93,OK,,,,82.31,OK,,,,157.22,OK,,,,157.17,OK,,,,37.15,OK,,,,37.15,OK,,,,,,,,,,,,,,,,,
2406150745D,ATKINSON 3.8 OCV,DM4P3,2024-06-15 16:27:25,18.998,25.15,OK,26.31,26.24,OK,23.27,23.06,OK,23.36,22.78,OK,23.29,22.59,OK,25.15,24.71,OK,23.68,22.97,OK,25.01,24.47,OK,0,0,,0,0,,12.47,OK,12.75,OK,12.66,OK,12.79,OK,12.46,OK,12.69,OK,12.71,OK,0,,0,,9.29,OK,9.82,OK,9.85,OK,9.35,OK,10.01,OK,10.01,OK,9.91,OK,0,,0,,,,82.43,OK,,,,82.03,OK,,,,157.99,OK,,,,157.78,OK,,,,37.42,OK,,,,37.7,OK,,,,,,,,,,,,,,,,,
2406150746D,ATKINSON 3.8 OCV,DM1P2,2024-06-15 16:28:20,18.996,24.85,OK,25.82,25.64,OK,22.36,22.31,OK,22.24,21.95,OK,24.07,23.89,OK,26.07,25.66,OK,25.44,25.17,OK,22.38,22.27,OK,0,0,,0,0,,11.13,OK,11.2,OK,11.23,OK,11.23,OK,11.34,OK,11.37,OK,11.35,OK,0,,0,,10.56,OK,10.77,OK,10.76,OK,10.72,OK,10.89,OK,10.74,OK,10.73,OK,0,,0,,,,82.33,OK,,,,82.84,OK,,,,156.86,OK,,,,156.96,OK,,,,37.03,OK,,,,36.95,OK,,,,,,,,,,,,,,,,,
2406150740D,ATKINSON 3.8 OCV,DM5P8,2024-06-15 16:29:15,18.993,25.53,OK,27.66,26.99,OK,26.29,26.04,OK,22.86,22.6,OK,24.34,24.3,OK,24.3,24.09,OK,24.81,24.69,OK,24.97,24.9,OK,0,0,,0,0,,2.4,OK,2.9,OK,2.73,OK,2.7,OK,2.8,OK,2.71,OK,2.7,OK,0,,0,,0.78,OK,0.76,OK,0.77,OK,0.76,OK,0.73,OK,0.81,OK,0.79,OK,0,,0,,,,82.79,OK,,,,81.78,OK,,,,157.9,OK,,,,157.97,OK,,,,36.82,OK,,,,37.68,OK,,,,,,,,,,,,,,,,,
2406150747D,ATKINSON 3.8 OCV,DM2P5,2024-06-15 16:30:11,18.987,25.62,OK,27.05,27,OK,22.5,22.42,OK,24.02,23.71,OK,24.43,24.41,OK,24.09,24.02,OK,23.63,23.61,OK,24.77,24.75,OK,0,0,,0,0,,10.8,OK,10.84,OK,10.84,OK,10.84,OK,10.98,OK,10.85,OK,10.87,OK,0,,0,,9.83,OK,9.9,OK,9.87,OK,9.93,OK,9.81,OK,9.93,OK,9.84,OK,0,,0,,,,82.49,OK,,,,82.01,OK,,,,157.97,OK,,,,157.92,OK,,,,37.84,OK,,,,37.76,OK,,,,,,,,,,,,,,,,,
2406150748D,ATKINSON 3.8 OCV,DM3P8,2024-06-15 16:31:09,18.998,25.28,OK,25.73,25.7,OK,25.22,24.33,OK,24.38,24.24,OK,23.52,23.22,OK,23.87,23.75,OK,23.89,23.57,OK,23.2,22.52,OK,0,0,,0,0,,11.51,OK,11.68,OK,11.62,OK,11.63,OK,12.04,OK,11.77,OK,11.62,OK,0,,0,,12.8,OK,12.88,OK,12.8,OK,12.86,OK,12.83,OK,12.81,OK,12.83,OK,0,,0,,,,81.82,OK,,,,82.11,OK,,,,157.6,OK,,,,157.79,OK,,,,37.25,OK,,,,37.71,OK,,,,,,,,,,,,,,,,,
2406150749D,ATKINSON 3.8 OCV,DM4P7,2024-06-15 16:32:08,18.989,25.65,OK,25.38,25.24,OK,23.73,23.64,OK,24.36,24.08,OK,24.13,23.8,OK,23.75,23.38,OK,24.59,24.22,OK,24.24,24.08,OK,0,0,,0,0,,12.65,OK,12.62,OK,12.57,OK,12.75,OK,12.77,OK,12.63,OK,12.68,OK,0,,0,,9.09,OK,9.64,OK,9.74,OK,9.97,OK,10.04,OK,10.07,OK,9.87,OK,0,,0,,,,82.58,OK,,,,83.04,OK,,,,158.15,OK,,,,157.32,OK,,,,37.25,OK,,,,37.36,OK,,,,,,,,,,,,,,,,,
2406150750D,ATKINSON 3.8 OCV,DM1P6,2024-06-15 16:33:03,18.991,24.38,OK,23.91,23.75,OK,23.98,23.89,OK,22.67,22.4,OK,24.56,24.4,OK,27.58,27.53,OK,26.11,25.78,OK,23.8,23.64,OK,0,0,,0,0,,11.16,OK,11.21,OK,11.27,OK,11.24,OK,11.39,OK,11.36,OK,11.37,OK,0,,0,,10.61,OK,10.71,OK,10.7,OK,10.66,OK,10.88,OK,10.75,OK,10.93,OK,0,,0,,,,83.62,OK,,,,83.36,OK,,,,156.43,OK,,,,156.37,OK,,,,36.94,OK,,,,38.16,OK,,,,,,,,,,,,,,,,,
2406150752D,ATKINSON 3.8 OCV,DM2P1,2024-06-15 16:34:01,18.982,25.35,OK,26.47,26.47,OK,24.46,24.31,OK,24.87,24.53,OK,25.57,25.52,OK,24.34,24.29,OK,25.28,25.18,OK,25.4,25.33,OK,0,0,,0,0,,10.98,OK,10.82,OK,11.11,OK,10.86,OK,10.86,OK,10.85,OK,10.86,OK,0,,0,,9.82,OK,9.79,OK,9.84,OK,9.85,OK,9.93,OK,9.99,OK,9.95,OK,0,,0,,,,82.45,OK,,,,82.84,OK,,,,157.67,OK,,,,158.06,OK,,,,37.5,OK,,,,37.7,OK,,,,,,,,,,,,,,,,,
2406150753D,ATKINSON 3.8 OCV,DM3P4,2024-06-15 16:35:00,18.997,24.5,OK,27.58,27.54,OK,24.98,24.36,OK,22.71,22.55,OK,23.64,23.15,OK,23.52,23.45,OK,24.33,23.94,OK,24.59,23.89,OK,0,0,,0,0,,11.62,OK,11.76,OK,11.72,OK,11.66,OK,11.69,OK,11.71,OK,11.7,OK,0,,0,,12.79,OK,12.85,OK,12.82,OK,12.86,OK,12.8,OK,12.77,OK,12.61,OK,0,,0,,,,81.99,OK,,,,82.23,OK,,,,157.71,OK,,,,157.75,OK,,,,37.54,OK,,,,37.53,OK,,,,,,,,,,,,,,,,,
2406150754D,ATKINSON 3.8 OCV,DM4P3,2024-06-15 16:35:55,18.997,24.21,OK,24.22,24.08,OK,23.57,23.29,OK,24.4,23.68,OK,24.36,23.75,OK,23.96,23.2,OK,23.89,23.31,OK,24.57,24.17,OK,0,0,,0,0,,12.57,OK,12.61,OK,12.63,OK,12.73,OK,12.72,OK,12.64,OK,12.68,OK,0,,0,,9.14,OK,9.78,OK,10.07,OK,10.12,OK,10.09,OK,10.03,OK,9.71,OK,0,,0,,,,83.03,OK,,,,82.55,OK,,,,157.17,OK,,,,157.36,OK,,,,37,OK,,,,37.22,OK,,,,,,,,,,,,,,,,,
2406150755D,ATKINSON 3.8 OCV,DM1P2,2024-06-15 16:36:50,18.987,26.02,OK,23.93,23.84,OK,22.87,22.76,OK,22.76,22.33,OK,23.95,23.77,OK,25.75,25.6,OK,25.6,25.26,OK,23.1,23.01,OK,0,0,,0,0,,11,OK,11.23,OK,11.23,OK,11.2,OK,11.36,OK,11.33,OK,11.31,OK,0,,0,,10.64,OK,10.7,OK,10.56,OK,10.65,OK,10.81,OK,10.83,OK,10.79,OK,0,,0,,,,82.63,OK,,,,83.36,OK,,,,156.43,OK,,,,156.8,OK,,,,36.87,OK,,,,36.69,OK,,,,,,,,,,,,,,,,,
2406150756D,ATKINSON 3.8 OCV,DM2P8,2024-06-15 16:37:49,18.995,24.91,OK,25.98,25.89,OK,23,22.88,OK,24.68,24.38,OK,24.99,24.99,OK,24.6,24.55,OK,23.29,23.22,OK,24.19,24.07,OK,0,0,,0,0,,11,OK,11.56,OK,10.95,OK,11.17,OK,10.86,OK,10.87,OK,10.86,OK,0,,0,,9.88,OK,9.88,OK,10.03,OK,9.9,OK,9.96,OK,10,OK,10.01,OK,0,,0,,,,82.31,OK,,,,82.76,OK,,,,157.54,OK,,,,157.67,OK,,,,37.06,OK,,,,37.44,OK,,,,,,,,,,,,,,,,,
2406150757D,ATKINSON 3.8 OCV,DM3P7,2024-06-15 16:38:47,18.985,24.48,OK,26.1,26,OK,26.63,25.89,OK,23.04,22.8,OK,23.92,23.2,OK,24.54,24.33,OK,25.47,25.1,OK,24.22,23.89,OK,0,0,,0,0,,11.66,OK,11.74,OK,11.79,OK,11.7,OK,11.78,OK,11.62,OK,11.54,OK,0,,0,,12.8,OK,12.85,OK,12.79,OK,12.78,OK,12.82,OK,12.77,OK,12.63,OK,0,,0,,,,82.32,OK,,,,82.81,OK,,,,158.06,OK,,,,157.51,OK,,,,37.08,OK,,,,37.38,OK,,,,,,,,,,,,,,,,,
2406150758D,ATKINSON 3.8 OCV,DM4P6,2024-06-15 16:39:43,18.985,24.55,OK,25.52,25.45,OK,25.03,24.87,OK,23.5,23.24,OK,23.41,22.97,OK,25.42,25.12,OK,24.29,23.85,OK,23.71,23.59,OK,0,0,,0,0,,12.58,OK,12.59,OK,12.62,OK,12.68,OK,12.67,OK,12.66,OK,12.74,OK,0,,0,,9.38,OK,9.83,OK,10.08,OK,9.93,OK,9.97,OK,10.01,OK,10.02,OK,0,,0,,,,82.93,OK,,,,83.06,OK,,,,157.06,OK,,,,156.69,OK,,,,37.06,OK,,,,37.17,OK,,,,,,,,,,,,,,,,,
2406150759D,ATKINSON 3.8 OCV,DM1P9,2024-06-15 16:40:41,18.987,25.85,OK,25.44,24.9,OK,22.72,22.63,OK,23.66,23.62,OK,23.75,23.62,OK,25.48,25.42,OK,24.9,24.79,OK,23.48,23.35,OK,0,0,,0,0,,11.21,OK,11.24,OK,11.22,OK,11.53,OK,11.51,OK,11.39,OK,11.35,OK,0,,0,,10.6,OK,10.79,OK,10.88,OK,10.75,OK,10.66,OK,10.8,OK,10.61,OK,0,,0,,,,82.68,OK,,,,83.29,OK,,,,156.82,OK,,,,156.9,OK,,,,37.35,OK,,,,36.77,OK,,,,,,,,,,,,,,,,,
2406150760D,ATKINSON 3.8 OCV,DM2P1,2024-06-15 16:41:36,18.988,24.9,OK,28.12,27.99,OK,22.59,22.45,OK,24.8,24.68,OK,25.86,25.84,OK,23.8,23.76,OK,24.29,24.26,OK,26.52,26.44,OK,0,0,,0,0,,10.73,OK,10.82,OK,10.85,OK,11.09,OK,10.95,OK,10.86,OK,10.83,OK,0,,0,,9.87,OK,9.95,OK,9.84,OK,9.84,OK,9.79,OK,9.91,OK,9.92,OK,0,,0,,,,82.57,OK,,,,82.91,OK,,,,157.23,OK,,,,157.63,OK,,,,37.17,OK,,,,37.52,OK,,,,,,,,,,,,,,,,,
2406150761D,ATKINSON 3.8 OCV,DM3P4,2024-06-15 16:42:32,18.984,24.73,OK,26.12,26.05,OK,25.8,25.01,OK,23.59,23.36,OK,23.48,22.99,OK,24.89,24.66,OK,25.17,24.8,OK,26.14,25.66,OK,0,0,,0,0,,11.51,OK,11.76,OK,11.81,OK,11.76,OK,11.8,OK,11.63,OK,11.76,OK,0,,0,,12.82,OK,12.84,OK,12.76,OK,12.86,OK,12.82,OK,12.8,OK,12.64,OK,0,,0,,,,81.92,OK,,,,82.11,OK,,,,157.85,OK,,,,157.93,OK,,,,37.7,OK,,,,37.98,OK,,,,,,,,,,,,,,,,,
2406150762D,ATKINSON 3.8 OCV,DM4P3,2024-06-15 16:43:30,18.99,24.13,OK,25.52,25.45,OK,24.08,23.8,OK,24.78,24.26,OK,24.78,23.89,OK,25.26,24.89,OK,23.94,23.34,OK,24.68,24.17,OK,0,0,,0,0,,12.6,OK,12.6,OK,12.63,OK,12.63,OK,12.65,OK,12.69,OK,12.7,OK,0,,0,,9.38,OK,9.77,OK,9.91,OK,9.95,OK,10.18,OK,10.2,OK,9.97,OK,0,,0,,,,83.1,OK,,,,82.66,OK,,,,157.62,OK,,,,157.51,OK,,,,37.32,OK,,,,37.65,OK,,,,,,,,,,,,,,,,,
2406150763D,ATKINSON 3.8 OCV,DM1P2,2024-06-15 16:44:29,18.981,25.06,OK,26.09,25.8,OK,22.92,22.83,OK,23.3,23.12,OK,24.72,24.43,OK,26.36,26.18,OK,27.13,26.86,OK,24.31,24.25,OK,0,0,,0,0,,11.11,OK,11.26,OK,11.19,OK,11.27,OK,11.36,OK,11.34,OK,11.38,OK,0,,0,,10.64,OK,10.8,OK,10.91,OK,10.87,OK,10.86,OK,10.7,OK,10.83,OK,0,,0,,,,82.65,OK,,,,83.32,OK,,,,156.67,OK,,,,156.62,OK,,,,36.72,OK,,,,37.01,OK,,,,,,,,,,,,,,,,,
2406150764D,ATKINSON 3.8 OCV,DM2P8,2024-06-15 16:45:24,18.998,26.32,OK,26.15,26.01,OK,22.33,22.3,OK,23.78,23.49,OK,24.41,24.38,OK,24.14,24.12,OK,23.97,23.97,OK,25.01,24.99,OK,0,0,,0,0,,10.96,OK,10.84,OK,11.06,OK,11.39,OK,10.84,OK,10.86,OK,10.86,OK,0,,0,,9.87,OK,9.87,OK,9.91,OK,10.01,OK,9.84,OK,9.93,OK,9.99,OK,0,,0,,,,82.16,OK,,,,81.96,OK,,,,157.72,OK,,,,158.03,OK,,,,37.14,OK,,,,37.79,OK,,,,,,,,,,,,,,,,,
2406150765D,ATKINSON 3.8 OCV,DM3P7,2024-06-15 16:46:19,18.995,25.97,OK,27.81,27.81,OK,25.52,24.68,OK,23.89,23.68,OK,24.36,23.94,OK,24.57,24.45,OK,25.01,24.52,OK,23.27,22.85,OK,0,0,,0,0,,11.6,OK,11.71,OK,11.8,OK,11.73,OK,11.79,OK,11.78,OK,11.77,OK,0,,0,,12.82,OK,12.85,OK,12.82,OK,12.88,OK,12.8,OK,12.81,OK,12.73,OK,0,,0,,,,82.56,OK,,,,83,OK,,,,157.99,OK,,,,157.42,OK,,,,37.36,OK,,,,37.47,OK,,,,,,,,,,,,,,,,,
2406150766D,ATKINSON 3.8 OCV,DM4P6,2024-06-15 16:47:18,18.994,23.7,OK,25.08,25.03,OK,23.52,23.52,OK,23.1,22.73,OK,24.15,23.41,OK,24.06,23.5,OK,24.64,24.43,OK,23.96,23.52,OK,0,0,,0,0,,12.59,OK,12.59,OK,12.6,OK,12.63,OK,12.64,OK,12.66,OK,12.71,OK,0,,0,,9.3,OK,9.8,OK,9.79,OK,9.84,OK,10.09,OK,10.22,OK,9.91,OK,0,,0,,,,82.86,OK,,,,83,OK,,,,157.18,OK,,,,156.33,OK,,,,37.19,OK,,,,37.66,OK,,,,,,,,,,,,,,,,,
2406150767D,ATKINSON 3.8 OCV,DM1P9,2024-06-15 16:48:13,18.988,25.72,OK,25.91,25.62,OK,22.9,22.85,OK,23.41,23.26,OK,25.33,25.21,OK,26.25,26.11,OK,25.33,25.19,OK,23.86,23.62,OK,0,0,,0,0,,11.19,OK,11.28,OK,11.31,OK,11.44,OK,11.48,OK,11.34,OK,11.39,OK,0,,0,,10.64,OK,10.74,OK,10.83,OK,10.82,OK,10.81,OK,10.74,OK,10.59,OK,0,,0,,,,82.29,OK,,,,82.41,OK,,,,156.93,OK,,,,157.48,OK,,,,37.54,OK,,,,36.84,OK,,,,,,,,,,,,,,,,,
2406150768D,ATKINSON 3.8 OCV,DM2P1,2024-06-15 16:49:12,18.982,24.93,OK,25.6,25.57,OK,23.51,23.49,OK,24.41,24.12,OK,25.26,25.18,OK,25.57,25.5,OK,26.23,26.15,OK,25.31,25.28,OK,0,0,,0,0,,10.74,OK,10.84,OK,10.85,OK,10.79,OK,11.5,OK,10.85,OK,10.87,OK,0,,0,,9.84,OK,9.97,OK,9.96,OK,9.97,OK,9.88,OK,9.92,OK,9.97,OK,0,,0,,,,82.39,OK,,,,82.51,OK,,,,157.27,OK,,,,157.64,OK,,,,37.68,OK,,,,37.73,OK,,,,,,,,,,,,,,,,,
2406150769D,ATKINSON 3.8 OCV,DM3P4,2024-06-15 16:50:07,18.982,23.08,OK,24.66,24.61,OK,26.58,25.89,OK,22.87,22.59,OK,24.68,24.43,OK,25.38,25.31,OK,25.33,24.78,OK,23.96,23.31,OK,0,0,,0,0,,11.47,OK,11.77,OK,11.75,OK,11.74,OK,11.79,OK,11.76,OK,11.67,OK,0,,0,,12.8,OK,12.84,OK,12.78,OK,12.86,OK,12.79,OK,12.82,OK,12.7,OK,0,,0,,,,82.01,OK,,,,82.13,OK,,,,157.45,OK,,,,157.47,OK,,,,37.57,OK,,,,37.75,OK,,,,,,,,,,,,,,,,,
2406150770D,ATKINSON 3.8 OCV,DM4P3,2024-06-15 16:51:05,18.987,25.78,OK,25.56,25.49,OK,23.78,23.59,OK,23.92,23.38,OK,24.94,24.54,OK,24.89,24.31,OK,25.38,24.73,OK,23.94,23.45,OK,0,0,,0,0,,12.62,OK,12.61,OK,12.61,OK,12.64,OK,12.63,OK,12.67,OK,12.72,OK,0,,0,,9.32,OK,9.82,OK,9.82,OK,9.94,OK,10.02,OK,10.08,OK,10.08,OK,0,,0,,,,82.49,OK,,,,82.21,OK,,,,157.65,OK,,,,157.57,OK,,,,37.6,OK,,,,37.71,OK,,,,,,,,,,,,,,,,,
2406150771D,ATKINSON 3.8 OCV,DM1P2,2024-06-15 16:52:00,18.988,26.06,OK,27.89,27.35,OK,23.93,23.84,OK,23.55,23.19,OK,24.79,24.7,OK,27.4,27.33,OK,25.53,25.48,OK,24.29,24.22,OK,0,0,,0,0,,11.34,OK,11.22,OK,11.27,OK,11.27,OK,11.39,OK,11.39,OK,11.38,OK,0,,0,,10.7,OK,10.71,OK,10.87,OK,10.64,OK,10.91,OK,10.78,OK,10.3,OK,0,,0,,,,82.45,OK,,,,82.99,OK,,,,156.77,OK,,,,156.96,OK,,,,37.04,OK,,,,37.16,OK,,,,,,,,,,,,,,,,,
2406150772D,ATKINSON 3.8 OCV,DM2P8,2024-06-15 16:52:59,18.992,25.41,OK,24.46,24.31,OK,22.76,22.64,OK,24.48,24.17,OK,25.28,25.26,OK,24.6,24.6,OK,23.15,23.03,OK,24,23.92,OK,0,0,,0,0,,10.74,OK,10.85,OK,11.09,OK,11.41,OK,10.87,OK,10.86,OK,10.86,OK,0,,0,,9.81,OK,9.94,OK,9.92,OK,9.82,OK,9.86,OK,9.95,OK,9.95,OK,0,,0,,,,82.08,OK,,,,82.14,OK,,,,158.26,OK,,,,158.08,OK,,,,37.75,OK,,,,38.03,OK,,,,,,,,,,,,,,,,,
2406150773D,ATKINSON 3.8 OCV,DM3P7,2024-06-15 16:53:54,18.985,24.67,OK,24.98,24.87,OK,24.43,23.92,OK,23.2,22.94,OK,23.34,23.06,OK,23.41,23.38,OK,23.89,23.73,OK,24.17,23.5,OK,0,0,,0,0,,11.6,OK,11.79,OK,11.71,OK,11.62,OK,11.79,OK,11.8,OK,11.77,OK,0,,0,,12.81,OK,12.85,OK,12.83,OK,12.89,OK,12.82,OK,12.8,OK,12.75,OK,0,,0,,,,83,OK,,,,83.12,OK,,,,157.8,OK,,,,156.93,OK,,,,37.25,OK,,,,37.31,OK,,,,,,,,,,,,,,,,,
2406150774D,ATKINSON 3.8 OCV,DM4P6,2024-06-15 16:54:49,18.994,25.85,OK,24.1,24.01,OK,24.1,24.01,OK,22.87,22.64,OK,22.99,22.43,OK,24.98,24.38,OK,24.61,24.31,OK,24.2,23.71,OK,0,0,,0,0,,12.62,OK,12.57,OK,12.79,OK,12.61,OK,12.61,OK,12.63,OK,12.72,OK,0,,0,,9.32,OK,9.87,OK,9.71,OK,9.86,OK,10.13,OK,10.16,OK,10.02,OK,0,,0,,,,82.87,OK,,,,83.01,OK,,,,157.26,OK,,,,157.11,OK,,,,37.42,OK,,,,37.7,OK,,,,,,,,,,,,,,,,,
2406150775D,ATKINSON 3.8 OCV,DM1P9,2024-06-15 16:55:48,18.984,23.88,OK,24.9,24.54,OK,24.65,24.52,OK,23.91,23.66,OK,25.42,25.33,OK,26.74,26.72,OK,26.25,26.16,OK,23.84,23.77,OK,0,0,,0,0,,11.14,OK,11.28,OK,11.24,OK,11.34,OK,11.34,OK,11.52,OK,11.58,OK,0,,0,,10.72,OK,10.73,OK,10.71,OK,10.91,OK,10.93,OK,10.9,OK,10.93,OK,0,,0,,,,82.28,OK,,,,82.6,OK,,,,157.06,OK,,,,157.31,OK,,,,37.33,OK,,,,37.01,OK,,,,,,,,,,,,,,,,,
2406150776D,ATKINSON 3.8 OCV,DM2P1,2024-06-15 16:56:43,18.994,25.51,OK,26.98,26.9,OK,23.49,23.29,OK,24.31,24.09,OK,24.87,24.85,OK,24.41,24.36,OK,23.66,23.61,OK,23.92,23.88,OK,0,0,,0,0,,10.87,OK,10.85,OK,10.86,OK,10.85,OK,10.86,OK,10.86,OK,10.86,OK,0,,0,,9.84,OK,9.97,OK,10,OK,9.96,OK,9.98,OK,9.94,OK,9.95,OK,0,,0,,,,82.33,OK,,,,82.96,OK,,,,157.61,OK,,,,157.94,OK,,,,37.42,OK,,,,37.68,OK,,,,,,,,,,,,,,,,,
2406150777D,ATKINSON 3.8 OCV,DM3P4,2024-06-15 16:57:42,18.994,26.16,OK,24.87,24.84,OK,25.77,25.15,OK,23.82,23.55,OK,23.78,23.43,OK,24.78,24.4,OK,25.96,25.8,OK,24.68,24.03,OK,0,0,,0,0,,11.61,OK,11.62,OK,11.78,OK,11.73,OK,11.6,OK,11.79,OK,11.66,OK,0,,0,,12.8,OK,12.87,OK,12.85,OK,12.81,OK,12.85,OK,12.82,OK,12.82,OK,0,,0,,,,81.54,OK,,,,81.81,OK,,,,157.28,OK,,,,157.7,OK,,,,37.3,OK,,,,37.53,OK,,,,,,,,,,,,,,,,,
2406150778D,ATKINSON 3.8 OCV,DM4P3,2024-06-15 16:58:40,18.987,25.02,OK,24.94,24.89,OK,24.2,24.08,OK,23.96,23.45,OK,24.89,24.29,OK,24.45,23.78,OK,25.49,24.94,OK,24.06,23.52,OK,0,0,,0,0,,12.58,OK,12.77,OK,12.59,OK,12.59,OK,12.61,OK,12.63,OK,12.74,OK,0,,0,,9.39,OK,9.79,OK,10.08,OK,9.8,OK,10.04,OK,9.99,OK,9.69,OK,0,,0,,,,82.64,OK,,,,82.26,OK,,,,157.86,OK,,,,157.73,OK,,,,37.51,OK,,,,37.79,OK,,,,,,,,,,,,,,,,,
2406150779D,ATKINSON 3.8 OCV,DM1P2,2024-06-15 16:59:39,18.995,25.78,OK,24.43,24.11,OK,23.19,23.05,OK,23.8,23.68,OK,24.65,24.56,OK,25.78,25.64,OK,25.62,25.53,OK,22.81,22.69,OK,0,0,,0,0,,11.21,OK,11.25,OK,11.34,OK,11.28,OK,11.48,OK,11.45,OK,11.4,OK,0,,0,,10.72,OK,10.77,OK,10.82,OK,10.79,OK,10.77,OK,10.87,OK,10.65,OK,0,,0,,,,82.76,OK,,,,82.92,OK,,,,156.62,OK,,,,157.16,OK,,,,37.44,OK,,,,37.29,OK,,,,,,,,,,,,,,,,,
2406150780D,ATKINSON 3.8 OCV,DM2P8,2024-06-15 17:00:34,18.982,25.51,OK,24.77,24.75,OK,24.07,23.92,OK,25.06,24.87,OK,25.06,24.97,OK,24.43,24.34,OK,23.83,23.76,OK,24.77,24.72,OK,0,0,,0,0,,10.74,OK,10.84,OK,10.85,OK,11.08,OK,11.36,OK,10.86,OK,10.86,OK,0,,0,,9.86,OK,9.98,OK,9.98,OK,9.92,OK,9.95,OK,10,OK,9.98,OK,0,,0,,,,82.04,OK,,,,81.86,OK,,,,158.25,OK,,,,158.27,OK,,,,37.55,OK,,,,37.99,OK,,,,,,,,,,,,,,,,,
2406150781D,ATKINSON 3.8 OCV,DM3P7,2024-06-15 17:01:32,18.993,25.63,OK,24.06,24.03,OK,24.87,24.47,OK,23.08,22.87,OK,24.08,23.8,OK,24.82,24.71,OK,24.15,23.55,OK,23.62,22.9,OK,0,0,,0,0,,11.71,OK,11.74,OK,11.83,OK,11.88,OK,11.77,OK,11.62,OK,11.79,OK,0,,0,,12.8,OK,12.84,OK,12.89,OK,12.92,OK,12.84,OK,12.78,OK,12.85,OK,0,,0,,,,82.92,OK,,,,82.69,OK,,,,158.5,OK,,,,157.62,OK,,,,37.67,OK,,,,37.89,OK,,,,,,,,,,,,,,,,,
2406150782D,ATKINSON 3.8 OCV,DM4P6,2024-06-15 17:02:31,18.989,25.35,OK,23.55,23.48,OK,23.82,23.73,OK,23.29,23.06,OK,23.29,22.87,OK,24.06,23.82,OK,24.64,24.29,OK,24.13,23.92,OK,0,0,,0,0,,12.59,OK,12.58,OK,12.58,OK,12.76,OK,12.77,OK,12.61,OK,12.73,OK,0,,0,,9.21,OK,9.57,OK,9.98,OK,10,OK,10.05,OK,10.19,OK,10.03,OK,0,,0,,,,82.9,OK,,,,82.93,OK,,,,157.45,OK,,,,156.75,OK,,,,37.21,OK,,,,37.81,OK,,,,,,,,,,,,,,,,,
2406150783D,ATKINSON 3.8 OCV,DM1P9,2024-06-15 17:03:29,18.986,25.92,OK,26.72,26.25,OK,22.27,22.18,OK,22.58,22.18,OK,22.87,22.58,OK,25.89,25.8,OK,25.98,25.89,OK,23.59,23.5,OK,0,0,,0,0,,11.16,OK,11.23,OK,11.31,OK,11.29,OK,11.42,OK,11.38,OK,11.41,OK,0,,0,,10.63,OK,10.75,OK,10.84,OK,10.7,OK,10.94,OK,10.9,OK,10.81,OK,0,,0,,,,82.68,OK,,,,83.31,OK,,,,157.34,OK,,,,157.45,OK,,,,37.66,OK,,,,37.24,OK,,,,,,,,,,,,,,,,,
2406150784D,ATKINSON 3.8 OCV,DM2P1,2024-06-15 17:04:25,18.992,25.16,OK,26.95,26.9,OK,22.93,22.86,OK,24.77,24.58,OK,25.57,25.45,OK,23.95,23.95,OK,24.02,23.95,OK,26.61,26.56,OK,0,0,,0,0,,10.78,OK,10.83,OK,10.85,OK,11.05,OK,10.77,OK,10.87,OK,10.88,OK,0,,0,,9.88,OK,9.98,OK,9.93,OK,9.64,OK,9.89,OK,10.01,OK,9.73,OK,0,,0,,,,82.24,OK,,,,82.69,OK,,,,157.84,OK,,,,158.06,OK,,,,37.59,OK,,,,37.84,OK,,,,,,,,,,,,,,,,,
2406150785D,ATKINSON 3.8 OCV,DM3P4,2024-06-15 17:05:20,18.992,25.16,OK,24.33,24.26,OK,24.47,23.8,OK,24.1,23.78,OK,23.62,22.97,OK,23.87,23.62,OK,24.33,24.01,OK,23.57,22.94,OK,0,0,,0,0,,11.56,OK,11.69,OK,11.77,OK,11.59,OK,11.79,OK,11.77,OK,11.78,OK,0,,0,,12.84,OK,12.85,OK,12.86,OK,12.87,OK,12.8,OK,12.82,OK,12.74,OK,0,,0,,,,81.54,OK,,,,81.94,OK,,,,157.25,OK,,,,157.52,OK,,,,37.32,OK,,,,37.69,OK,,,,,,,,,,,,,,,,,
2406150786D,ATKINSON 3.8 OCV,DM4P3,2024-06-15 17:06:18,18.99,25.72,OK,26.33,26.28,OK,23.68,23.5,OK,23.82,23.34,OK,24.66,23.96,OK,25.19,24.47,OK,23.43,22.87,OK,24.43,24.1,OK,0,0,,0,0,,12.61,OK,12.58,OK,12.76,OK,12.61,OK,12.62,OK,12.64,OK,12.72,OK,0,,0,,9.41,OK,9.85,OK,9.85,OK,9.81,OK,10.09,OK,10.12,OK,10.02,OK,0,,0,,,,82.62,OK,,,,82.44,OK,,,,157.84,OK,,,,157.91,OK,,,,37.29,OK,,,,37.64,OK,,,,,,,,,,,,,,,,,
2406150787D,ATKINSON 3.8 OCV,DM1P2,2024-06-15 17:07:14,18.998,26.42,OK,25.33,25.15,OK,25.12,25.1,OK,26.29,25.98,OK,24.83,24.72,OK,28.95,28.88,OK,28.23,28.12,OK,24.83,24.47,OK,0,0,,0,0,,11.19,OK,11.3,OK,11.37,OK,11.37,OK,11.38,OK,11.45,OK,11.41,OK,0,,0,,10.71,OK,10.95,OK,11,OK,10.94,OK,11.05,OK,11.01,OK,10.84,OK,0,,0,,,,82.27,OK,,,,82.73,OK,,,,156.69,OK,,,,157.14,OK,,,,37.23,OK,,,,37.02,OK,,,,,,,,,,,,,,,,,
2406150788D,ATKINSON 3.8 OCV,DM2P8,2024-06-15 17:08:09,18.987,25.18,OK,26.86,26.86,OK,22.76,22.71,OK,23,22.81,OK,24,23.95,OK,23.8,23.78,OK,23.29,23.27,OK,24.38,24.29,OK,0,0,,0,0,,10.76,OK,10.86,OK,10.85,OK,11.04,OK,11.27,OK,10.84,OK,10.85,OK,0,,0,,9.84,OK,9.89,OK,9.92,OK,9.8,OK,9.82,OK,9.88,OK,9.87,OK,0,,0,,,,81.62,OK,,,,82.12,OK,,,,158.12,OK,,,,158.24,OK,,,,37.55,OK,,,,38.04,OK,,,,,,,,,,,,,,,,,
2406150789D,ATKINSON 3.8 OCV,DM3P7,2024-06-15 17:09:11,18.982,24.16,OK,24.5,24.43,OK,26.33,25.77,OK,23.73,23.43,OK,23.71,23.41,OK,24.91,24.87,OK,24.26,24.15,OK,24.08,23.45,OK,0,0,,0,0,,11.61,OK,11.72,OK,11.73,OK,11.64,OK,11.8,OK,11.43,OK,11.59,OK,0,,0,,12.85,OK,12.87,OK,12.81,OK,12.87,OK,12.82,OK,12.79,OK,12.63,OK,0,,0,,,,81.92,OK,,,,82.65,OK,,,,158.07,OK,,,,157.99,OK,,,,37.36,OK,,,,37.72,OK,,,,,,,,,,,,,,,,,
2406150790D,ATKINSON 3.8 OCV,DM4P6,2024-06-15 17:10:06,18.996,25.08,OK,24.98,24.94,OK,21.92,21.83,OK,21.6,21.36,OK,23.43,22.92,OK,24.2,23.57,OK,24.01,23.82,OK,23.43,23.06,OK,0,0,,0,0,,12.62,OK,12.6,OK,12.6,OK,12.63,OK,12.63,OK,12.66,OK,12.72,OK,0,,0,,9.26,OK,9.77,OK,9.87,OK,9.84,OK,10.07,OK,10.17,OK,9.97,OK,0,,0,,,,83.15,OK,,,,83.25,OK,,,,156.95,OK,,,,156.66,OK,,,,36.96,OK,,,,37.4,OK,,,,,,,,,,,,,,,,,
2406150791D,ATKINSON 3.8 OCV,DM1P9,2024-06-15 17:11:01,18.984,25.28,OK,23.84,23.64,OK,22.69,22.6,OK,24.72,24.43,OK,23.95,23.86,OK,29.6,29.4,OK,25.84,25.64,OK,25.46,25.37,OK,0,0,,0,0,,11.17,OK,11.3,OK,11.29,OK,11.32,OK,11.4,OK,11.41,OK,11.38,OK,0,,0,,10.57,OK,10.71,OK,10.89,OK,10.73,OK,10.98,OK,10.79,OK,10.74,OK,0,,0,,,,82.74,OK,,,,83.06,OK,,,,156.81,OK,,,,156.93,OK,,,,36.98,OK,,,,36.69,OK,,,,,,,,,,,,,,,,,
2406150792D,ATKINSON 3.8 OCV,DM2P1,2024-06-15 17:12:00,18.994,26.66,OK,24.26,24.24,OK,22.76,22.62,OK,24.51,24.02,OK,25.98,25.89,OK,23.85,23.66,OK,23.22,23.17,OK,24.48,24.43,OK,0,0,,0,0,,10.72,OK,10.85,OK,10.84,OK,11.1,OK,11.31,OK,10.87,OK,10.85,OK,0,,0,,9.83,OK,9.92,OK,9.84,OK,9.75,OK,9.84,OK,9.85,OK,9.81,OK,0,,0,,,,82.72,OK,,,,83.12,OK,,,,157.38,OK,,,,157.65,OK,,,,36.91,OK,,,,37.4,OK,,,,,,,,,,,,,,,,,
2406150793D,ATKINSON 3.8 OCV,DM3P4,2024-06-15 17:12:55,18.988,25.88,OK,26.12,26.03,OK,24.64,23.99,OK,24.1,23.64,OK,23.24,22.94,OK,24.2,24.08,OK,23.89,23.48,OK,23.94,23.2,OK,0,0,,0,0,,11.63,OK,11.81,OK,11.84,OK,11.78,OK,11.78,OK,11.81,OK,11.48,OK,0,,0,,12.85,OK,12.85,OK,12.81,OK,12.89,OK,12.81,OK,12.78,OK,12.59,OK,0,,0,,,,82.17,OK,,,,82.18,OK,,,,157.25,OK,,,,157.45,OK,,,,37.64,OK,,,,37.56,OK,,,,,,,,,,,,,,,,,
2406150794D,ATKINSON 3.8 OCV,DM4P3,2024-06-15 17:13:50,18.984,24.3,OK,24.43,24.4,OK,23.99,23.92,OK,23.99,23.5,OK,23.85,23.43,OK,25.01,24.68,OK,24.71,24.47,OK,23.8,23.24,OK,0,0,,0,0,,12.6,OK,12.62,OK,12.61,OK,12.74,OK,12.65,OK,12.68,OK,12.71,OK,0,,0,,9.33,OK,9.73,OK,10.09,OK,9.82,OK,10.18,OK,10.06,OK,9.67,OK,0,,0,,,,83.07,OK,,,,82.82,OK,,,,157.54,OK,,,,157.31,OK,,,,36.99,OK,,,,37.44,OK,,,,,,,,,,,,,,,,,
2406150795D,ATKINSON 3.8 OCV,DM1P2,2024-06-15 17:14:49,18.999,26.76,OK,26.79,26.54,OK,23.75,23.71,OK,23.41,23.23,OK,24.88,24.83,OK,28,27.89,OK,25.55,25.44,OK,24.99,24.85,OK,0,0,,0,0,,11.22,OK,11.31,OK,11.28,OK,11.3,OK,11.4,OK,11.37,OK,11.41,OK,0,,0,,10.75,OK,10.85,OK,10.86,OK,10.75,OK,10.96,OK,11.04,OK,10.72,OK,0,,0,,,,82.78,OK,,,,83.33,OK,,,,156.92,OK,,,,156.83,OK,,,,37.05,OK,,,,36.81,OK,,,,,,,,,,,,,,,,,
2406150796D,ATKINSON 3.8 OCV,DM2P8,2024-06-15 17:15:44,18.997,24.11,OK,25.35,25.33,OK,23.88,23.78,OK,24.92,24.7,OK,25.14,25.09,OK,24.12,24.07,OK,23.97,23.88,OK,24.99,24.97,OK,0,0,,0,0,,10.72,OK,10.85,OK,10.84,OK,10.78,OK,10.84,OK,10.85,OK,10.86,OK,0,,0,,9.81,OK,9.91,OK,9.93,OK,9.98,OK,9.94,OK,9.95,OK,9.99,OK,0,,0,,,,81.95,OK,,,,82.22,OK,,,,157.65,OK,,,,157.88,OK,,,,37.17,OK,,,,37.55,OK,,,,,,,,,,,,,,,,,
2406150797D,ATKINSON 3.8 OCV,DM3P7,2024-06-15 17:16:42,18.984,24.87,OK,28.28,28,OK,26,25.31,OK,24.45,24.24,OK,24.15,23.68,OK,24.26,24.08,OK,24.66,24.26,OK,24.64,24.2,OK,0,0,,0,0,,11.46,OK,11.73,OK,11.78,OK,11.8,OK,11.83,OK,11.63,OK,11.63,OK,0,,0,,12.83,OK,12.88,OK,12.94,OK,12.94,OK,12.85,OK,12.85,OK,12.83,OK,0,,0,,,,83.01,OK,,,,83.28,OK,,,,157.48,OK,,,,156.85,OK,,,,37.35,OK,,,,37.33,OK,,,,,,,,,,,,,,,,,
2406150798D,ATKINSON 3.8 OCV,DM4P6,2024-06-15 17:17:38,18.986,25.02,OK,24.57,24.52,OK,23.59,23.48,OK,23.43,23.06,OK,24.08,23.92,OK,24.38,23.78,OK,24.68,24.5,OK,24.54,24.22,OK,0,0,,0,0,,12.61,OK,12.59,OK,12.56,OK,12.81,OK,12.77,OK,12.61,OK,12.69,OK,0,,0,,9.3,OK,9.76,OK,9.84,OK,9.95,OK,10.12,OK,10.17,OK,9.93,OK,0,,0,,,,83.05,OK,,,,83.51,OK,,,,156.78,OK,,,,156.21,OK,,,,36.92,OK,,,,37.28,OK,,,,,,,,,,,,,,,,,
2406150799D,ATKINSON 3.8 OCV,DM1P9,2024-06-15 17:18:33,18.992,25.5,OK,24.7,24.58,OK,24.49,24.4,OK,23.48,23.32,OK,23.93,23.89,OK,26.59,26.47,OK,24.85,24.7,OK,22.92,22.76,OK,0,0,,0,0,,11.22,OK,11.29,OK,11.29,OK,11.34,OK,11.38,OK,11.44,OK,11.36,OK,0,,0,,10.69,OK,10.78,OK,11.01,OK,10.88,OK,10.9,OK,10.61,OK,10.77,OK,0,,0,,,,82.88,OK,,,,82.94,OK,,,,156.75,OK,,,,157.2,OK,,,,37.26,OK,,,,36.56,OK,,,,,,,,,,,,,,,,,
2406150800D,ATKINSON 3.8 OCV,DM2P1,2024-06-15 17:19:28,18.995,26.32,OK,27.53,27.51,OK,22.54,22.42,OK,24.07,23.76,OK,24.6,24.53,OK,24.36,24.26,OK,24.31,24.26,OK,23.61,23.61,OK,0,0,,0,0,,10.69,OK,11.23,OK,10.82,OK,11.36,OK,10.86,OK,10.85,OK,10.86,OK,0,,0,,9.85,OK,9.92,OK,9.84,OK,9.75,OK,9.84,OK,9.83,OK,9.92,OK,0,,0,,,,82.6,OK,,,,83.05,OK,,,,157.42,OK,,,,157.93,OK,,,,37.31,OK,,,,37.63,OK,,,,,,,,,,,,,,,,,
2406150801D,ATKINSON 3.8 OCV,DM3P4,2024-06-15 17:20:27,18.986,26,OK,25.89,25.82,OK,25.05,24.24,OK,24.96,24.73,OK,23.52,22.94,OK,23.04,22.99,OK,24.31,24.15,OK,24.33,23.71,OK,0,0,,0,0,,11.65,OK,11.79,OK,11.73,OK,11.79,OK,11.82,OK,11.76,OK,11.78,OK,0,,0,,12.82,OK,12.86,OK,12.84,OK,12.88,OK,12.81,OK,12.81,OK,12.74,OK,0,,0,,,,82.34,OK,,,,82.44,OK,,,,156.86,OK,,,,156.97,OK,,,,36.92,OK,,,,37.3,OK,,,,,,,,,,,,,,,,,
2406150803D,ATKINSON 3.8 OCV,DM1P2,2024-06-15 17:21:22,18.993,23.75,OK,27.42,27.04,OK,22.22,22.18,OK,23.68,23.5,OK,24.49,24.4,OK,27.89,27.76,OK,25.78,25.57,OK,24.34,24.18,OK,0,0,,0,0,,11.42,OK,11.27,OK,11.33,OK,11.34,OK,11.42,OK,11.46,OK,11.45,OK,0,,0,,10.73,OK,10.73,OK,10.88,OK,10.85,OK,10.84,OK,10.84,OK,10.7,OK,0,,0,,,,82.56,OK,,,,82.84,OK,,,,156.62,OK,,,,157.3,OK,,,,36.89,OK,,,,36.74,OK,,,,,,,,,,,,,,,,,
2406150802D,ATKINSON 3.8 OCV,DM4P3,2024-06-15 17:22:20,18.999,26.23,OK,27.35,27.19,OK,24.8,24.5,OK,22.87,22.52,OK,23.34,22.9,OK,24.57,23.78,OK,23.87,23.22,OK,24.03,23.64,OK,0,0,,0,0,,12.59,OK,12.59,OK,12.58,OK,12.61,OK,12.65,OK,12.59,OK,12.71,OK,0,,0,,9.32,OK,9.68,OK,9.75,OK,9.87,OK,9.85,OK,10.05,OK,10.01,OK,0,,0,,,,82.98,OK,,,,82.54,OK,,,,157.41,OK,,,,157.41,OK,,,,36.98,OK,,,,37.23,OK,,,,,,,,,,,,,,,,,
2406150804D,ATKINSON 3.8 OCV,DM2P8,2024-06-15 17:23:16,18.986,25.53,OK,25.64,25.57,OK,21.84,21.74,OK,23.27,22.98,OK,24.07,23.95,OK,23.85,23.76,OK,24.46,24.36,OK,22.96,22.91,OK,0,0,,0,0,,10.72,OK,10.83,OK,10.86,OK,11.01,OK,10.84,OK,10.87,OK,10.87,OK,0,,0,,9.78,OK,9.93,OK,9.89,OK,9.81,OK,9.89,OK,9.99,OK,10.01,OK,0,,0,,,,82.37,OK,,,,82.39,OK,,,,157.69,OK,,,,158.13,OK,,,,37.28,OK,,,,37.53,OK,,,,,,,,,,,,,,,,,
2406150805D,ATKINSON 3.8 OCV,DM3P7,2024-06-15 17:24:14,18.996,24.07,OK,23.24,23.13,OK,25.05,24.82,OK,22.8,22.55,OK,23.29,22.87,OK,23.68,23.62,OK,24.2,23.87,OK,25.84,25.59,OK,0,0,,0,0,,11.72,OK,11.78,OK,11.73,OK,11.81,OK,11.87,OK,11.79,OK,11.8,OK,0,,0,,12.84,OK,12.86,OK,12.86,OK,12.86,OK,12.76,OK,12.89,OK,12.94,OK,0,,0,,,,82.57,OK,,,,83.04,OK,,,,157.54,OK,,,,157.03,OK,,,,36.78,OK,,,,37.03,OK,,,,,,,,,,,,,,,,,
2406150806D,ATKINSON 3.8 OCV,DM1P9,2024-06-15 17:25:09,18.988,27.23,OK,23.95,23.84,OK,24.04,23.95,OK,23.14,22.85,OK,25.06,24.9,OK,26.32,26.18,OK,26.16,26.02,OK,24.63,24.47,OK,0,0,,0,0,,11.28,OK,11.6,OK,11.37,OK,11.38,OK,11.4,OK,11.41,OK,11.36,OK,0,,0,,10.64,OK,10.78,OK,10.86,OK,10.79,OK,10.76,OK,10.74,OK,10.72,OK,0,,0,,,,82.75,OK,,,,82.7,OK,,,,156.71,OK,,,,156.93,OK,,,,37.16,OK,,,,36.87,OK,,,,,,,,,,,,,,,,,
2406150807D,ATKINSON 3.8 OCV,DM4P6,2024-06-15 17:26:05,18.994,24.1,OK,25.7,25.61,OK,24.68,24.57,OK,25.03,24.78,OK,24.31,24.24,OK,25.4,25.24,OK,25.19,24.91,OK,23.24,23.17,OK,0,0,,0,0,,12.56,OK,12.77,OK,12.59,OK,12.71,OK,12.77,OK,12.72,OK,12.79,OK,0,,0,,9.36,OK,9.99,OK,9.85,OK,9.96,OK,9.85,OK,10.12,OK,10.02,OK,0,,0,,,,83.12,OK,,,,82.94,OK,,,,156.95,OK,,,,156.41,OK,,,,37.32,OK,,,,37.45,OK,,,,,,,,,,,,,,,,,
2406150808D,ATKINSON 3.8 OCV,DM2P1,2024-06-15 17:27:00,18.983,25.3,OK,25.86,25.81,OK,24.53,24.48,OK,26.01,25.77,OK,25.14,25.06,OK,24.75,24.7,OK,24.26,24.17,OK,26.23,26.23,OK,0,0,,0,0,,11.21,OK,10.77,OK,11.14,OK,10.83,OK,10.86,OK,10.85,OK,11.14,OK,0,,0,,9.82,OK,9.97,OK,9.86,OK,9.92,OK,9.97,OK,9.97,OK,9.98,OK,0,,0,,,,82.84,OK,,,,83.15,OK,,,,157.31,OK,,,,157.67,OK,,,,37.32,OK,,,,37.35,OK,,,,,,,,,,,,,,,,,
2406150809D,ATKINSON 3.8 OCV,DM3P4,2024-06-15 17:27:58,18.983,27.67,OK,27.21,27.19,OK,25.29,24.66,OK,24.59,24.38,OK,24.31,23.99,OK,23.68,23.59,OK,23.73,23.43,OK,23.99,23.45,OK,0,0,,0,0,,11.48,OK,11.65,OK,11.8,OK,11.77,OK,11.82,OK,11.58,OK,11.68,OK,0,,0,,12.77,OK,12.86,OK,12.85,OK,12.85,OK,12.61,OK,12.81,OK,12.77,OK,0,,0,,,,82.15,OK,,,,82.12,OK,,,,157.27,OK,,,,157.7,OK,,,,37.48,OK,,,,37.74,OK,,,,,,,,,,,,,,,,,
2406150810D,ATKINSON 3.8 OCV,DM1P3,2024-06-15 17:28:57,18.999,25.77,OK,24.36,24.07,OK,25.03,24.97,OK,25.08,24.88,OK,24.76,24.63,OK,28.23,28.09,OK,25.8,25.53,OK,23.73,23.59,OK,0,0,,0,0,,11.39,OK,11.33,OK,11.27,OK,11.33,OK,11.4,OK,11.43,OK,11.42,OK,0,,0,,10.73,OK,10.77,OK,10.73,OK,10.7,OK,10.78,OK,10.81,OK,10.6,OK,0,,0,,,,83.45,OK,,,,83.04,OK,,,,157.05,OK,,,,157.32,OK,,,,36.95,OK,,,,37.35,OK,,,,,,,,,,,,,,,,,
2406150811D,ATKINSON 3.8 OCV,DM4P2,2024-06-15 17:29:52,18.983,25.18,OK,26.75,26.56,OK,23.59,23.48,OK,24.98,24.75,OK,23.99,23.68,OK,23.92,23.73,OK,24.22,23.99,OK,23.27,23.15,OK,0,0,,0,0,,12.57,OK,12.62,OK,12.59,OK,12.69,OK,12.74,OK,12.7,OK,12.76,OK,0,,0,,9.34,OK,9.74,OK,10.09,OK,10.04,OK,10.36,OK,10.09,OK,10.01,OK,0,,0,,,,81.85,OK,,,,82.29,OK,,,,157.39,OK,,,,157.63,OK,,,,37.54,OK,,,,37.49,OK,,,,,,,,,,,,,,,,,
2406150812D,ATKINSON 3.8 OCV,DM2P8,2024-06-15 17:30:48,18.995,24.68,OK,26.47,26.37,OK,24.48,24.36,OK,23.9,23.73,OK,24.94,24.94,OK,25.01,24.97,OK,23.61,23.61,OK,26.47,26.47,OK,0,0,,0,0,,11.47,OK,11.07,OK,11.44,OK,10.84,OK,10.84,OK,10.85,OK,11.14,OK,0,,0,,9.9,OK,9.93,OK,9.93,OK,9.99,OK,9.95,OK,9.99,OK,9.97,OK,0,,0,,,,81.98,OK,,,,82.16,OK,,,,157.98,OK,,,,158.18,OK,,,,37.06,OK,,,,37.67,OK,,,,,,,,,,,,,,,,,
2406150813D,ATKINSON 3.8 OCV,DM3P7,2024-06-15 17:31:46,18.984,24.8,OK,25.91,25.82,OK,24.08,23.64,OK,23.57,23.41,OK,25.68,25.36,OK,24.98,24.94,OK,25.56,25.38,OK,24.06,23.52,OK,0,0,,0,0,,11.04,OK,11.8,OK,11.64,OK,11.81,OK,11.81,OK,11.82,OK,11.62,OK,0,,0,,12.68,OK,12.69,OK,12.84,OK,12.89,OK,12.84,OK,12.76,OK,12.81,OK,0,,0,,,,83.2,OK,,,,82.95,OK,,,,157.55,OK,,,,156.9,OK,,,,37.25,OK,,,,37.6,OK,,,,,,,,,,,,,,,,,
2406150814D,ATKINSON 3.8 OCV,DM1P9,2024-06-15 17:32:41,18.984,25.12,OK,25.46,25.26,OK,23.77,23.66,OK,24.29,24.07,OK,25.62,25.53,OK,26.9,26.77,OK,25.8,25.75,OK,24.79,24.72,OK,0,0,,0,0,,11.42,OK,11.36,OK,11.25,OK,11.37,OK,11.48,OK,11.44,OK,11.33,OK,0,,0,,10.72,OK,10.77,OK,10.8,OK,10.75,OK,10.91,OK,10.62,OK,10.79,OK,0,,0,,,,82.46,OK,,,,82.56,OK,,,,156.97,OK,,,,157.18,OK,,,,37.12,OK,,,,36.71,OK,,,,,,,,,,,,,,,,,
2406150815D,ATKINSON 3.8 OCV,DM4P6,2024-06-15 17:33:40,18.982,24.85,OK,23.22,23.1,OK,23.57,23.43,OK,24.2,23.87,OK,23.17,22.94,OK,24.78,24.59,OK,24.73,24.4,OK,23.87,23.48,OK,0,0,,0,0,,12.57,OK,12.63,OK,12.63,OK,12.74,OK,12.77,OK,12.6,OK,12.63,OK,0,,0,,9.3,OK,9.71,OK,9.85,OK,9.86,OK,9.99,OK,10.08,OK,9.82,OK,0,,0,,,,82.66,OK,,,,83.03,OK,,,,157.44,OK,,,,157.07,OK,,,,37.53,OK,,,,37.93,OK,,,,,,,,,,,,,,,,,
2406150816D,ATKINSON 3.8 OCV,DM2P1,2024-06-15 17:34:35,18.988,25.55,OK,27.17,27.1,OK,23.08,22.96,OK,25.31,25.01,OK,24.89,24.87,OK,24.89,24.85,OK,24.29,24.26,OK,24.65,24.6,OK,0,0,,0,0,,10.81,OK,11.08,OK,10.86,OK,10.86,OK,10.85,OK,10.85,OK,11.1,OK,0,,0,,9.81,OK,10,OK,9.82,OK,9.87,OK,9.95,OK,9.96,OK,10,OK,0,,0,,,,82.75,OK,,,,82.78,OK,,,,157.38,OK,,,,157.95,OK,,,,37.59,OK,,,,37.63,OK,,,,,,,,,,,,,,,,,
2406150817D,ATKINSON 3.8 OCV,DM3P4,2024-06-15 17:35:33,18.991,24.26,OK,22.2,21.97,OK,25.1,24.36,OK,23.75,23.27,OK,23.62,23.41,OK,23.92,23.75,OK,25.29,25.22,OK,23.27,22.76,OK,0,0,,0,0,,11.29,OK,11.79,OK,11.81,OK,11.82,OK,11.79,OK,11.8,OK,11.8,OK,0,,0,,12.86,OK,12.87,OK,12.83,OK,12.86,OK,12.62,OK,12.66,OK,12.62,OK,0,,0,,,,82.16,OK,,,,82.08,OK,,,,157.36,OK,,,,157.37,OK,,,,37.08,OK,,,,37.6,OK,,,,,,,,,,,,,,,,,
2406150818D,ATKINSON 3.8 OCV,DM1P3,2024-06-15 17:36:29,18.988,24.81,OK,25.84,25.64,OK,24.13,24.02,OK,24.34,23.98,OK,26.68,26.56,OK,27.28,27.04,OK,28.77,28.48,OK,25.26,25.21,OK,0,0,,0,0,,11.42,OK,11.34,OK,11.34,OK,11.34,OK,11.43,OK,11.4,OK,11.45,OK,0,,0,,10.68,OK,10.76,OK,10.79,OK,10.73,OK,10.76,OK,10.73,OK,10.7,OK,0,,0,,,,83.34,OK,,,,82.84,OK,,,,157.01,OK,,,,157.32,OK,,,,36.76,OK,,,,37.04,OK,,,,,,,,,,,,,,,,,
2406150819D,ATKINSON 3.8 OCV,DM4P2,2024-06-15 17:37:27,18.998,24.87,OK,26.38,26.26,OK,24.26,24.24,OK,24.08,23.75,OK,24.52,24.43,OK,26.03,25.82,OK,23.89,23.85,OK,25.01,24.78,OK,0,0,,0,0,,12.62,OK,12.68,OK,12.73,OK,12.66,OK,12.73,OK,12.81,OK,12.76,OK,0,,0,,9.39,OK,9.95,OK,9.88,OK,9.9,OK,10.07,OK,10.22,OK,10.04,OK,0,,0,,,,81.79,OK,,,,82.35,OK,,,,157.48,OK,,,,157.47,OK,,,,37.28,OK,,,,37.54,OK,,,,,,,,,,,,,,,,,
2406150820D,ATKINSON 3.8 OCV,DM2P8,2024-06-15 17:38:22,18.983,23.88,OK,25.01,25.01,OK,23.05,23.03,OK,25.74,25.5,OK,25.28,25.23,OK,23.71,23.66,OK,24.02,23.95,OK,23.88,23.8,OK,0,0,,0,0,,10.99,OK,10.82,OK,10.82,OK,10.87,OK,10.86,OK,10.85,OK,11.2,OK,0,,0,,9.85,OK,10,OK,9.92,OK,9.97,OK,9.97,OK,10,OK,10,OK,0,,0,,,,81.97,OK,,,,82.12,OK,,,,157.75,OK,,,,158.03,OK,,,,37.25,OK,,,,37.77,OK,,,,,,,,,,,,,,,,,
2406150821D,ATKINSON 3.8 OCV,DM3P7,2024-06-15 17:39:21,18.983,24.02,OK,23.22,23.08,OK,25.29,24.45,OK,22.71,22.46,OK,23.45,23.04,OK,24.03,23.92,OK,24.45,24.1,OK,23.48,22.9,OK,0,0,,0,0,,11.45,OK,11.82,OK,11.8,OK,11.77,OK,11.84,OK,11.95,OK,11.81,OK,0,,0,,12.91,OK,12.92,OK,12.82,OK,12.84,OK,12.77,OK,12.59,OK,12.94,OK,0,,0,,,,82.75,OK,,,,82.91,OK,,,,157.83,OK,,,,157.19,OK,,,,37.34,OK,,,,37.6,OK,,,,,,,,,,,,,,,,,
2406150822D,ATKINSON 3.8 OCV,DM1P9,2024-06-15 17:40:19,18.983,24.73,OK,25.35,24.97,OK,22.58,22.51,OK,23.26,23.14,OK,24.2,24.13,OK,26.81,26.72,OK,26.68,26.5,OK,24.88,24.79,OK,0,0,,0,0,,11.43,OK,11.3,OK,11.27,OK,11.35,OK,11.45,OK,11.46,OK,11.43,OK,0,,0,,10.71,OK,10.7,OK,10.83,OK,10.83,OK,10.63,OK,10.91,OK,10.62,OK,0,,0,,,,82.6,OK,,,,83.15,OK,,,,157.45,OK,,,,157.39,OK,,,,37.71,OK,,,,37.14,OK,,,,,,,,,,,,,,,,,
2406150823D,ATKINSON 3.8 OCV,DM4P6,2024-06-15 17:41:18,18.987,25.91,OK,24.1,24.06,OK,22.76,22.71,OK,23.92,23.64,OK,23.38,23.06,OK,25.56,25.4,OK,24.22,23.89,OK,23.48,22.97,OK,0,0,,0,0,,12.39,OK,12.57,OK,12.71,OK,12.69,OK,12.71,OK,12.43,OK,12.6,OK,0,,0,,9.29,OK,9.83,OK,9.91,OK,9.86,OK,9.51,OK,9.74,OK,10,OK,0,,0,,,,82.58,OK,,,,82.77,OK,,,,157.68,OK,,,,156.95,OK,,,,37.81,OK,,,,38.28,OK,,,,,,,,,,,,,,,,,
2406150824D,ATKINSON 3.8 OCV,DM2P1,2024-06-15 17:42:16,18.987,25.16,OK,24.75,24.65,OK,23.15,23.15,OK,24.97,24.82,OK,24,23.95,OK,23.51,23.46,OK,24.7,24.68,OK,24.31,24.22,OK,0,0,,0,0,,11.33,OK,11.06,OK,11.36,OK,10.85,OK,10.88,OK,11.01,OK,11.53,OK,0,,0,,9.93,OK,9.81,OK,9.98,OK,9.98,OK,9.95,OK,10.01,OK,10,OK,0,,0,,,,82.38,OK,,,,82.66,OK,,,,157.8,OK,,,,158.12,OK,,,,37.43,OK,,,,37.92,OK,,,,,,,,,,,,,,,,,
2406150825D,ATKINSON 3.8 OCV,DM3P4,2024-06-15 17:43:12,18.989,25.22,OK,24.89,24.59,OK,26.28,25.49,OK,25.36,25.24,OK,24.8,24.4,OK,23.96,23.87,OK,25.29,25.08,OK,24.01,23.55,OK,0,0,,0,0,,11.71,OK,11.65,OK,11.65,OK,11.77,OK,11.9,OK,11.81,OK,11.74,OK,0,,0,,12.68,OK,12.9,OK,12.84,OK,12.87,OK,12.6,OK,12.75,OK,12.65,OK,0,,0,,,,81.59,OK,,,,82.08,OK,,,,157.73,OK,,,,157.72,OK,,,,37.46,OK,,,,37.41,OK,,,,,,,,,,,,,,,,,
2406150826D,ATKINSON 3.8 OCV,DM1P3,2024-06-15 17:44:10,18.994,25.55,OK,26.09,25.55,OK,23.46,23.44,OK,23.59,23.37,OK,26.47,26.38,OK,27.87,27.67,OK,26.2,26.07,OK,24.27,24.2,OK,0,0,,0,0,,11.28,OK,11.34,OK,11.33,OK,11.37,OK,11.43,OK,11.45,OK,11.45,OK,0,,0,,10.62,OK,10.61,OK,10.78,OK,10.76,OK,10.73,OK,10.92,OK,10.6,OK,0,,0,,,,83.5,OK,,,,82.94,OK,,,,157.25,OK,,,,157.55,OK,,,,37.07,OK,,,,37.05,OK,,,,,,,,,,,,,,,,,
2406150827D,ATKINSON 3.8 OCV,DM4P2,2024-06-15 17:45:05,18.994,25.55,OK,23.5,23.43,OK,22.76,22.71,OK,22.85,22.62,OK,24.43,24.08,OK,24.29,23.96,OK,23.94,23.78,OK,24.13,23.89,OK,0,0,,0,0,,12.56,OK,12.73,OK,12.68,OK,12.64,OK,12.68,OK,12.81,OK,12.7,OK,0,,0,,9.46,OK,9.79,OK,9.9,OK,9.85,OK,10.11,OK,10.06,OK,9.96,OK,0,,0,,,,81.86,OK,,,,82.19,OK,,,,157.42,OK,,,,157.75,OK,,,,37.35,OK,,,,37.49,OK,,,,,,,,,,,,,,,,,
2406150828D,ATKINSON 3.8 OCV,DM2P8,2024-06-15 17:46:01,18.982,26.63,OK,26.61,26.56,OK,23.49,23.39,OK,23.13,22.93,OK,23.97,23.88,OK,24.12,24.09,OK,24.22,24.17,OK,24.31,24.29,OK,0,0,,0,0,,11.28,OK,11.07,OK,11.33,OK,10.85,OK,10.86,OK,10.87,OK,10.84,OK,0,,0,,9.99,OK,9.72,OK,10.01,OK,9.95,OK,9.99,OK,10.05,OK,9.99,OK,0,,0,,,,81.75,OK,,,,82.05,OK,,,,158.05,OK,,,,158.18,OK,,,,37.37,OK,,,,37.58,OK,,,,,,,,,,,,,,,,,
2406150829D,ATKINSON 3.8 OCV,DM3P7,2024-06-15 17:46:59,18.985,24.28,OK,23.85,23.8,OK,25.05,24.45,OK,24.52,24.38,OK,24.31,23.82,OK,23.17,23.1,OK,23.92,23.66,OK,23.31,22.85,OK,0,0,,0,0,,11.52,OK,11.8,OK,11.79,OK,11.75,OK,11.79,OK,11.78,OK,11.83,OK,0,,0,,12.85,OK,12.92,OK,12.82,OK,12.87,OK,12.6,OK,12.73,OK,12.62,OK,0,,0,,,,82.69,OK,,,,82.69,OK,,,,158.37,OK,,,,157.23,OK,,,,37.18,OK,,,,37.61,OK,,,,,,,,,,,,,,,,,
2406150830D,ATKINSON 3.8 OCV,DM1P9,2024-06-15 17:47:58,18.988,24.67,OK,25.57,25.42,OK,23.55,23.48,OK,24.83,24.65,OK,25.42,25.24,OK,27.73,27.62,OK,27.62,27.55,OK,23.84,23.71,OK,0,0,,0,0,,11.32,OK,11.3,OK,11.37,OK,11.33,OK,11.45,OK,11.36,OK,11.43,OK,0,,0,,10.72,OK,10.72,OK,10.86,OK,10.87,OK,10.54,OK,10.8,OK,10.92,OK,0,,0,,,,82.63,OK,,,,83.02,OK,,,,157.39,OK,,,,157.73,OK,,,,38.92,OK,,,,37.19,OK,,,,,,,,,,,,,,,,,
2406150831D,ATKINSON 3.8 OCV,DM4P6,2024-06-15 17:48:56,18.988,25.07,OK,25.59,25.45,OK,23.8,23.62,OK,24.01,23.8,OK,23.27,22.85,OK,24.38,24.15,OK,24.64,24.03,OK,24.57,24.03,OK,0,0,,0,0,,12.65,OK,12.64,OK,12.61,OK,12.65,OK,12.71,OK,12.54,OK,12.35,OK,0,,0,,9.38,OK,9.88,OK,9.79,OK,9.86,OK,10.13,OK,10.09,OK,9.97,OK,0,,0,,,,82.49,OK,,,,82.6,OK,,,,157.59,OK,,,,156.89,OK,,,,37.61,OK,,,,37.96,OK,,,,,,,,,,,,,,,,,
2406150832D,ATKINSON 3.8 OCV,DM2P1,2024-06-15 17:49:55,18.99,25.26,OK,27.32,27.32,OK,22.59,22.57,OK,25.31,25.01,OK,26.47,26.47,OK,25.79,25.62,OK,24.09,24.02,OK,25.16,25.09,OK,0,0,,0,0,,10.95,OK,11.38,OK,10.83,OK,10.84,OK,10.85,OK,11.07,OK,10.82,OK,0,,0,,9.84,OK,10.01,OK,9.99,OK,10.01,OK,9.88,OK,10.04,OK,9.91,OK,0,,0,,,,82.39,OK,,,,82.66,OK,,,,157.9,OK,,,,157.92,OK,,,,37.78,OK,,,,37.8,OK,,,,,,,,,,,,,,,,,
2406150833D,ATKINSON 3.8 OCV,DM3P4,2024-06-15 17:50:50,18.998,25.67,OK,26.52,26.42,OK,25.42,24.94,OK,23.04,22.87,OK,23.8,23.43,OK,23.92,23.75,OK,23.71,23.22,OK,23.82,23.29,OK,0,0,,0,0,,11.44,OK,11.8,OK,11.76,OK,11.79,OK,11.79,OK,11.87,OK,11.39,OK,0,,0,,12.84,OK,12.79,OK,12.81,OK,12.85,OK,12.84,OK,12.72,OK,12.61,OK,0,,0,,,,81.48,OK,,,,81.86,OK,,,,157.42,OK,,,,157.96,OK,,,,37.5,OK,,,,37.63,OK,,,,,,,,,,,,,,,,,
2406150834D,ATKINSON 3.8 OCV,DM1P3,2024-06-15 17:51:48,18.992,26.22,OK,27.94,27.22,OK,24.7,24.63,OK,25.69,25.33,OK,25.84,25.78,OK,27.67,27.42,OK,26.52,26.29,OK,26.29,26.2,OK,0,0,,0,0,,11.34,OK,11.3,OK,11.35,OK,11.4,OK,11.45,OK,11.44,OK,11.5,OK,0,,0,,10.58,OK,10.75,OK,10.76,OK,10.72,OK,10.83,OK,10.82,OK,10.89,OK,0,,0,,,,83.23,OK,,,,83.12,OK,,,,157.09,OK,,,,157.36,OK,,,,37.1,OK,,,,37.42,OK,,,,,,,,,,,,,,,,,
2406150751D,ATKINSON 3.8 OCV,DM5P9,2024-06-15 17:52:44,18.987,24.77,OK,26.38,26.04,OK,24.85,24.83,OK,23.37,22.9,OK,26.06,25.92,OK,25.02,24.71,OK,23.48,23.42,OK,23.28,23.21,OK,0,0,,0,0,,2.36,OK,2.81,OK,2.68,OK,2.65,OK,2.8,OK,2.61,OK,2.67,OK,0,,0,,0.76,OK,0.75,OK,0.76,OK,0.76,OK,0.73,OK,0.76,OK,0.79,OK,0,,0,,,,82.33,OK,,,,82.07,OK,,,,157.5,OK,,,,158.41,OK,,,,38.52,OK,,,,36.8,OK,,,,,,,,,,,,,,,,,
2406150836D,ATKINSON 3.8 OCV,DM2P8,2024-06-15 17:53:42,18.993,24.9,OK,26.71,26.66,OK,23.29,23.2,OK,24.05,23.9,OK,25.31,25.26,OK,24.24,24.22,OK,23.66,23.59,OK,25.16,25.11,OK,0,0,,0,0,,11.02,OK,10.8,OK,10.84,OK,10.85,OK,10.86,OK,10.88,OK,10.87,OK,0,,0,,10.03,OK,10.01,OK,9.99,OK,9.91,OK,10.02,OK,10.12,OK,10.09,OK,0,,0,,,,81.82,OK,,,,81.98,OK,,,,158.13,OK,,,,158.18,OK,,,,37.55,OK,,,,37.93,OK,,,,,,,,,,,,,,,,,
2406150837D,ATKINSON 3.8 OCV,DM3P7,2024-06-15 17:54:37,18.993,24.9,OK,23.2,23.1,OK,26.91,26.17,OK,24.8,24.43,OK,24.57,24.03,OK,23.94,23.8,OK,24.38,24.17,OK,26.49,26.31,OK,0,0,,0,0,,11.77,OK,11.77,OK,11.81,OK,11.61,OK,11.8,OK,11.94,OK,11.81,OK,0,,0,,12.55,OK,12.61,OK,12.72,OK,12.84,OK,12.85,OK,12.82,OK,12.87,OK,0,,0,,,,82.68,OK,,,,82.84,OK,,,,157.85,OK,,,,157.25,OK,,,,37.58,OK,,,,38.01,OK,,,,,,,,,,,,,,,,,
2406150838D,ATKINSON 3.8 OCV,DM1P9,2024-06-15 17:55:33,18.996,24.26,OK,26.92,26.54,OK,25.93,25.87,OK,23.53,23.32,OK,24.97,24.83,OK,27.37,27.28,OK,26.68,26.63,OK,22.9,22.85,OK,0,0,,0,0,,11.31,OK,11.33,OK,11.29,OK,11.31,OK,11.44,OK,11.34,OK,11.42,OK,0,,0,,10.66,OK,10.77,OK,10.83,OK,10.77,OK,10.74,OK,10.73,OK,10.82,OK,0,,0,,,,82.07,OK,,,,82.14,OK,,,,157.76,OK,,,,157.71,OK,,,,37.91,OK,,,,37.38,OK,,,,,,,,,,,,,,,,,
2406150835D,ATKINSON 3.8 OCV,DM4P2,2024-06-15 17:56:31,18.987,25.42,OK,24.61,24.54,OK,23.8,23.71,OK,22.36,22.27,OK,24.06,23.89,OK,25.1,24.5,OK,24.22,24.01,OK,25.05,24.98,OK,0,0,,0,0,,12.61,OK,12.61,OK,12.62,OK,12.7,OK,12.66,OK,12.75,OK,12.65,OK,0,,0,,9.29,OK,9.8,OK,9.86,OK,9.97,OK,10.05,OK,10.07,OK,10.04,OK,0,,0,,,,81.74,OK,,,,82.07,OK,,,,157.65,OK,,,,157.58,OK,,,,37.78,OK,,,,37.65,OK,,,,,,,,,,,,,,,,,
2406150840D,ATKINSON 3.8 OCV,DM2P1,2024-06-15 17:57:26,18.991,25.93,OK,25.69,25.62,OK,24.6,24.55,OK,24.94,24.7,OK,26.23,26.13,OK,26.15,26.1,OK,27.17,27.1,OK,26.35,26.3,OK,0,0,,0,0,,11.07,OK,11.49,OK,10.85,OK,10.87,OK,10.86,OK,10.74,OK,10.9,OK,0,,0,,9.98,OK,10,OK,10.11,OK,10.06,OK,10.14,OK,10.13,OK,10.17,OK,0,,0,,,,82.4,OK,,,,82.7,OK,,,,157.49,OK,,,,157.9,OK,,,,37.72,OK,,,,37.74,OK,,,,,,,,,,,,,,,,,
2406150841D,ATKINSON 3.8 OCV,DM3P4,2024-06-15 17:58:22,18.983,23.78,OK,24.52,24.33,OK,26.05,25.61,OK,24.84,24.64,OK,23.64,23.43,OK,24.5,24.29,OK,25.29,24.78,OK,25.03,24.59,OK,0,0,,0,0,,11.58,OK,11.79,OK,11.76,OK,11.8,OK,11.8,OK,11.73,OK,11.74,OK,0,,0,,12.84,OK,12.88,OK,12.89,OK,12.88,OK,12.67,OK,12.73,OK,12.65,OK,0,,0,,,,81.96,OK,,,,81.74,OK,,,,157.36,OK,,,,157.52,OK,,,,37.65,OK,,,,37.85,OK,,,,,,,,,,,,,,,,,
2406150842D,ATKINSON 3.8 OCV,DM1P3,2024-06-15 17:59:17,18.993,26.72,OK,26.47,26.18,OK,24.83,24.74,OK,24.63,24.29,OK,25.78,25.78,OK,28.27,28.12,OK,27.01,26.83,OK,25.71,25.64,OK,0,0,,0,0,,11.2,OK,11.33,OK,11.39,OK,11.38,OK,11.41,OK,11.46,OK,11.4,OK,0,,0,,10.68,OK,10.84,OK,10.84,OK,10.79,OK,10.97,OK,10.94,OK,10.79,OK,0,,0,,,,82.86,OK,,,,82.78,OK,,,,157.2,OK,,,,157.52,OK,,,,37.21,OK,,,,37.36,OK,,,,,,,,,,,,,,,,,
2406150843D,ATKINSON 3.8 OCV,DM4P6,2024-06-15 18:00:12,18.989,24.97,OK,24.52,24.45,OK,24.03,23.8,OK,23.96,23.62,OK,24.24,23.92,OK,24.89,24.24,OK,24.43,24.24,OK,24.8,24.38,OK,0,0,,0,0,,12.64,OK,12.68,OK,12.76,OK,12.68,OK,12.74,OK,12.79,OK,12.74,OK,0,,0,,9.41,OK,9.87,OK,9.73,OK,9.8,OK,10.04,OK,10.02,OK,9.92,OK,0,,0,,,,82.51,OK,,,,82.68,OK,,,,157.73,OK,,,,157.03,OK,,,,37.85,OK,,,,38.31,OK,,,,,,,,,,,,,,,,,
2406150844D,ATKINSON 3.8 OCV,DM2P8,2024-06-15 18:01:11,18.986,25.2,OK,27.39,27.29,OK,24.63,24.6,OK,24.92,24.7,OK,26.06,25.98,OK,25.89,25.86,OK,25.52,25.45,OK,25.04,24.99,OK,0,0,,0,0,,11.14,OK,10.85,OK,11.01,OK,10.85,OK,10.86,OK,10.81,OK,11.58,OK,0,,0,,10.03,OK,10.16,OK,10.15,OK,10.17,OK,10.14,OK,10.18,OK,10.2,OK,0,,0,,,,82.02,OK,,,,81.93,OK,,,,158.03,OK,,,,158.31,OK,,,,37.43,OK,,,,37.81,OK,,,,,,,,,,,,,,,,,
2406150845D,ATKINSON 3.8 OCV,DM3P7,2024-06-15 18:02:06,18.996,25.21,OK,24.73,24.66,OK,24.08,23.57,OK,23.2,22.97,OK,24.82,24.52,OK,21.67,21.55,OK,25.91,25.8,OK,24.17,23.92,OK,0,0,,0,0,,11.61,OK,11.8,OK,11.97,OK,11.79,OK,12.03,OK,11.78,OK,11.83,OK,0,,0,,12.9,OK,12.93,OK,12.87,OK,12.89,OK,12.7,OK,12.66,OK,12.56,OK,0,,0,,,,82.68,OK,,,,82.96,OK,,,,158,OK,,,,157.4,OK,,,,37.59,OK,,,,37.65,OK,,,,,,,,,,,,,,,,,
2406150846D,ATKINSON 3.8 OCV,DM1P9,2024-06-15 18:03:04,18.985,25.36,OK,24.36,24.18,OK,26.29,26.14,OK,24.22,24,OK,24.9,24.72,OK,28.25,28.05,OK,28.45,28.25,OK,25.62,25.35,OK,0,0,,0,0,,11.34,OK,11.34,OK,11.34,OK,11.39,OK,11.48,OK,11.44,OK,11.47,OK,0,,0,,10.85,OK,10.74,OK,10.94,OK,10.86,OK,10.77,OK,10.93,OK,10.81,OK,0,,0,,,,82.32,OK,,,,82.76,OK,,,,157.37,OK,,,,157.66,OK,,,,37.89,OK,,,,37.53,OK,,,,,,,,,,,,,,,,,
2406150847D,ATKINSON 3.8 OCV,DM4P5,2024-06-15 18:04:00,18.992,25.33,OK,24.8,24.8,OK,23.22,23.15,OK,23.89,23.75,OK,23.85,23.52,OK,24.43,24.17,OK,24.1,23.8,OK,23.99,23.73,OK,0,0,,0,0,,12.69,OK,12.64,OK,12.61,OK,12.68,OK,12.74,OK,12.72,OK,12.74,OK,0,,0,,9.28,OK,9.73,OK,9.72,OK,9.86,OK,10.16,OK,10.06,OK,9.86,OK,0,,0,,,,81.86,OK,,,,81.57,OK,,,,157.82,OK,,,,158.35,OK,,,,37.79,OK,,,,37.79,OK,,,,,,,,,,,,,,,,,
2406150848D,ATKINSON 3.8 OCV,DM2P1,2024-06-15 18:04:55,18.994,24.98,OK,25.96,25.86,OK,24.65,24.63,OK,25.5,25.26,OK,25.16,25.11,OK,26.37,26.32,OK,25.86,25.79,OK,24.8,24.75,OK,0,0,,0,0,,10.83,OK,11.17,OK,11.5,OK,10.86,OK,10.86,OK,10.85,OK,11.35,OK,0,,0,,10.05,OK,10.19,OK,10.15,OK,10.14,OK,10.11,OK,10.05,OK,10.16,OK,0,,0,,,,82.06,OK,,,,82.28,OK,,,,157.77,OK,,,,158.12,OK,,,,37.8,OK,,,,38.2,OK,,,,,,,,,,,,,,,,,
2406150849D,ATKINSON 3.8 OCV,DM3P4,2024-06-15 18:05:53,18.983,24.83,OK,25.75,25.7,OK,25.36,25.03,OK,24.33,24.08,OK,23.59,23.34,OK,23.1,23.06,OK,24.06,23.62,OK,23.92,23.55,OK,0,0,,0,0,,11.55,OK,11.8,OK,11.81,OK,11.81,OK,11.8,OK,11.8,OK,11.79,OK,0,,0,,12.58,OK,12.69,OK,12.85,OK,12.87,OK,12.62,OK,12.82,OK,12.75,OK,0,,0,,,,81.73,OK,,,,82.03,OK,,,,157.48,OK,,,,157.65,OK,,,,37.36,OK,,,,37.76,OK,,,,,,,,,,,,,,,,,
2406150850D,ATKINSON 3.8 OCV,DM1P3,2024-06-15 18:06:52,18.986,26.75,OK,24.27,24.07,OK,23.01,22.9,OK,24.02,23.68,OK,25.15,25.08,OK,25.82,25.69,OK,26.52,26.45,OK,23.82,23.8,OK,0,0,,0,0,,11.3,OK,11.35,OK,11.29,OK,11.31,OK,11.45,OK,11.43,OK,11.39,OK,0,,0,,10.52,OK,10.51,OK,10.74,OK,10.71,OK,10.62,OK,10.55,OK,10.64,OK,0,,0,,,,83.37,OK,,,,82.59,OK,,,,157.67,OK,,,,157.62,OK,,,,37.4,OK,,,,37.32,OK,,,,,,,,,,,,,,,,,
2406150851D,ATKINSON 3.8 OCV,DM4P6,2024-06-15 18:07:47,18.999,25.55,OK,23.66,23.62,OK,23.52,23.43,OK,23.41,23.22,OK,23.48,23.17,OK,23.82,23.48,OK,24.47,24.15,OK,24.22,24.17,OK,0,0,,0,0,,12.58,OK,12.62,OK,12.61,OK,12.63,OK,12.69,OK,12.48,OK,12.65,OK,0,,0,,9.22,OK,9.75,OK,9.93,OK,9.92,OK,9.68,OK,9.78,OK,9.97,OK,0,,0,,,,82.52,OK,,,,82.62,OK,,,,157.37,OK,,,,157.04,OK,,,,37.58,OK,,,,37.84,OK,,,,,,,,,,,,,,,,,
2406150852D,ATKINSON 3.8 OCV,DM2P8,2024-06-15 18:08:46,18.985,25.7,OK,25.31,25.21,OK,24,24,OK,24.87,24.7,OK,24.94,24.92,OK,24.31,24.29,OK,25.72,25.69,OK,24.6,24.58,OK,0,0,,0,0,,10.99,OK,10.84,OK,10.82,OK,10.86,OK,10.89,OK,10.83,OK,11.43,OK,0,,0,,10.15,OK,10.17,OK,10.14,OK,10.17,OK,10.21,OK,10.2,OK,10.18,OK,0,,0,,,,81.77,OK,,,,81.71,OK,,,,158.37,OK,,,,158.48,OK,,,,37.62,OK,,,,38.23,OK,,,,,,,,,,,,,,,,,
2406150853D,ATKINSON 3.8 OCV,DM3P7,2024-06-15 18:09:44,18.982,24.97,OK,24.45,24.36,OK,25.38,25.15,OK,23.13,23.06,OK,23.27,23.15,OK,24.89,24.82,OK,24.52,24.47,OK,24.26,24.06,OK,0,0,,0,0,,11.62,OK,11.73,OK,11.66,OK,11.83,OK,11.88,OK,11.77,OK,11.8,OK,0,,0,,12.65,OK,12.92,OK,12.88,OK,12.89,OK,12.73,OK,12.59,OK,12.91,OK,0,,0,,,,82.51,OK,,,,82.84,OK,,,,157.65,OK,,,,157.45,OK,,,,37.31,OK,,,,37.49,OK,,,,,,,,,,,,,,,,,
2406150854D,ATKINSON 3.8 OCV,DM1P9,2024-06-15 18:10:39,18.99,25.57,OK,27.31,26.77,OK,23.91,23.77,OK,23.05,22.87,OK,24.58,24.45,OK,27.35,27.17,OK,26.61,26.47,OK,23.8,23.73,OK,0,0,,0,0,,11.39,OK,11.34,OK,11.38,OK,11.38,OK,11.45,OK,11.43,OK,11.4,OK,0,,0,,10.59,OK,10.6,OK,10.8,OK,10.81,OK,10.64,OK,11.02,OK,10.79,OK,0,,0,,,,81.92,OK,,,,82.19,OK,,,,157.5,OK,,,,157.66,OK,,,,37.64,OK,,,,37.38,OK,,,,,,,,,,,,,,,,,
2406150855D,ATKINSON 3.8 OCV,DM4P5,2024-06-15 18:11:38,18.983,25.85,OK,27.03,26.96,OK,23.71,23.55,OK,24.29,24.08,OK,23.87,23.38,OK,23.94,23.66,OK,24.33,24.13,OK,24.87,24.43,OK,0,0,,0,0,,12.68,OK,12.7,OK,12.76,OK,12.63,OK,12.7,OK,12.61,OK,12.44,OK,0,,0,,9.32,OK,9.81,OK,9.73,OK,9.84,OK,10.07,OK,9.79,OK,9.98,OK,0,,0,,,,81.95,OK,,,,81.56,OK,,,,158.18,OK,,,,158.09,OK,,,,38.17,OK,,,,38.18,OK,,,,,,,,,,,,,,,,,
2406150856D,ATKINSON 3.8 OCV,DM2P1,2024-06-15 18:12:36,18.996,24.95,OK,26.42,26.37,OK,24.14,24.09,OK,24.46,24.22,OK,26.73,26.73,OK,25.38,25.38,OK,25.26,25.14,OK,25.67,25.62,OK,0,0,,0,0,,11.36,OK,10.77,OK,10.8,OK,10.88,OK,10.85,OK,11.06,OK,11.57,OK,0,,0,,10.12,OK,10.35,OK,10.2,OK,10.13,OK,10.18,OK,10.23,OK,10.15,OK,0,,0,,,,82.1,OK,,,,82.48,OK,,,,157.82,OK,,,,158.27,OK,,,,37.46,OK,,,,38.15,OK,,,,,,,,,,,,,,,,,
2406150857D,ATKINSON 3.8 OCV,DM3P4,2024-06-15 18:13:35,18.983,25.42,OK,23.92,23.82,OK,24.89,24.33,OK,23.5,23.13,OK,23.59,23.38,OK,23.52,23.41,OK,23.5,23.38,OK,24.2,23.87,OK,0,0,,0,0,,11.58,OK,11.82,OK,11.77,OK,11.8,OK,11.8,OK,11.89,OK,11.8,OK,0,,0,,12.96,OK,12.84,OK,12.84,OK,12.88,OK,12.7,OK,12.62,OK,12.6,OK,0,,0,,,,81.63,OK,,,,81.91,OK,,,,157.78,OK,,,,157.98,OK,,,,38.04,OK,,,,38.31,OK,,,,,,,,,,,,,,,,,
2406150858D,ATKINSON 3.8 OCV,DM1P3,2024-06-15 18:14:34,18.989,24.58,OK,26.2,26,OK,25.28,25.19,OK,25.66,25.39,OK,25.62,25.6,OK,28.34,28.25,OK,25.73,25.55,OK,24.9,24.9,OK,0,0,,0,0,,11.34,OK,11.39,OK,11.39,OK,11.39,OK,11.47,OK,11.82,OK,11.39,OK,0,,0,,10.71,OK,10.63,OK,10.83,OK,10.73,OK,10.88,OK,10.65,OK,10.79,OK,0,,0,,,,83.43,OK,,,,82.71,OK,,,,156.88,OK,,,,157.01,OK,,,,36.81,OK,,,,36.92,OK,,,,,,,,,,,,,,,,,
2406150859D,ATKINSON 3.8 OCV,DM4P6,2024-06-15 18:15:32,18.996,23.9,OK,24.36,24.29,OK,23.82,23.78,OK,22.83,22.59,OK,24.87,24.57,OK,25.59,25.05,OK,24.43,24.03,OK,24.98,24.38,OK,0,0,,0,0,,12.6,OK,12.66,OK,12.59,OK,12.64,OK,12.74,OK,12.44,OK,12.68,OK,0,,0,,9.4,OK,9.82,OK,9.72,OK,9.86,OK,9.63,OK,9.84,OK,9.82,OK,0,,0,,,,83.09,OK,,,,83.15,OK,,,,157.11,OK,,,,156.84,OK,,,,37.27,OK,,,,37.86,OK,,,,,,,,,,,,,,,,,
2406150860D,ATKINSON 3.8 OCV,DM2P8,2024-06-15 18:16:27,18.989,24.31,OK,25.04,24.99,OK,22.93,22.79,OK,24.92,24.65,OK,24.72,24.65,OK,24.58,24.55,OK,24.89,24.89,OK,25.72,25.69,OK,0,0,,0,0,,10.83,OK,11.15,OK,10.86,OK,10.84,OK,10.84,OK,10.86,OK,11.47,OK,0,,0,,10.3,OK,10.19,OK,10.19,OK,10.16,OK,10.15,OK,10.15,OK,10.16,OK,0,,0,,,,82.36,OK,,,,82.48,OK,,,,157.9,OK,,,,157.84,OK,,,,37.2,OK,,,,37.56,OK,,,,,,,,,,,,,,,,,
2406150861D,ATKINSON 3.8 OCV,DM3P7,2024-06-15 18:17:22,18.991,25.35,OK,25.75,25.73,OK,24.54,24.08,OK,23.68,23.45,OK,24.13,23.78,OK,23.5,23.38,OK,22.64,22.34,OK,23.66,23.31,OK,0,0,,0,0,,11.69,OK,11.77,OK,11.94,OK,11.7,OK,11.82,OK,11.85,OK,11.79,OK,0,,0,,12.8,OK,12.85,OK,12.89,OK,12.86,OK,12.81,OK,12.62,OK,12.84,OK,0,,0,,,,82.5,OK,,,,82.97,OK,,,,157.8,OK,,,,156.92,OK,,,,37.25,OK,,,,37.53,OK,,,,,,,,,,,,,,,,,
2406150862D,ATKINSON 3.8 OCV,DM1P9,2024-06-15 18:18:21,18.986,24.86,OK,27.15,26.52,OK,24.38,24.18,OK,24.4,24.13,OK,27.64,27.49,OK,29.11,28.99,OK,26.2,26,OK,25.57,25.42,OK,0,0,,0,0,,11.31,OK,11.29,OK,11.3,OK,11.33,OK,11.46,OK,11.37,OK,11.45,OK,0,,0,,10.54,OK,10.7,OK,10.89,OK,10.89,OK,10.68,OK,10.81,OK,11.11,OK,0,,0,,,,82.74,OK,,,,83.1,OK,,,,157.05,OK,,,,157.21,OK,,,,37.48,OK,,,,37.17,OK,,,,,,,,,,,,,,,,,
2406150863D,ATKINSON 3.8 OCV,DM4P5,2024-06-15 18:19:16,18.985,24.58,OK,25.1,24.98,OK,24.66,24.57,OK,23.64,23.31,OK,23.92,23.66,OK,24.84,24.57,OK,24.26,24.1,OK,24.45,24.31,OK,0,0,,0,0,,12.55,OK,12.59,OK,12.61,OK,12.68,OK,12.61,OK,12.61,OK,12.63,OK,0,,0,,9.31,OK,9.81,OK,9.89,OK,9.89,OK,10.12,OK,10.09,OK,9.92,OK,0,,0,,,,82.38,OK,,,,81.99,OK,,,,157.18,OK,,,,157.31,OK,,,,37.48,OK,,,,37.43,OK,,,,,,,,,,,,,,,,,
2406150864D,ATKINSON 3.8 OCV,DM2P1,2024-06-15 18:20:15,18.985,24.98,OK,28.12,28.02,OK,24.89,24.7,OK,24.31,23.95,OK,25.45,25.4,OK,25.98,25.96,OK,24.55,24.51,OK,24.19,24.14,OK,0,0,,0,0,,11.07,OK,11.31,OK,10.85,OK,10.83,OK,10.84,OK,10.86,OK,10.86,OK,0,,0,,10.02,OK,10.11,OK,10.09,OK,10.03,OK,10.01,OK,10.17,OK,10.17,OK,0,,0,,,,82.53,OK,,,,83.1,OK,,,,157.2,OK,,,,157.81,OK,,,,37.21,OK,,,,37.32,OK,,,,,,,,,,,,,,,,,
2406150865D,ATKINSON 3.8 OCV,DM3P4,2024-06-15 18:21:10,18.996,24.71,OK,26.65,26.58,OK,24.89,24.33,OK,24.47,24.38,OK,24.4,24.29,OK,25.17,25.15,OK,24.59,24.22,OK,24.5,24.01,OK,0,0,,0,0,,11.8,OK,11.65,OK,11.57,OK,11.79,OK,11.93,OK,11.93,OK,11.82,OK,0,,0,,12.73,OK,12.79,OK,12.82,OK,12.84,OK,12.87,OK,12.75,OK,12.78,OK,0,,0,,,,82.21,OK,,,,82.49,OK,,,,157.53,OK,,,,157.32,OK,,,,37.38,OK,,,,37.57,OK,,,,,,,,,,,,,,,,,
2406150866D,ATKINSON 3.8 OCV,DM1P3,2024-06-15 18:22:08,18.998,24.66,OK,25.96,25.6,OK,24.11,24.04,OK,24.18,23.98,OK,25.73,25.6,OK,26.92,26.59,OK,26.5,26.34,OK,25.33,25.12,OK,0,0,,0,0,,11.21,OK,11.3,OK,11.37,OK,11.39,OK,11.39,OK,11.37,OK,11.39,OK,0,,0,,10.65,OK,10.73,OK,10.72,OK,10.53,OK,10.7,OK,10.7,OK,10.83,OK,0,,0,,,,83.24,OK,,,,82.64,OK,,,,156.73,OK,,,,157.35,OK,,,,36.75,OK,,,,36.82,OK,,,,,,,,,,,,,,,,,
2406150867D,ATKINSON 3.8 OCV,DM4P6,2024-06-15 18:23:04,18.998,25.87,OK,25.59,25.49,OK,24.73,24.43,OK,24.2,23.92,OK,23.55,23.29,OK,24.66,24.08,OK,24.82,24.29,OK,23.8,23.22,OK,0,0,,0,0,,12.56,OK,12.62,OK,12.62,OK,12.66,OK,12.6,OK,12.6,OK,12.62,OK,0,,0,,9.2,OK,9.72,OK,9.91,OK,9.88,OK,9.95,OK,9.91,OK,9.91,OK,0,,0,,,,82.97,OK,,,,83.33,OK,,,,157.08,OK,,,,156.79,OK,,,,37.37,OK,,,,37.81,OK,,,,,,,,,,,,,,,,,
2406150868D,ATKINSON 3.8 OCV,DM2P8,2024-06-15 18:23:59,18.986,25.76,OK,27.24,27.22,OK,24.51,24.43,OK,25.06,24.92,OK,24.68,24.65,OK,24.85,24.82,OK,24.6,24.53,OK,24,23.97,OK,0,0,,0,0,,10.97,OK,11.39,OK,11.32,OK,10.85,OK,10.85,OK,11.07,OK,10.72,OK,0,,0,,9.97,OK,9.89,OK,10.15,OK,10.08,OK,10,OK,10.33,OK,10.14,OK,0,,0,,,,81.6,OK,,,,81.84,OK,,,,157.99,OK,,,,158.28,OK,,,,37.51,OK,,,,37.9,OK,,,,,,,,,,,,,,,,,
2406150869D,ATKINSON 3.8 OCV,DM3P7,2024-06-15 18:24:57,18.982,24.66,OK,26.19,26.12,OK,25.05,24.66,OK,24.59,24.47,OK,23.15,22.92,OK,24.22,24.15,OK,24.71,24.66,OK,25.91,25.63,OK,0,0,,0,0,,11.48,OK,11.8,OK,11.79,OK,11.8,OK,11.86,OK,11.85,OK,11.79,OK,0,,0,,12.7,OK,12.68,OK,12.71,OK,12.86,OK,12.85,OK,12.68,OK,12.77,OK,0,,0,,,,82.89,OK,,,,82.79,OK,,,,158.09,OK,,,,157.64,OK,,,,37.37,OK,,,,37.37,OK,,,,,,,,,,,,,,,,,
2406150870D,ATKINSON 3.8 OCV,DM1P9,2024-06-15 18:25:53,18.983,25.76,OK,25.6,25.37,OK,24.43,24.36,OK,23.98,23.71,OK,24.9,24.72,OK,26.7,26.59,OK,26.83,26.77,OK,25.53,25.44,OK,0,0,,0,0,,11.26,OK,11.29,OK,11.3,OK,11.35,OK,11.45,OK,11.42,OK,11.48,OK,0,,0,,10.53,OK,10.76,OK,10.77,OK,10.77,OK,10.85,OK,10.74,OK,10.89,OK,0,,0,,,,83.18,OK,,,,83.35,OK,,,,156.89,OK,,,,157.02,OK,,,,37.28,OK,,,,37.07,OK,,,,,,,,,,,,,,,,,
2406150871D,ATKINSON 3.8 OCV,DM4P5,2024-06-15 18:26:51,18.992,25.6,OK,26.03,25.96,OK,23.36,23.29,OK,23.62,23.48,OK,23.45,23.1,OK,23.94,23.73,OK,22.76,22.64,OK,25.12,24.8,OK,0,0,,0,0,,12.59,OK,12.61,OK,12.62,OK,12.66,OK,12.6,OK,12.76,OK,12.75,OK,0,,0,,9.33,OK,9.88,OK,9.75,OK,9.76,OK,9.88,OK,9.98,OK,9.96,OK,0,,0,,,,82.4,OK,,,,82.01,OK,,,,157.75,OK,,,,157.7,OK,,,,37.63,OK,,,,37.76,OK,,,,,,,,,,,,,,,,,
2406150872D,ATKINSON 3.8 OCV,DM2P1,2024-06-15 18:27:50,18.989,23.68,OK,24.19,24.12,OK,23.9,23.76,OK,24.8,24.55,OK,25.09,25.04,OK,24.6,24.58,OK,24.48,24.41,OK,24.72,24.7,OK,0,0,,0,0,,11.11,OK,10.83,OK,10.85,OK,10.83,OK,11.12,OK,11.18,OK,10.84,OK,0,,0,,9.9,OK,10.16,OK,10.1,OK,10,OK,10.17,OK,10.2,OK,9.88,OK,0,,0,,,,82.45,OK,,,,82.75,OK,,,,157.88,OK,,,,157.85,OK,,,,37.91,OK,,,,37.5,OK,,,,,,,,,,,,,,,,,
2406150873D,ATKINSON 3.8 OCV,DM3P4,2024-06-15 18:28:45,18.99,25.21,OK,25.61,25.54,OK,24.73,24.03,OK,23.99,23.64,OK,23.87,23.52,OK,23.75,23.73,OK,25.1,24.96,OK,24.66,24.2,OK,0,0,,0,0,,11.6,OK,11.79,OK,11.81,OK,11.81,OK,11.83,OK,11.78,OK,11.82,OK,0,,0,,12.54,OK,12.71,OK,12.56,OK,12.83,OK,12.86,OK,12.93,OK,12.9,OK,0,,0,,,,81.76,OK,,,,82.09,OK,,,,157.22,OK,,,,157.33,OK,,,,37.38,OK,,,,37.58,OK,,,,,,,,,,,,,,,,,
2406150874D,ATKINSON 3.8 OCV,DM1P3,2024-06-15 18:29:43,18.988,25.35,OK,25.37,25.1,OK,26.2,26.07,OK,23.95,23.71,OK,25.51,25.39,OK,28.12,27.91,OK,26.61,26.38,OK,25.06,25.01,OK,0,0,,0,0,,11.25,OK,11.4,OK,11.48,OK,11.33,OK,11.43,OK,11.49,OK,11.42,OK,0,,0,,10.69,OK,10.71,OK,10.76,OK,10.79,OK,10.73,OK,10.73,OK,10.68,OK,0,,0,,,,83.01,OK,,,,82.38,OK,,,,157.08,OK,,,,157.54,OK,,,,36.8,OK,,,,37.06,OK,,,,,,,,,,,,,,,,,
2406150875D,ATKINSON 3.8 OCV,DM4P6,2024-06-15 18:30:39,18.991,25.26,OK,25.75,25.7,OK,24.29,24.2,OK,24.26,23.92,OK,24.17,23.57,OK,24.8,24.38,OK,24.78,24.54,OK,25.42,24.8,OK,0,0,,0,0,,12.42,OK,12.6,OK,12.6,OK,12.63,OK,12.75,OK,12.6,OK,12.62,OK,0,,0,,9.4,OK,9.72,OK,9.87,OK,9.82,OK,9.97,OK,9.94,OK,9.79,OK,0,,0,,,,82.74,OK,,,,82.9,OK,,,,157.43,OK,,,,157.06,OK,,,,37.63,OK,,,,37.83,OK,,,,,,,,,,,,,,,,,
2406150876D,ATKINSON 3.8 OCV,DM2P8,2024-06-15 18:31:37,18.998,25.21,OK,25.64,25.6,OK,24.07,23.95,OK,24.29,24.02,OK,24.94,24.92,OK,25.18,25.14,OK,24.24,24.22,OK,24.31,24.24,OK,0,0,,0,0,,11.35,OK,10.93,OK,11.34,OK,10.87,OK,10.86,OK,11.18,OK,11.05,OK,0,,0,,10.03,OK,10.01,OK,10.16,OK,10.07,OK,9.97,OK,10.09,OK,10.18,OK,0,,0,,,,81.86,OK,,,,82.03,OK,,,,158.05,OK,,,,158.18,OK,,,,37.41,OK,,,,37.61,OK,,,,,,,,,,,,,,,,,
2406150877D,ATKINSON 3.8 OCV,DM3P7,2024-06-15 18:32:33,18.996,26.08,OK,27.54,27.47,OK,25.22,24.71,OK,23.55,23.38,OK,23.82,23.55,OK,23.24,23.15,OK,24.13,23.87,OK,23.01,22.29,OK,0,0,,0,0,,11.53,OK,11.81,OK,11.74,OK,11.82,OK,11.81,OK,11.86,OK,11.77,OK,0,,0,,12.84,OK,12.83,OK,12.85,OK,12.84,OK,12.64,OK,12.72,OK,12.59,OK,0,,0,,,,82.64,OK,,,,82.77,OK,,,,157.78,OK,,,,156.98,OK,,,,36.83,OK,,,,37.2,OK,,,,,,,,,,,,,,,,,
2406150878D,ATKINSON 3.8 OCV,DM1P9,2024-06-15 18:33:28,18.99,25.7,OK,24.76,24.47,OK,24.7,24.56,OK,23.53,23.39,OK,25.15,25.08,OK,28.03,27.91,OK,26.83,26.65,OK,24.94,24.65,OK,0,0,,0,0,,11.36,OK,11.27,OK,11.23,OK,11.32,OK,11.45,OK,11.41,OK,11.43,OK,0,,0,,10.63,OK,10.56,OK,10.82,OK,10.75,OK,10.71,OK,10.99,OK,10.78,OK,0,,0,,,,82.54,OK,,,,82.77,OK,,,,156.68,OK,,,,157.36,OK,,,,37.03,OK,,,,36.73,OK,,,,,,,,,,,,,,,,,
2406150879D,ATKINSON 3.8 OCV,DM4P5,2024-06-15 18:34:23,18.982,25.36,OK,25.8,25.7,OK,24.57,24.45,OK,24.73,24.5,OK,24.36,24.17,OK,24.29,24.06,OK,23.45,23.34,OK,24.91,24.75,OK,0,0,,0,0,,12.61,OK,12.63,OK,12.62,OK,12.67,OK,12.63,OK,12.59,OK,12.61,OK,0,,0,,9.44,OK,9.82,OK,9.98,OK,10.13,OK,9.82,OK,9.93,OK,10.12,OK,0,,0,,,,81.9,OK,,,,81.53,OK,,,,157.84,OK,,,,157.99,OK,,,,37.91,OK,,,,37.86,OK,,,,,,,,,,,,,,,,,
2406150880D,ATKINSON 3.8 OCV,DM2P1,2024-06-15 18:35:21,18.996,24.08,OK,23.25,23.17,OK,23.71,23.63,OK,24.85,24.6,OK,26.93,26.9,OK,26.81,26.76,OK,23.51,23.51,OK,25.06,24.99,OK,0,0,,0,0,,11.1,OK,10.81,OK,10.72,OK,10.86,OK,10.88,OK,11.56,OK,11.21,OK,0,,0,,10.1,OK,10.14,OK,10.16,OK,10.12,OK,10.15,OK,9.99,OK,10.18,OK,0,,0,,,,82.85,OK,,,,83.25,OK,,,,157.15,OK,,,,157.62,OK,,,,37.04,OK,,,,37.28,OK,,,,,,,,,,,,,,,,,
2406150882D,ATKINSON 3.8 OCV,DM1P3,2024-06-15 18:36:20,18.988,24.52,OK,26.63,25.78,OK,23.55,23.39,OK,24.74,24.49,OK,26.95,26.83,OK,29.65,29.31,OK,26.95,26.77,OK,25.62,25.37,OK,0,0,,0,0,,11.3,OK,11.3,OK,11.28,OK,11.38,OK,11.41,OK,11.45,OK,11.48,OK,0,,0,,10.41,OK,10.64,OK,10.84,OK,10.9,OK,10.95,OK,10.95,OK,10.86,OK,0,,0,,,,83.26,OK,,,,82.64,OK,,,,156.93,OK,,,,157.37,OK,,,,36.83,OK,,,,36.93,OK,,,,,,,,,,,,,,,,,
2406150881D,ATKINSON 3.8 OCV,DM3P4,2024-06-15 18:37:18,18.994,25.02,OK,24.68,24.59,OK,25.24,24.38,OK,24.43,24.22,OK,23.31,23.01,OK,23.38,23.27,OK,24.5,24.24,OK,24.15,23.71,OK,0,0,,0,0,,11.62,OK,11.65,OK,11.7,OK,11.8,OK,11.8,OK,11.81,OK,11.95,OK,0,,0,,12.88,OK,12.79,OK,12.82,OK,12.88,OK,12.81,OK,12.95,OK,12.93,OK,0,,0,,,,82.17,OK,,,,82.14,OK,,,,157.5,OK,,,,157.45,OK,,,,37.44,OK,,,,37.77,OK,,,,,,,,,,,,,,,,,
2406150883D,ATKINSON 3.8 OCV,DM4P6,2024-06-15 18:38:14,18.989,24.16,OK,24.59,24.54,OK,23.71,23.64,OK,24.13,23.82,OK,23.78,23.27,OK,25.15,24.78,OK,24.75,24.45,OK,23.82,23.48,OK,0,0,,0,0,,12.6,OK,12.68,OK,12.66,OK,12.69,OK,12.66,OK,12.68,OK,12.67,OK,0,,0,,9.44,OK,9.75,OK,9.91,OK,9.88,OK,10.2,OK,10.11,OK,9.43,OK,0,,0,,,,82.91,OK,,,,82.7,OK,,,,157.6,OK,,,,156.81,OK,,,,37.66,OK,,,,37.91,OK,,,,,,,,,,,,,,,,,
2406150884D,ATKINSON 3.8 OCV,DM2P8,2024-06-15 18:39:12,18.987,25.9,OK,25.74,25.74,OK,22.2,22.18,OK,24.22,24.02,OK,23.9,23.88,OK,23.76,23.68,OK,22.4,22.33,OK,23.92,23.9,OK,0,0,,0,0,,10.85,OK,10.83,OK,10.85,OK,10.77,OK,10.85,OK,11.34,OK,11.03,OK,0,,0,,10.04,OK,10.13,OK,9.99,OK,9.99,OK,9.97,OK,9.98,OK,10,OK,0,,0,,,,81.97,OK,,,,82.06,OK,,,,157.9,OK,,,,157.97,OK,,,,37.46,OK,,,,37.52,OK,,,,,,,,,,,,,,,,,
2406150885D,ATKINSON 3.8 OCV,DM1P9,2024-06-15 18:40:07,18.982,24.72,OK,25.75,25.57,OK,22.65,22.56,OK,24.13,23.89,OK,26.29,26.23,OK,28.34,28.18,OK,26.99,26.92,OK,24.79,24.61,OK,0,0,,0,0,,11.33,OK,11.59,OK,11.43,OK,11.32,OK,11.35,OK,11.45,OK,11.42,OK,0,,0,,10.7,OK,10.24,OK,10.68,OK,10.8,OK,10.98,OK,10.87,OK,10.72,OK,0,,0,,,,82.08,OK,,,,82.96,OK,,,,157.13,OK,,,,157.31,OK,,,,37.42,OK,,,,36.99,OK,,,,,,,,,,,,,,,,,
2406150886D,ATKINSON 3.8 OCV,DM3P7,2024-06-15 18:41:06,18.983,24.43,OK,25.03,24.96,OK,23.45,22.94,OK,21.94,21.83,OK,24.06,23.85,OK,24.47,24.47,OK,24.47,24.17,OK,23.59,23.29,OK,0,0,,0,0,,11.72,OK,11.81,OK,11.79,OK,11.73,OK,11.79,OK,11.74,OK,11.96,OK,0,,0,,12.63,OK,12.87,OK,12.85,OK,12.9,OK,12.73,OK,12.82,OK,12.83,OK,0,,0,,,,82.82,OK,,,,82.84,OK,,,,158.04,OK,,,,157.41,OK,,,,37.43,OK,,,,37.71,OK,,,,,,,,,,,,,,,,,
2406150839D,ATKINSON 3.8 OCV,DM5P5,2024-06-15 18:42:04,18.981,23.7,OK,24.37,24.25,OK,25.53,25.46,OK,23.37,23,OK,23.76,23.67,OK,25.46,25.25,OK,23.6,23.51,OK,23.67,23.58,OK,0,0,,0,0,,2.25,OK,2.87,OK,2.67,OK,2.7,OK,2.72,OK,2.73,OK,2.64,OK,0,,0,,0.82,OK,0.8,OK,0.79,OK,0.85,OK,0.83,OK,0.8,OK,0.82,OK,0,,0,,,,83.33,OK,,,,82.11,OK,,,,156.74,OK,,,,157.34,OK,,,,37.88,OK,,,,37.79,OK,,,,,,,,,,,,,,,,,
2406150888D,ATKINSON 3.8 OCV,DM2P1,2024-06-15 18:43:00,18.986,24.97,OK,24.97,24.89,OK,24.12,23.97,OK,23.88,23.68,OK,25.57,25.47,OK,24.43,24.41,OK,24.02,24.02,OK,24.43,24.43,OK,0,0,,0,0,,10.85,OK,10.83,OK,10.87,OK,11.07,OK,10.84,OK,11.06,OK,10.79,OK,0,,0,,9.99,OK,10.11,OK,10.02,OK,10.02,OK,10.24,OK,10.02,OK,9.98,OK,0,,0,,,,82.68,OK,,,,82.86,OK,,,,157.63,OK,,,,158.03,OK,,,,37.37,OK,,,,37.59,OK,,,,,,,,,,,,,,,,,
2406150889D,ATKINSON 3.8 OCV,DM1P4,2024-06-15 18:43:58,18.985,24.72,OK,25.53,25.26,OK,25.62,25.48,OK,24,23.73,OK,24.79,24.67,OK,26.43,26.34,OK,26.79,26.59,OK,23.89,23.89,OK,0,0,,0,0,,11.29,OK,11.22,OK,11.37,OK,11.25,OK,11.48,OK,11.47,OK,11.45,OK,0,,0,,10.44,OK,10.45,OK,10.64,OK,10.72,OK,10.9,OK,10.77,OK,10.5,OK,0,,0,,,,82.01,OK,,,,82.04,OK,,,,157.03,OK,,,,157.3,OK,,,,37.09,OK,,,,37.07,OK,,,,,,,,,,,,,,,,,
2406150890D,ATKINSON 3.8 OCV,DM3P3,2024-06-15 18:44:57,18.996,24.92,OK,25.63,25.59,OK,26.14,25.54,OK,22.97,22.66,OK,23.73,23.36,OK,24.59,24.22,OK,24.61,24.36,OK,25.87,25.31,OK,0,0,,0,0,,11.31,OK,11.66,OK,11.8,OK,11.96,OK,11.9,OK,11.8,OK,11.91,OK,0,,0,,12.71,OK,12.85,OK,12.88,OK,12.85,OK,12.85,OK,12.87,OK,12.86,OK,0,,0,,,,82.56,OK,,,,81.82,OK,,,,157.6,OK,,,,157.65,OK,,,,37.69,OK,,,,37.44,OK,,,,,,,,,,,,,,,,,
2406150887D,ATKINSON 3.8 OCV,DM4P5,2024-06-15 18:45:52,18.983,24.32,OK,25.12,25.08,OK,25.29,25.24,OK,23.64,23.36,OK,23.82,23.55,OK,24.26,24.13,OK,24.61,24.26,OK,24.17,24.03,OK,0,0,,0,0,,12.59,OK,12.61,OK,12.71,OK,12.53,OK,12.63,OK,12.65,OK,12.62,OK,0,,0,,9.28,OK,9.64,OK,9.67,OK,9.95,OK,10.08,OK,10.05,OK,10.06,OK,0,,0,,,,81.99,OK,,,,81.76,OK,,,,158.2,OK,,,,157.75,OK,,,,37.97,OK,,,,37.77,OK,,,,,,,,,,,,,,,,,
2406150892D,ATKINSON 3.8 OCV,DM2P8,2024-06-15 18:46:50,18.989,25.38,OK,27.19,27.17,OK,24.53,24.53,OK,24.29,24.12,OK,25.14,25.06,OK,24.7,24.65,OK,25.47,25.45,OK,25.18,25.14,OK,0,0,,0,0,,10.82,OK,10.85,OK,10.82,OK,10.86,OK,10.86,OK,10.86,OK,10.85,OK,0,,0,,10.09,OK,10.18,OK,10.17,OK,10.16,OK,10.19,OK,10.14,OK,10.14,OK,0,,0,,,,81.78,OK,,,,82.25,OK,,,,157.96,OK,,,,158.08,OK,,,,37.51,OK,,,,37.85,OK,,,,,,,,,,,,,,,,,
2406150893D,ATKINSON 3.8 OCV,DM1P9,2024-06-15 18:47:49,18.99,25.08,OK,24.99,24.65,OK,25.8,25.66,OK,23.86,23.57,OK,26.34,26.2,OK,27.62,27.53,OK,27.73,27.69,OK,24.49,24.34,OK,0,0,,0,0,,11.32,OK,11.28,OK,11.72,OK,11.35,OK,11.4,OK,11.38,OK,11.41,OK,0,,0,,10.7,OK,10.81,OK,10.85,OK,10.9,OK,10.93,OK,10.9,OK,10.83,OK,0,,0,,,,82.6,OK,,,,82.97,OK,,,,156.73,OK,,,,157.4,OK,,,,37.43,OK,,,,37.06,OK,,,,,,,,,,,,,,,,,
2406150894D,ATKINSON 3.8 OCV,DM3P7,2024-06-15 18:48:48,18.991,24.42,OK,23.57,23.48,OK,25.08,24.31,OK,23.29,23.1,OK,24.26,23.87,OK,23.45,23.22,OK,22.92,22.76,OK,23.92,23.41,OK,0,0,,0,0,,11.57,OK,11.8,OK,11.8,OK,11.63,OK,11.59,OK,11.84,OK,11.82,OK,0,,0,,12.85,OK,12.86,OK,12.7,OK,12.82,OK,12.69,OK,12.59,OK,12.86,OK,0,,0,,,,81.73,OK,,,,82.83,OK,,,,158.24,OK,,,,157.4,OK,,,,37.3,OK,,,,37.51,OK,,,,,,,,,,,,,,,,,
2406150895D,ATKINSON 3.8 OCV,DM4P6,2024-06-15 18:49:43,18.984,25.02,OK,25.05,24.96,OK,23.36,23.24,OK,23.29,23.1,OK,24.01,23.62,OK,24.31,24.22,OK,23.17,22.97,OK,23.89,23.82,OK,0,0,,0,0,,12.59,OK,12.64,OK,12.64,OK,12.58,OK,12.79,OK,12.66,OK,12.65,OK,0,,0,,9.33,OK,9.7,OK,9.83,OK,9.93,OK,9.91,OK,10.03,OK,10.13,OK,0,,0,,,,83.06,OK,,,,83.36,OK,,,,156.99,OK,,,,156.47,OK,,,,37.33,OK,,,,37.74,OK,,,,,,,,,,,,,,,,,
2406150896D,ATKINSON 3.8 OCV,DM2P1,2024-06-15 18:50:38,18.993,24.21,OK,29.33,29.23,OK,24.6,24.41,OK,25.64,25.38,OK,24.58,24.58,OK,25.62,25.57,OK,24.48,24.36,OK,24.55,24.55,OK,0,0,,0,0,,10.85,OK,10.85,OK,10.85,OK,11.18,OK,10.9,OK,11.18,OK,11.16,OK,0,,0,,10.17,OK,10.16,OK,10.21,OK,10.32,OK,10.3,OK,10.34,OK,10.24,OK,0,,0,,,,82.23,OK,,,,82.66,OK,,,,157.87,OK,,,,158.17,OK,,,,37.6,OK,,,,37.98,OK,,,,,,,,,,,,,,,,,
2406150897D,ATKINSON 3.8 OCV,DM1P4,2024-06-15 18:51:36,18.982,25.33,OK,25.89,25.75,OK,23.77,23.68,OK,25.71,25.44,OK,25.55,25.44,OK,27.51,27.31,OK,27.1,26.92,OK,24.81,24.58,OK,0,0,,0,0,,11.29,OK,11.32,OK,11.52,OK,11.35,OK,11.47,OK,11.43,OK,11.46,OK,0,,0,,10.62,OK,10.7,OK,10.81,OK,10.73,OK,10.78,OK,10.74,OK,10.94,OK,0,,0,,,,81.91,OK,,,,82.29,OK,,,,157.08,OK,,,,157.39,OK,,,,37.29,OK,,,,37.47,OK,,,,,,,,,,,,,,,,,
2406150898D,ATKINSON 3.8 OCV,DM3P3,2024-06-15 18:52:35,18.995,24.63,OK,26.33,26.24,OK,25.33,24.68,OK,23.87,23.66,OK,23.85,23.04,OK,25.08,25.01,OK,24.1,23.82,OK,24.5,23.99,OK,0,0,,0,0,,11.61,OK,11.78,OK,11.79,OK,11.8,OK,11.81,OK,11.8,OK,11.69,OK,0,,0,,12.8,OK,12.88,OK,12.81,OK,12.87,OK,12.79,OK,12.73,OK,12.7,OK,0,,0,,,,82.6,OK,,,,81.91,OK,,,,157.76,OK,,,,157.6,OK,,,,37.38,OK,,,,37.51,OK,,,,,,,,,,,,,,,,,
2406150899D,ATKINSON 3.8 OCV,DM4P2,2024-06-15 18:53:30,18.995,24.63,OK,26.54,26.42,OK,24.1,24.06,OK,24.4,24.24,OK,24.29,24.1,OK,25.56,24.98,OK,24.71,24.59,OK,24.45,24.36,OK,0,0,,0,0,,12.57,OK,12.59,OK,12.61,OK,12.66,OK,12.63,OK,12.62,OK,12.68,OK,0,,0,,9.31,OK,9.91,OK,10.12,OK,9.96,OK,10.17,OK,10.05,OK,10.21,OK,0,,0,,,,81.74,OK,,,,82.1,OK,,,,157.71,OK,,,,157.77,OK,,,,37.79,OK,,,,37.97,OK,,,,,,,,,,,,,,,,,
2406150900D,ATKINSON 3.8 OCV,DM2P8,2024-06-15 18:54:25,18.992,25.73,OK,27.68,27.58,OK,22.28,22.16,OK,23.71,23.59,OK,24.82,24.72,OK,24.24,24.24,OK,24.94,24.87,OK,24.51,24.46,OK,0,0,,0,0,,10.77,OK,10.86,OK,10.86,OK,10.83,OK,10.84,OK,11.04,OK,10.85,OK,0,,0,,10.17,OK,10.2,OK,10.32,OK,10.17,OK,10.31,OK,10.18,OK,10.2,OK,0,,0,,,,82.1,OK,,,,82.19,OK,,,,157.99,OK,,,,158.14,OK,,,,37.62,OK,,,,37.95,OK,,,,,,,,,,,,,,,,,
2406150901D,ATKINSON 3.8 OCV,DM1P9,2024-06-15 18:55:21,18.98,24.65,OK,25.93,25.73,OK,25.15,25.03,OK,24.54,24.4,OK,26.25,26.14,OK,27.89,27.73,OK,26.65,26.54,OK,24.18,24.02,OK,0,0,,0,0,,11.34,OK,11.51,OK,11.36,OK,11.54,OK,11.61,OK,11.63,OK,11.5,OK,0,,0,,10.66,OK,10.74,OK,10.91,OK,10.75,OK,10.9,OK,10.73,OK,11.02,OK,0,,0,,,,82.17,OK,,,,82.3,OK,,,,157.17,OK,,,,157.62,OK,,,,37.69,OK,,,,37.48,OK,,,,,,,,,,,,,,,,,
2406150902D,ATKINSON 3.8 OCV,DM3P7,2024-06-15 18:56:22,18.999,23.31,OK,26.1,26.03,OK,24.61,23.85,OK,24.64,24.33,OK,24.2,23.71,OK,24.06,23.92,OK,24.91,24.68,OK,24.59,23.92,OK,0,0,,0,0,,11.33,OK,11.74,OK,11.86,OK,11.79,OK,11.81,OK,11.43,OK,11.61,OK,0,,0,,12.82,OK,12.88,OK,12.8,OK,12.84,OK,12.8,OK,12.75,OK,12.73,OK,0,,0,,,,82.45,OK,,,,82.78,OK,,,,158.4,OK,,,,157.66,OK,,,,37.43,OK,,,,37.69,OK,,,,,,,,,,,,,,,,,
2406150904D,ATKINSON 3.8 OCV,DM2P1,2024-06-15 18:57:18,18.988,25.42,OK,24.89,24.89,OK,22.79,22.71,OK,24.99,24.72,OK,24.82,24.77,OK,25.16,25.14,OK,23.85,23.85,OK,24.14,24.14,OK,0,0,,0,0,,10.86,OK,10.86,OK,10.87,OK,10.8,OK,11.15,OK,11.2,OK,11.2,OK,0,,0,,10.16,OK,10.18,OK,10.25,OK,10.24,OK,10.13,OK,10.16,OK,10.17,OK,0,,0,,,,82.31,OK,,,,82.42,OK,,,,157.63,OK,,,,158.17,OK,,,,37.72,OK,,,,37.81,OK,,,,,,,,,,,,,,,,,
2406150905D,ATKINSON 3.8 OCV,DM1P4,2024-06-15 18:58:16,18.988,25.18,OK,28.21,27.71,OK,25.37,25.33,OK,25.42,25.21,OK,26.83,26.77,OK,29.08,29.04,OK,27.33,27.22,OK,26.97,26.9,OK,0,0,,0,0,,11.27,OK,11.36,OK,11.51,OK,11.32,OK,11.44,OK,11.42,OK,11.44,OK,0,,0,,10.76,OK,10.91,OK,10.89,OK,10.9,OK,10.96,OK,10.92,OK,10.91,OK,0,,0,,,,82.1,OK,,,,82.12,OK,,,,157.08,OK,,,,157.12,OK,,,,37.06,OK,,,,37.3,OK,,,,,,,,,,,,,,,,,
2406150903D,ATKINSON 3.8 OCV,DM4P6,2024-06-15 18:59:15,18.993,25.37,OK,25.29,25.19,OK,23.06,22.97,OK,24.33,24.06,OK,23.92,23.78,OK,25.49,24.94,OK,24.36,24.2,OK,24.2,23.92,OK,0,0,,0,0,,12.58,OK,12.63,OK,12.62,OK,12.61,OK,12.62,OK,12.62,OK,12.68,OK,0,,0,,9.11,OK,9.42,OK,9.85,OK,10.1,OK,10.02,OK,10.02,OK,10.03,OK,0,,0,,,,82.46,OK,,,,82.57,OK,,,,157.76,OK,,,,157.02,OK,,,,37.62,OK,,,,38.04,OK,,,,,,,,,,,,,,,,,
2406150906D,ATKINSON 3.8 OCV,DM3P3,2024-06-15 19:00:13,18.985,23.53,OK,26.21,26.17,OK,25.91,25.17,OK,23.29,22.94,OK,23.62,23.2,OK,24.15,23.85,OK,24.66,24.33,OK,24.87,24.4,OK,0,0,,0,0,,11.62,OK,11.83,OK,11.8,OK,11.85,OK,11.91,OK,11.83,OK,11.88,OK,0,,0,,12.84,OK,12.87,OK,12.88,OK,12.87,OK,12.85,OK,12.83,OK,12.85,OK,0,,0,,,,83,OK,,,,81.97,OK,,,,157.45,OK,,,,157.73,OK,,,,37.76,OK,,,,37.98,OK,,,,,,,,,,,,,,,,,
2406150908D,ATKINSON 3.8 OCV,DM1P9,2024-06-15 19:01:12,18.999,23.67,OK,24.49,24.22,OK,24.27,24.18,OK,23.21,22.92,OK,26.09,26,OK,27.76,27.62,OK,26.97,26.86,OK,24.04,23.98,OK,0,0,,0,0,,11.44,OK,11.62,OK,11.26,OK,11.27,OK,11.61,OK,11.57,OK,11.47,OK,0,,0,,10.58,OK,10.8,OK,10.8,OK,10.77,OK,10.89,OK,10.86,OK,10.75,OK,0,,0,,,,82.49,OK,,,,82.65,OK,,,,156.7,OK,,,,156.91,OK,,,,37.18,OK,,,,36.67,OK,,,,,,,,,,,,,,,,,
2406150907D,ATKINSON 3.8 OCV,DM2P8,2024-06-15 19:02:10,18.993,24.78,OK,24.77,24.65,OK,22.96,22.91,OK,25.21,24.97,OK,24.17,24.17,OK,24.24,24.24,OK,23.76,23.66,OK,23.83,23.78,OK,0,0,,0,0,,10.86,OK,10.83,OK,10.92,OK,10.84,OK,10.84,OK,10.84,OK,10.86,OK,0,,0,,10.15,OK,10.08,OK,10.22,OK,10.15,OK,10.18,OK,10.16,OK,10.15,OK,0,,0,,,,81.58,OK,,,,81.83,OK,,,,158.36,OK,,,,158.22,OK,,,,37.47,OK,,,,38.11,OK,,,,,,,,,,,,,,,,,
2406150910D,ATKINSON 3.8 OCV,DM3P7,2024-06-15 19:03:05,18.999,25.77,OK,25.54,25.54,OK,24.71,23.89,OK,23.08,22.97,OK,23.04,22.83,OK,24.06,23.96,OK,24.17,23.94,OK,23.24,22.78,OK,0,0,,0,0,,11.8,OK,11.74,OK,11.79,OK,11.76,OK,11.79,OK,11.79,OK,11.8,OK,0,,0,,12.84,OK,12.84,OK,12.86,OK,12.84,OK,12.68,OK,12.8,OK,12.85,OK,0,,0,,,,82.16,OK,,,,82.66,OK,,,,158.49,OK,,,,157.71,OK,,,,37.7,OK,,,,37.86,OK,,,,,,,,,,,,,,,,,
2406150909D,ATKINSON 3.8 OCV,DM4P2,2024-06-15 19:04:01,18.994,23.38,OK,25.87,25.66,OK,23.22,23.17,OK,23.29,23.17,OK,23.89,23.73,OK,24.82,24.54,OK,23.92,23.75,OK,24.15,24.01,OK,0,0,,0,0,,12.59,OK,12.65,OK,12.59,OK,12.62,OK,12.65,OK,12.64,OK,12.63,OK,0,,0,,9.42,OK,9.64,OK,9.92,OK,9.93,OK,9.95,OK,10.03,OK,10.03,OK,0,,0,,,,81.6,OK,,,,81.91,OK,,,,157.81,OK,,,,157.67,OK,,,,37.81,OK,,,,37.45,OK,,,,,,,,,,,,,,,,,
2406150891D,ATKINSON 3.8 OCV,DM5P2,2024-06-15 19:04:59,18.986,25.41,OK,25.39,25.27,OK,24.58,24.55,OK,23.14,22.77,OK,23.3,23.25,OK,24.2,23.95,OK,22.95,22.9,OK,23.42,23.32,OK,0,0,,0,0,,2.27,OK,2.7,OK,2.72,OK,2.71,OK,2.81,OK,2.64,OK,2.67,OK,0,,0,,0.79,OK,0.81,OK,0.82,OK,0.79,OK,0.77,OK,0.85,OK,0.79,OK,0,,0,,,,82.57,OK,,,,82.7,OK,,,,157.7,OK,,,,157.11,OK,,,,37.21,OK,,,,37.81,OK,,,,,,,,,,,,,,,,,
2406150911D,ATKINSON 3.8 OCV,DM1P1,2024-06-15 19:05:54,18.993,26.86,OK,27.35,26.95,OK,25.37,25.19,OK,24.99,24.7,OK,26.68,26.5,OK,29.04,28.79,OK,28.88,28.79,OK,24.94,24.88,OK,0,0,,0,0,,11.21,OK,11.3,OK,11.61,OK,11.3,OK,11.48,OK,11.49,OK,11.45,OK,0,,0,,10.74,OK,10.8,OK,10.76,OK,10.83,OK,10.94,OK,10.86,OK,10.87,OK,0,,0,,,,82.31,OK,,,,82.51,OK,,,,156.69,OK,,,,157.31,OK,,,,37.22,OK,,,,37.31,OK,,,,,,,,,,,,,,,,,
2406150912D,ATKINSON 3.8 OCV,DM2P6,2024-06-15 19:06:53,18.996,25.2,OK,26.95,26.88,OK,24.43,24.38,OK,24.46,24.12,OK,25.98,25.91,OK,25.09,25.01,OK,23.68,23.63,OK,24.51,24.51,OK,0,0,,0,0,,10.74,OK,11.07,OK,10.85,OK,10.84,OK,10.87,OK,10.87,OK,10.85,OK,0,,0,,10.06,OK,10.02,OK,10.17,OK,10.17,OK,10.2,OK,10.17,OK,10.16,OK,0,,0,,,,83,OK,,,,82.71,OK,,,,157.45,OK,,,,157.02,OK,,,,37.8,OK,,,,38.27,OK,,,,,,,,,,,,,,,,,
2406150913D,ATKINSON 3.8 OCV,DM3P3,2024-06-15 19:07:48,18.995,24.73,OK,24.01,24.01,OK,24.24,23.57,OK,23.24,22.94,OK,23.68,23.2,OK,24.1,23.87,OK,24.33,24.01,OK,24.06,23.38,OK,0,0,,0,0,,11.6,OK,11.83,OK,11.75,OK,11.83,OK,11.82,OK,11.77,OK,11.92,OK,0,,0,,12.82,OK,12.65,OK,12.76,OK,12.89,OK,12.97,OK,12.75,OK,12.91,OK,0,,0,,,,82.38,OK,,,,81.75,OK,,,,157.74,OK,,,,157.81,OK,,,,37.45,OK,,,,37.65,OK,,,,,,,,,,,,,,,,,
2406150914D,ATKINSON 3.8 OCV,DM4P4,2024-06-15 19:08:47,18.995,25.98,OK,25.75,25.63,OK,23.8,23.8,OK,24.15,23.92,OK,24.64,24.15,OK,26.79,26.21,OK,24.96,24.78,OK,25.63,25.29,OK,0,0,,0,0,,12.45,OK,12.75,OK,12.78,OK,12.54,OK,12.73,OK,12.63,OK,12.68,OK,0,,0,,9.37,OK,9.87,OK,9.73,OK,9.73,OK,10.05,OK,10.18,OK,10.06,OK,0,,0,,,,81.48,OK,,,,81.88,OK,,,,157.9,OK,,,,157.67,OK,,,,37.62,OK,,,,37.68,OK,,,,,,,,,,,,,,,,,
2406150916D,ATKINSON 3.8 OCV,DM1P8,2024-06-15 19:09:42,18.995,25.37,OK,25.19,25.08,OK,25.8,25.69,OK,24.04,23.89,OK,26.77,26.72,OK,28.59,28.48,OK,27.73,27.62,OK,24.7,24.49,OK,0,0,,0,0,,11.32,OK,11.37,OK,11.41,OK,11.39,OK,11.47,OK,11.47,OK,11.42,OK,0,,0,,10.61,OK,10.85,OK,10.76,OK,10.76,OK,11.2,OK,10.74,OK,10.87,OK,0,,0,,,,81.87,OK,,,,82.33,OK,,,,157.36,OK,,,,157.73,OK,,,,37.03,OK,,,,37.53,OK,,,,,,,,,,,,,,,,,
2406150917D,ATKINSON 3.8 OCV,DM2P9,2024-06-15 19:10:40,18.993,25.71,OK,25.89,25.89,OK,23.46,23.42,OK,25.67,25.38,OK,24.99,24.99,OK,23.83,23.76,OK,23.73,23.63,OK,24.7,24.6,OK,0,0,,0,0,,10.69,OK,11.14,OK,10.8,OK,10.99,OK,10.85,OK,10.86,OK,10.84,OK,0,,0,,10.17,OK,10.19,OK,10.2,OK,10.22,OK,10.14,OK,10.16,OK,10.16,OK,0,,0,,,,81.79,OK,,,,81.63,OK,,,,158.46,OK,,,,158.44,OK,,,,38.47,OK,,,,38.05,OK,,,,,,,,,,,,,,,,,
2406150918D,ATKINSON 3.8 OCV,DM3P2,2024-06-15 19:11:36,18.997,25.42,OK,24.43,24.36,OK,24.64,24.31,OK,22.78,22.64,OK,23.52,23.29,OK,23.8,23.68,OK,23.2,22.8,OK,24.47,24.43,OK,0,0,,0,0,,11.73,OK,11.79,OK,11.83,OK,11.8,OK,11.93,OK,11.85,OK,11.85,OK,0,,0,,12.83,OK,12.87,OK,12.59,OK,12.74,OK,12.63,OK,12.66,OK,12.87,OK,0,,0,,,,81.46,OK,,,,81.63,OK,,,,157.4,OK,,,,157.82,OK,,,,37.76,OK,,,,37.52,OK,,,,,,,,,,,,,,,,,
2406150919D,ATKINSON 3.8 OCV,DM4P7,2024-06-15 19:12:34,18.994,25.37,OK,23.34,23.27,OK,24.13,24.01,OK,23.29,22.99,OK,24.78,24.31,OK,25.17,24.78,OK,24.15,23.75,OK,24.33,23.64,OK,0,0,,0,0,,12.73,OK,12.66,OK,12.66,OK,12.64,OK,12.79,OK,12.68,OK,12.68,OK,0,,0,,9.31,OK,9.8,OK,9.87,OK,9.86,OK,9.96,OK,9.93,OK,9.87,OK,0,,0,,,,82.63,OK,,,,82.56,OK,,,,158.33,OK,,,,157.34,OK,,,,37.45,OK,,,,38.05,OK,,,,,,,,,,,,,,,,,
2406150920D,ATKINSON 3.8 OCV,DM1P6,2024-06-15 19:13:29,18.986,26.43,OK,27.73,27.33,OK,24.65,24.58,OK,24.65,24.31,OK,25.98,25.91,OK,29.78,29.65,OK,27.6,27.44,OK,24.65,24.58,OK,0,0,,0,0,,11.34,OK,11.35,OK,11.4,OK,11.36,OK,11.48,OK,11.43,OK,11.44,OK,0,,0,,10.61,OK,10.7,OK,10.89,OK,10.76,OK,10.91,OK,10.76,OK,10.66,OK,0,,0,,,,82.96,OK,,,,82.68,OK,,,,157.3,OK,,,,157.56,OK,,,,37.3,OK,,,,37.74,OK,,,,,,,,,,,,,,,,,
2406150915D,ATKINSON 3.8 OCV,DM5P5,2024-06-15 19:14:28,18.996,26.87,OK,26.59,26.18,OK,23.74,23.67,OK,22.63,22.26,OK,23.44,23.39,OK,22.9,22.9,OK,22.6,22.56,OK,22.77,22.72,OK,0,0,,0,0,,2.33,OK,2.73,OK,2.87,OK,2.76,OK,2.75,OK,2.7,OK,2.71,OK,0,,0,,0.86,OK,0.8,OK,0.82,OK,0.8,OK,0.8,OK,0.84,OK,0.87,OK,0,,0,,,,83.08,OK,,,,81.55,OK,,,,158.19,OK,,,,158.04,OK,,,,38.22,OK,,,,37.22,OK,,,,,,,,,,,,,,,,,
2406150921D,ATKINSON 3.8 OCV,DM2P3,2024-06-15 19:15:23,18.982,25.46,OK,27.17,27.12,OK,24.77,24.68,OK,25.31,24.99,OK,25.16,25.09,OK,26.64,26.49,OK,25.81,25.72,OK,25.45,25.38,OK,0,0,,0,0,,10.78,OK,10.85,OK,10.86,OK,11.58,OK,10.85,OK,10.87,OK,10.87,OK,0,,0,,10.19,OK,10.18,OK,10.16,OK,10.17,OK,10.15,OK,9.99,OK,10.15,OK,0,,0,,,,82.98,OK,,,,82.43,OK,,,,157.8,OK,,,,158,OK,,,,37.9,OK,,,,37.94,OK,,,,,,,,,,,,,,,,,
2406150922D,ATKINSON 3.8 OCV,DM3P4,2024-06-15 19:16:22,18.992,24.91,OK,28.77,28.63,OK,26,25.29,OK,25.24,25.01,OK,24.08,23.64,OK,25.36,25.22,OK,23.52,23.34,OK,24.71,24.36,OK,0,0,,0,0,,11.8,OK,11.8,OK,11.92,OK,11.95,OK,11.92,OK,12.11,OK,11.81,OK,0,,0,,12.84,OK,12.87,OK,12.93,OK,12.88,OK,12.78,OK,12.75,OK,12.79,OK,0,,0,,,,82.31,OK,,,,82.18,OK,,,,156.84,OK,,,,157.03,OK,,,,37.21,OK,,,,37.34,OK,,,,,,,,,,,,,,,,,
2406150924D,ATKINSON 3.8 OCV,DM1P8,2024-06-15 19:17:17,18.99,26.65,OK,25.73,25.37,OK,24.92,24.79,OK,23.86,23.59,OK,25.35,25.1,OK,26.95,26.86,OK,25.75,25.57,OK,25.48,25.19,OK,0,0,,0,0,,11.3,OK,11.28,OK,11.35,OK,11.31,OK,11.44,OK,11.45,OK,11.42,OK,0,,0,,10.74,OK,10.7,OK,10.78,OK,10.71,OK,10.97,OK,10.85,OK,10.77,OK,0,,0,,,,81.75,OK,,,,81.81,OK,,,,157.38,OK,,,,157.21,OK,,,,37.18,OK,,,,37.51,OK,,,,,,,,,,,,,,,,,
2406150923D,ATKINSON 3.8 OCV,DM4P5,2024-06-15 19:18:16,18.987,24.47,OK,23.22,23.01,OK,22.46,22.46,OK,23.78,23.48,OK,24.78,24.38,OK,24.89,24.75,OK,24.29,24.03,OK,24.45,24.01,OK,0,0,,0,0,,12.58,OK,12.74,OK,12.58,OK,12.59,OK,12.65,OK,12.6,OK,12.69,OK,0,,0,,9.35,OK,9.77,OK,9.49,OK,9.72,OK,10.13,OK,10.03,OK,9.91,OK,0,,0,,,,82.31,OK,,,,81.91,OK,,,,157.62,OK,,,,157.69,OK,,,,37.64,OK,,,,37.68,OK,,,,,,,,,,,,,,,,,
2406150926D,ATKINSON 3.8 OCV,DM2P9,2024-06-15 19:19:11,18.99,24.85,OK,25.69,25.62,OK,23.34,23.25,OK,24.31,24.17,OK,25.06,25.04,OK,25.69,25.62,OK,25.77,25.69,OK,25.64,25.57,OK,0,0,,0,0,,10.68,OK,10.74,OK,11.56,OK,10.83,OK,10.85,OK,10.86,OK,11.37,OK,0,,0,,10.15,OK,10.17,OK,10.19,OK,10.15,OK,10.2,OK,10.01,OK,10.21,OK,0,,0,,,,82.22,OK,,,,82.42,OK,,,,157.84,OK,,,,158.08,OK,,,,38.05,OK,,,,37.57,OK,,,,,,,,,,,,,,,,,
2406150927D,ATKINSON 3.8 OCV,DM3P2,2024-06-15 19:20:06,18.986,26.5,OK,27.37,27.21,OK,24.22,24.01,OK,23.29,23.13,OK,23.87,23.82,OK,24.13,24.03,OK,25.15,25.01,OK,23.75,23.66,OK,0,0,,0,0,,11.76,OK,11.86,OK,11.81,OK,11.89,OK,11.91,OK,11.63,OK,11.61,OK,0,,0,,12.86,OK,12.86,OK,12.84,OK,12.88,OK,12.69,OK,12.76,OK,12.62,OK,0,,0,,,,81.69,OK,,,,82.17,OK,,,,157.18,OK,,,,157.55,OK,,,,37.33,OK,,,,37.21,OK,,,,,,,,,,,,,,,,,
2406150928D,ATKINSON 3.8 OCV,DM1P6,2024-06-15 19:21:01,18.992,25.47,OK,25.69,25.26,OK,25.87,25.71,OK,25.37,25.21,OK,26.99,26.86,OK,28.79,28.72,OK,27.73,27.58,OK,24.56,24.45,OK,0,0,,0,0,,11.33,OK,11.29,OK,11.36,OK,11.38,OK,11.46,OK,11.3,OK,11.59,OK,0,,0,,10.53,OK,10.66,OK,10.79,OK,10.8,OK,10.96,OK,10.82,OK,10.87,OK,0,,0,,,,83.11,OK,,,,82.98,OK,,,,156.76,OK,,,,157.3,OK,,,,37.1,OK,,,,37.17,OK,,,,,,,,,,,,,,,,,
2406150929D,ATKINSON 3.8 OCV,DM4P7,2024-06-15 19:21:56,18.998,23.81,OK,24.78,24.66,OK,23.62,23.52,OK,22.92,22.8,OK,23.78,23.68,OK,24.57,24.57,OK,23.04,22.97,OK,23.96,23.66,OK,0,0,,0,0,,12.6,OK,12.62,OK,12.62,OK,12.64,OK,12.66,OK,12.68,OK,12.62,OK,0,,0,,9.56,OK,9.78,OK,10.03,OK,9.9,OK,9.94,OK,10.03,OK,9.98,OK,0,,0,,,,83.11,OK,,,,83.31,OK,,,,157.43,OK,,,,157.05,OK,,,,37.2,OK,,,,37.33,OK,,,,,,,,,,,,,,,,,
2406150930D,ATKINSON 3.8 OCV,DM2P4,2024-06-15 19:22:55,18.991,25.21,OK,27.29,27.17,OK,25.23,25.14,OK,25.4,25.01,OK,26.2,26.1,OK,26.54,26.47,OK,24.36,24.29,OK,25.81,25.79,OK,0,0,,0,0,,10.84,OK,10.83,OK,10.86,OK,10.86,OK,10.88,OK,10.79,OK,11.48,OK,0,,0,,10.25,OK,10.18,OK,10.2,OK,10.16,OK,10.16,OK,10.2,OK,10.16,OK,0,,0,,,,82.09,OK,,,,82.48,OK,,,,157.97,OK,,,,157.95,OK,,,,37.67,OK,,,,37.77,OK,,,,,,,,,,,,,,,,,
2406150931D,ATKINSON 3.8 OCV,DM3P5,2024-06-15 19:23:53,18.984,25.06,OK,25.89,25.8,OK,25.24,24.75,OK,23.45,23.31,OK,24.94,24.82,OK,24.54,24.52,OK,24.43,24.26,OK,24.45,24.08,OK,0,0,,0,0,,11.79,OK,11.72,OK,11.86,OK,11.86,OK,11.8,OK,11.81,OK,11.79,OK,0,,0,,12.84,OK,12.82,OK,12.86,OK,12.87,OK,12.87,OK,12.9,OK,12.91,OK,0,,0,,,,81.89,OK,,,,81.55,OK,,,,157.48,OK,,,,157.78,OK,,,,37.79,OK,,,,37.62,OK,,,,,,,,,,,,,,,,,
2406150932D,ATKINSON 3.8 OCV,DM1P8,2024-06-15 19:24:49,18.996,26.9,OK,27.15,26.97,OK,23.71,23.64,OK,23.46,23.3,OK,26.34,26.29,OK,27.28,27.04,OK,25.8,25.64,OK,25.51,25.44,OK,0,0,,0,0,,11.37,OK,11.28,OK,11.31,OK,11.34,OK,11.45,OK,11.75,OK,11.34,OK,0,,0,,10.81,OK,10.61,OK,10.93,OK,10.83,OK,10.93,OK,10.89,OK,10.97,OK,0,,0,,,,82.04,OK,,,,82.17,OK,,,,156.35,OK,,,,157.08,OK,,,,36.82,OK,,,,37.13,OK,,,,,,,,,,,,,,,,,
2406150933D,ATKINSON 3.8 OCV,DM4P1,2024-06-15 19:25:47,18.993,25.27,OK,24.57,24.43,OK,23.41,23.27,OK,23.73,23.31,OK,23.29,23.13,OK,24.73,24.43,OK,24.82,24.59,OK,23.64,23.45,OK,0,0,,0,0,,12.47,OK,12.24,OK,12.47,OK,12.61,OK,12.64,OK,12.51,OK,12.75,OK,0,,0,,8.92,OK,9.25,OK,9.83,OK,9.96,OK,9.75,OK,9.71,OK,9.8,OK,0,,0,,,,82.43,OK,,,,82.64,OK,,,,157.24,OK,,,,157.48,OK,,,,37.19,OK,,,,37.27,OK,,,,,,,,,,,,,,,,,
2406150934D,ATKINSON 3.8 OCV,DM2P9,2024-06-15 19:26:42,18.994,25.72,OK,28.7,28.65,OK,23.78,23.71,OK,24.38,24.17,OK,25.5,25.45,OK,24.38,24.34,OK,23.88,23.8,OK,26.59,26.49,OK,0,0,,0,0,,10.73,OK,10.84,OK,10.84,OK,10.85,OK,10.85,OK,11.34,OK,10.78,OK,0,,0,,10.19,OK,10.26,OK,10.17,OK,10.19,OK,10.17,OK,10.12,OK,10.21,OK,0,,0,,,,82.52,OK,,,,82.24,OK,,,,158.23,OK,,,,158.21,OK,,,,38.33,OK,,,,37.71,OK,,,,,,,,,,,,,,,,,
2406150935D,ATKINSON 3.8 OCV,DM3P2,2024-06-15 19:27:38,18.997,25.33,OK,23.75,23.64,OK,24.1,23.73,OK,22.27,22.11,OK,22.62,22.52,OK,23.52,23.38,OK,22.69,22.59,OK,23.52,23.15,OK,0,0,,0,0,,11.58,OK,11.68,OK,12,OK,11.79,OK,11.88,OK,11.86,OK,11.82,OK,0,,0,,12.76,OK,12.77,OK,12.9,OK,12.86,OK,12.56,OK,12.6,OK,12.62,OK,0,,0,,,,82.23,OK,,,,82.53,OK,,,,156.94,OK,,,,157.3,OK,,,,37.32,OK,,,,37.27,OK,,,,,,,,,,,,,,,,,
2406150936D,ATKINSON 3.8 OCV,DM1P6,2024-06-15 19:28:33,18.992,26.01,OK,26.52,26.38,OK,24.65,24.56,OK,23.48,23.17,OK,26.45,26.36,OK,28.41,28.14,OK,26.56,26.29,OK,25.15,25.1,OK,0,0,,0,0,,11.33,OK,11.32,OK,11.43,OK,11.33,OK,11.46,OK,11.43,OK,11.71,OK,0,,0,,10.52,OK,10.73,OK,10.77,OK,10.78,OK,10.82,OK,10.83,OK,10.75,OK,0,,0,,,,83.39,OK,,,,83.54,OK,,,,156.24,OK,,,,156.47,OK,,,,36.5,OK,,,,36.95,OK,,,,,,,,,,,,,,,,,
2406150937D,ATKINSON 3.8 OCV,DM4P7,2024-06-15 19:29:31,18.998,26.16,OK,25.89,25.7,OK,24.2,24.13,OK,24.73,24.54,OK,24.26,24.2,OK,24.68,24.31,OK,25.22,25.05,OK,26.17,25.84,OK,0,0,,0,0,,12.58,OK,12.64,OK,12.67,OK,12.63,OK,12.69,OK,12.73,OK,12.55,OK,0,,0,,9.27,OK,9.84,OK,9.98,OK,10.01,OK,10.06,OK,10.03,OK,9.84,OK,0,,0,,,,82.48,OK,,,,83,OK,,,,158.08,OK,,,,157.4,OK,,,,37.27,OK,,,,37.36,OK,,,,,,,,,,,,,,,,,
2406150939D,ATKINSON 3.8 OCV,DM3P5,2024-06-15 19:30:27,18.993,25.66,OK,25.05,24.98,OK,25.91,25.4,OK,23.55,23.31,OK,24.87,24.59,OK,23.94,23.89,OK,26.4,26.33,OK,23.08,22.9,OK,0,0,,0,0,,11.64,OK,11.8,OK,11.92,OK,11.78,OK,11.82,OK,11.94,OK,11.88,OK,0,,0,,12.9,OK,12.8,OK,12.87,OK,12.89,OK,12.92,OK,12.59,OK,12.88,OK,0,,0,,,,82.21,OK,,,,81.56,OK,,,,157.7,OK,,,,157.96,OK,,,,38.01,OK,,,,37.94,OK,,,,,,,,,,,,,,,,,
2406150940D,ATKINSON 3.8 OCV,DM1P8,2024-06-15 19:31:25,18.981,24.91,OK,26.79,26.72,OK,26.16,26.05,OK,26.68,26.47,OK,27.35,27.17,OK,28.63,28.5,OK,27.69,27.53,OK,24.88,24.76,OK,0,0,,0,0,,11.28,OK,11.27,OK,11.29,OK,11.33,OK,11.46,OK,11.45,OK,11.32,OK,0,,0,,10.71,OK,10.73,OK,10.87,OK,10.91,OK,10.96,OK,10.82,OK,10.86,OK,0,,0,,,,82.27,OK,,,,82.43,OK,,,,156.78,OK,,,,156.78,OK,,,,36.43,OK,,,,36.67,OK,,,,,,,,,,,,,,,,,
2406150941D,ATKINSON 3.8 OCV,DM4P1,2024-06-15 19:32:20,18.984,25.05,OK,25.73,25.7,OK,24.26,24.08,OK,23.71,23.52,OK,25.54,25.22,OK,25.66,25.22,OK,25.38,25.05,OK,24.17,24.1,OK,0,0,,0,0,,12.58,OK,12.68,OK,12.78,OK,12.66,OK,12.67,OK,12.65,OK,12.75,OK,0,,0,,9.37,OK,9.81,OK,9.84,OK,9.95,OK,10.1,OK,10.05,OK,9.91,OK,0,,0,,,,82.37,OK,,,,82.13,OK,,,,157.25,OK,,,,157.54,OK,,,,37.42,OK,,,,37.51,OK,,,,,,,,,,,,,,,,,
2406150942D,ATKINSON 3.8 OCV,DM2P9,2024-06-15 19:33:19,18.991,24.7,OK,25.26,25.18,OK,23.42,23.29,OK,24.55,24.26,OK,24.6,24.53,OK,25.23,25.16,OK,24.31,24.24,OK,25.01,24.97,OK,0,0,,0,0,,10.85,OK,11.08,OK,10.84,OK,10.84,OK,10.83,OK,11.37,OK,10.84,OK,0,,0,,10.05,OK,10.21,OK,10.16,OK,10.18,OK,10.18,OK,10.15,OK,10.17,OK,0,,0,,,,82.33,OK,,,,82.46,OK,,,,157.99,OK,,,,158.15,OK,,,,38.25,OK,,,,37.76,OK,,,,,,,,,,,,,,,,,
2406150943D,ATKINSON 3.8 OCV,DM3P2,2024-06-15 19:34:17,18.99,25.77,OK,24.84,24.78,OK,25.1,24.82,OK,22.59,22.48,OK,22.87,22.8,OK,24.15,24.03,OK,23.68,23.64,OK,23.99,23.73,OK,0,0,,0,0,,11.62,OK,11.84,OK,11.8,OK,11.86,OK,11.95,OK,11.79,OK,11.78,OK,0,,0,,12.67,OK,12.9,OK,12.85,OK,12.88,OK,12.59,OK,12.8,OK,12.75,OK,0,,0,,,,82.46,OK,,,,82.45,OK,,,,156.87,OK,,,,157.03,OK,,,,37.48,OK,,,,37.25,OK,,,,,,,,,,,,,,,,,
2406150944D,ATKINSON 3.8 OCV,DM1P6,2024-06-15 19:35:13,18.988,24.26,OK,27.04,26.61,OK,25.93,25.84,OK,24.76,24.49,OK,26.23,26.16,OK,28.43,28.3,OK,27.94,27.78,OK,24.99,24.92,OK,0,0,,0,0,,11.37,OK,11.32,OK,11.34,OK,11.3,OK,11.43,OK,11.49,OK,11.45,OK,0,,0,,10.53,OK,10.6,OK,10.92,OK,10.87,OK,10.9,OK,10.85,OK,10.91,OK,0,,0,,,,83.26,OK,,,,83.14,OK,,,,156.69,OK,,,,156.66,OK,,,,37.27,OK,,,,37.5,OK,,,,,,,,,,,,,,,,,
2406150945D,ATKINSON 3.8 OCV,DM4P7,2024-06-15 19:36:11,18.996,24.52,OK,22.66,22.52,OK,24.98,24.84,OK,23.71,23.45,OK,23.55,23.15,OK,24.94,24.66,OK,24.13,23.82,OK,24.57,24.15,OK,0,0,,0,0,,12.6,OK,12.58,OK,12.61,OK,12.62,OK,12.67,OK,12.67,OK,12.3,OK,0,,0,,9.29,OK,9.82,OK,9.97,OK,9.85,OK,10.15,OK,9.69,OK,9.91,OK,0,,0,,,,82.57,OK,,,,82.87,OK,,,,157.52,OK,,,,157.36,OK,,,,37.52,OK,,,,37.38,OK,,,,,,,,,,,,,,,,,
2406150946D,ATKINSON 3.8 OCV,DM2P4,2024-06-15 19:37:10,18.989,24.75,OK,26.08,25.98,OK,23.66,23.56,OK,24.41,24.17,OK,25.11,25.06,OK,24.51,24.43,OK,24.26,24.19,OK,24.97,24.92,OK,0,0,,0,0,,11.09,OK,10.78,OK,10.86,OK,10.83,OK,10.86,OK,10.77,OK,11.13,OK,0,,0,,10.27,OK,10.21,OK,10.17,OK,10.17,OK,10.03,OK,10.19,OK,10.14,OK,0,,0,,,,82.15,OK,,,,82.37,OK,,,,158.21,OK,,,,158.29,OK,,,,38.14,OK,,,,38.24,OK,,,,,,,,,,,,,,,,,
2406150947D,ATKINSON 3.8 OCV,DM3P5,2024-06-15 19:38:05,18.995,25.41,OK,24.13,24.1,OK,24.59,23.85,OK,23.41,23.2,OK,23.96,23.64,OK,24.31,24.2,OK,24.01,23.66,OK,23.08,22.62,OK,0,0,,0,0,,11.58,OK,11.88,OK,11.71,OK,11.81,OK,11.88,OK,11.87,OK,11.84,OK,0,,0,,12.93,OK,12.74,OK,12.84,OK,12.86,OK,12.66,OK,12.61,OK,12.71,OK,0,,0,,,,82.11,OK,,,,82.09,OK,,,,157.22,OK,,,,157.29,OK,,,,37.3,OK,,,,37.18,OK,,,,,,,,,,,,,,,,,
2406150948D,ATKINSON 3.8 OCV,DM1P8,2024-06-15 19:39:00,18.984,24.8,OK,25.24,24.92,OK,24.99,24.83,OK,24.22,24.09,OK,27.31,27.22,OK,26.77,26.65,OK,27.96,27.85,OK,27.01,26.92,OK,0,0,,0,0,,11.28,OK,11.2,OK,11.36,OK,11.36,OK,11.47,OK,11.43,OK,11.46,OK,0,,0,,10.68,OK,10.86,OK,10.97,OK,10.88,OK,10.71,OK,11.05,OK,10.77,OK,0,,0,,,,82.23,OK,,,,82.68,OK,,,,157.15,OK,,,,157.25,OK,,,,36.6,OK,,,,37.17,OK,,,,,,,,,,,,,,,,,
2406150949D,ATKINSON 3.8 OCV,DM4P1,2024-06-15 19:39:59,18.998,25.01,OK,26.31,26.17,OK,23.75,23.73,OK,23.8,23.64,OK,24.2,23.87,OK,25.17,24.68,OK,25.05,24.84,OK,24.8,24.5,OK,0,0,,0,0,,12.72,OK,12.62,OK,12.63,OK,12.64,OK,12.66,OK,12.47,OK,12.57,OK,0,,0,,9.46,OK,9.69,OK,9.64,OK,9.83,OK,9.53,OK,9.88,OK,10.03,OK,0,,0,,,,81.97,OK,,,,82.26,OK,,,,157.43,OK,,,,157.86,OK,,,,37.44,OK,,,,37.48,OK,,,,,,,,,,,,,,,,,
2406150950D,ATKINSON 3.8 OCV,DM2P9,2024-06-15 19:40:54,18.999,26,OK,26.44,26.37,OK,23.73,23.66,OK,24.72,24.48,OK,25.67,25.62,OK,25.52,25.47,OK,25.11,25.09,OK,25.5,25.43,OK,0,0,,0,0,,11.29,OK,10.77,OK,10.75,OK,10.86,OK,10.85,OK,10.81,OK,11.39,OK,0,,0,,10.16,OK,10.47,OK,10.19,OK,10.21,OK,10.19,OK,10.21,OK,10.18,OK,0,,0,,,,82.33,OK,,,,82.44,OK,,,,157.76,OK,,,,157.9,OK,,,,38.12,OK,,,,37.38,OK,,,,,,,,,,,,,,,,,
2406150951D,ATKINSON 3.8 OCV,DM3P2,2024-06-15 19:41:52,18.987,25.73,OK,24.71,24.61,OK,24.38,23.92,OK,22.64,22.5,OK,23.89,23.75,OK,23.13,23.06,OK,26,25.84,OK,23.29,22.92,OK,0,0,,0,0,,11.62,OK,11.7,OK,11.65,OK,11.82,OK,11.92,OK,11.75,OK,11.76,OK,0,,0,,12.77,OK,12.78,OK,12.87,OK,12.87,OK,12.6,OK,12.75,OK,12.73,OK,0,,0,,,,81.98,OK,,,,82.2,OK,,,,157,OK,,,,157.44,OK,,,,37.5,OK,,,,37.53,OK,,,,,,,,,,,,,,,,,
2406150952D,ATKINSON 3.8 OCV,DM1P6,2024-06-15 19:42:48,18.988,24.86,OK,27.26,26.83,OK,25.35,25.24,OK,25.69,25.53,OK,26.38,26.32,OK,27.51,27.19,OK,26.97,26.9,OK,25.51,25.44,OK,0,0,,0,0,,11.36,OK,11.32,OK,11.3,OK,11.37,OK,11.44,OK,11.37,OK,11.41,OK,0,,0,,10.74,OK,10.62,OK,10.86,OK,10.83,OK,10.7,OK,10.7,OK,11.1,OK,0,,0,,,,83.43,OK,,,,83.38,OK,,,,156.29,OK,,,,157.06,OK,,,,36.78,OK,,,,36.97,OK,,,,,,,,,,,,,,,,,
2406150953D,ATKINSON 3.8 OCV,DM4P7,2024-06-15 19:43:43,18.99,25.26,OK,24.01,23.89,OK,23.8,23.75,OK,22.76,22.55,OK,25.01,24.5,OK,24.24,23.66,OK,23.82,23.41,OK,23.45,23.24,OK,0,0,,0,0,,12.6,OK,12.61,OK,12.6,OK,12.61,OK,12.66,OK,12.71,OK,12.75,OK,0,,0,,9.26,OK,9.83,OK,9.74,OK,9.91,OK,10.14,OK,9.92,OK,9.95,OK,0,,0,,,,81.98,OK,,,,82.66,OK,,,,158.41,OK,,,,157.71,OK,,,,37.61,OK,,,,37.68,OK,,,,,,,,,,,,,,,,,
2406150954D,ATKINSON 3.8 OCV,DM2P4,2024-06-15 19:44:38,18.998,24.58,OK,25.91,25.86,OK,23.37,23.29,OK,24.36,24.07,OK,23.9,23.83,OK,24.43,24.41,OK,24.02,24.02,OK,24.43,24.41,OK,0,0,,0,0,,11.09,OK,11.46,OK,10.85,OK,10.86,OK,10.87,OK,11.09,OK,10.85,OK,0,,0,,10.18,OK,10.16,OK,10.19,OK,10.17,OK,10.18,OK,10.21,OK,10.18,OK,0,,0,,,,81.95,OK,,,,82.07,OK,,,,157.86,OK,,,,158.04,OK,,,,37.53,OK,,,,37.7,OK,,,,,,,,,,,,,,,,,
2406150955D,ATKINSON 3.8 OCV,DM3P5,2024-06-15 19:45:33,18.982,25.4,OK,25.38,25.36,OK,25.08,24.57,OK,23.36,23.1,OK,24.36,24.31,OK,24.64,24.61,OK,24.66,24.54,OK,24.31,23.94,OK,0,0,,0,0,,11.47,OK,11.8,OK,11.83,OK,11.8,OK,11.9,OK,11.95,OK,11.88,OK,0,,0,,12.61,OK,12.74,OK,12.84,OK,12.86,OK,12.79,OK,12.57,OK,12.8,OK,0,,0,,,,82.35,OK,,,,81.79,OK,,,,157.13,OK,,,,157.5,OK,,,,37.66,OK,,,,37.49,OK,,,,,,,,,,,,,,,,,
2406150956D,ATKINSON 3.8 OCV,DM1P8,2024-06-15 19:46:32,18.989,25.32,OK,26.09,26.02,OK,24.67,24.54,OK,23.91,23.77,OK,26.97,26.9,OK,27.46,27.35,OK,26.95,26.86,OK,23.84,23.8,OK,0,0,,0,0,,11.22,OK,11.68,OK,11.3,OK,11.4,OK,11.49,OK,11.44,OK,11.42,OK,0,,0,,10.74,OK,10.68,OK,10.79,OK,10.77,OK,10.75,OK,10.7,OK,10.8,OK,0,,0,,,,82.1,OK,,,,82.46,OK,,,,157.22,OK,,,,157.44,OK,,,,36.95,OK,,,,37.39,OK,,,,,,,,,,,,,,,,,
2406150958D,ATKINSON 3.8 OCV,DM2P9,2024-06-15 19:47:27,18.996,25.17,OK,26.76,26.71,OK,23.13,23,OK,23.8,23.63,OK,23.8,23.76,OK,24.29,24.26,OK,25.01,25.01,OK,24.07,24.02,OK,0,0,,0,0,,11.02,OK,10.86,OK,11.23,OK,10.87,OK,10.85,OK,10.85,OK,10.87,OK,0,,0,,10,OK,10.2,OK,10.17,OK,10.17,OK,10.17,OK,10.15,OK,10.18,OK,0,,0,,,,82.11,OK,,,,82.12,OK,,,,158.14,OK,,,,158.25,OK,,,,38.36,OK,,,,37.77,OK,,,,,,,,,,,,,,,,,
2406150959D,ATKINSON 3.8 OCV,DM3P2,2024-06-15 19:48:22,18.996,24.81,OK,25.8,25.8,OK,25.66,25.08,OK,22.69,22.64,OK,22.85,22.73,OK,24.03,23.82,OK,23.8,23.55,OK,23.52,23.41,OK,0,0,,0,0,,11.8,OK,11.6,OK,11.67,OK,11.99,OK,11.9,OK,11.84,OK,11.82,OK,0,,0,,12.69,OK,12.85,OK,12.84,OK,12.87,OK,12.85,OK,12.85,OK,12.87,OK,0,,0,,,,81.69,OK,,,,81.74,OK,,,,157.51,OK,,,,157.58,OK,,,,37.7,OK,,,,37.73,OK,,,,,,,,,,,,,,,,,
2406150957D,ATKINSON 3.8 OCV,DM4P1,2024-06-15 19:49:18,18.996,24.37,OK,25.36,25.29,OK,23.57,23.45,OK,24.66,24.24,OK,26.05,25.75,OK,25.22,24.73,OK,24.78,24.5,OK,24.38,24.08,OK,0,0,,0,0,,12.51,OK,12.63,OK,12.5,OK,12.7,OK,12.67,OK,12.57,OK,12.62,OK,0,,0,,9.44,OK,9.65,OK,10.01,OK,9.76,OK,10.15,OK,10.1,OK,9.88,OK,0,,0,,,,81.89,OK,,,,82.23,OK,,,,157.82,OK,,,,157.8,OK,,,,37.61,OK,,,,37.64,OK,,,,,,,,,,,,,,,,,
2406150960D,ATKINSON 3.8 OCV,DM1P6,2024-06-15 19:50:16,18.989,24.33,OK,24.27,24.16,OK,26.27,26.14,OK,26.07,25.91,OK,26.54,26.38,OK,28.48,28.09,OK,28.05,27.89,OK,26.2,26.14,OK,0,0,,0,0,,11.2,OK,11.36,OK,11.39,OK,11.35,OK,11.46,OK,11.42,OK,11.4,OK,0,,0,,10.7,OK,10.8,OK,10.87,OK,10.72,OK,10.84,OK,10.69,OK,10.79,OK,0,,0,,,,83.11,OK,,,,83,OK,,,,156.87,OK,,,,156.87,OK,,,,37.1,OK,,,,37.44,OK,,,,,,,,,,,,,,,,,
2406150925D,ATKINSON 3.8 OCV,DM5P1,2024-06-15 19:51:15,18.99,24.86,OK,28.06,27.36,OK,25.25,25.2,OK,23,22.72,OK,23.32,23.23,OK,23.04,23.04,OK,23.44,23.44,OK,24.37,24.34,OK,0,0,,0,0,,2.29,OK,2.87,OK,2.71,OK,2.84,OK,2.7,OK,2.7,OK,2.77,OK,0,,0,,0.85,OK,0.8,OK,0.84,OK,0.81,OK,0.88,OK,0.84,OK,0.86,OK,0,,0,,,,82.69,OK,,,,82.18,OK,,,,157.13,OK,,,,157.67,OK,,,,37.37,OK,,,,37.97,OK,,,,,,,,,,,,,,,,,
2406150961D,ATKINSON 3.8 OCV,DM2P4,2024-06-15 19:52:10,18.987,26.12,OK,26.93,26.88,OK,23.2,23.08,OK,24.94,24.58,OK,25.01,24.94,OK,24.17,24.12,OK,25.06,25.04,OK,25.06,25.04,OK,0,0,,0,0,,10.9,OK,10.86,OK,11.09,OK,11.15,OK,10.84,OK,11.13,OK,10.85,OK,0,,0,,10.19,OK,10.18,OK,10.4,OK,10.2,OK,10.23,OK,10.18,OK,10.32,OK,0,,0,,,,81.88,OK,,,,82.18,OK,,,,158.09,OK,,,,158.09,OK,,,,37.78,OK,,,,37.96,OK,,,,,,,,,,,,,,,,,
2406150962D,ATKINSON 3.8 OCV,DM3P5,2024-06-15 19:53:05,18.99,24.97,OK,25.29,25.24,OK,24.87,24.26,OK,23.24,23.17,OK,23.71,23.5,OK,24.89,24.87,OK,24.08,24.01,OK,24.01,23.59,OK,0,0,,0,0,,11.51,OK,11.81,OK,11.71,OK,11.86,OK,11.99,OK,11.8,OK,11.82,OK,0,,0,,12.83,OK,12.87,OK,12.88,OK,12.93,OK,12.75,OK,12.75,OK,12.89,OK,0,,0,,,,81.92,OK,,,,81.52,OK,,,,157.92,OK,,,,157.82,OK,,,,38.21,OK,,,,38.23,OK,,,,,,,,,,,,,,,,,
2406150963D,ATKINSON 3.8 OCV,DM4P7,2024-06-15 19:54:04,18.99,24.97,OK,24.31,24.22,OK,23.8,23.71,OK,23.45,23.08,OK,24.2,23.96,OK,24.24,23.99,OK,24.47,24.03,OK,23.94,23.34,OK,0,0,,0,0,,12.44,OK,12.75,OK,12.72,OK,12.57,OK,12.67,OK,12.61,OK,12.64,OK,0,,0,,9.44,OK,9.74,OK,9.43,OK,9.82,OK,10.02,OK,10.08,OK,9.69,OK,0,,0,,,,82.16,OK,,,,82.8,OK,,,,158.31,OK,,,,157.64,OK,,,,37.78,OK,,,,38.17,OK,,,,,,,,,,,,,,,,,
2406150964D,ATKINSON 3.8 OCV,DM1P8,2024-06-15 19:55:02,18.989,26.31,OK,26.59,26.5,OK,26.68,26.59,OK,24.63,24.43,OK,26.14,26.05,OK,29.22,28.99,OK,26.88,26.74,OK,26.29,26.2,OK,0,0,,0,0,,11.32,OK,11.48,OK,11.25,OK,11.37,OK,11.67,OK,11.35,OK,11.35,OK,0,,0,,10.59,OK,10.73,OK,10.81,OK,10.52,OK,10.74,OK,10.55,OK,10.9,OK,0,,0,,,,82.12,OK,,,,82.13,OK,,,,157.41,OK,,,,157.29,OK,,,,37.17,OK,,,,37.42,OK,,,,,,,,,,,,,,,,,
2406150965D,ATKINSON 3.8 OCV,DM5P3,2024-06-15 19:55:57,18.984,25.6,OK,26.76,26.52,OK,23.58,23.37,OK,23,22.35,OK,24.78,24.34,OK,24.46,24.04,OK,23.23,23.18,OK,23.23,23.21,OK,0,0,,0,0,,2.29,OK,2.67,OK,2.73,OK,2.68,OK,2.73,OK,2.72,OK,2.63,OK,0,,0,,0.84,OK,0.81,OK,0.83,OK,0.8,OK,0.77,OK,0.82,OK,0.8,OK,0,,0,,,,82.45,OK,,,,81.94,OK,,,,158,OK,,,,158.21,OK,,,,37.25,OK,,,,37.99,OK,,,,,,,,,,,,,,,,,
2406150966D,ATKINSON 3.8 OCV,DM2P1,2024-06-15 19:56:56,18.992,25.17,OK,24.87,24.87,OK,23.39,23.27,OK,24.26,24.14,OK,24.55,24.55,OK,24.55,24.46,OK,23.97,23.9,OK,24.63,24.55,OK,0,0,,0,0,,10.79,OK,11.18,OK,11.07,OK,10.83,OK,10.85,OK,10.87,OK,11.59,OK,0,,0,,10.17,OK,10.06,OK,10.18,OK,10.17,OK,10.16,OK,10.2,OK,10.25,OK,0,,0,,,,82.29,OK,,,,82.23,OK,,,,157.74,OK,,,,158.17,OK,,,,37.49,OK,,,,37.75,OK,,,,,,,,,,,,,,,,,
2406150967D,ATKINSON 3.8 OCV,DM3P9,2024-06-15 19:57:51,18.986,25.73,OK,24.8,24.66,OK,24.71,24.36,OK,22.27,22.11,OK,22.41,22.27,OK,24.29,24.06,OK,24.22,23.8,OK,23.8,23.48,OK,0,0,,0,0,,11.79,OK,11.82,OK,11.8,OK,11.76,OK,11.79,OK,11.96,OK,12.04,OK,0,,0,,12.85,OK,12.88,OK,12.71,OK,12.89,OK,12.91,OK,12.86,OK,12.88,OK,0,,0,,,,81.63,OK,,,,81.9,OK,,,,158.56,OK,,,,158.2,OK,,,,38.63,OK,,,,38.13,OK,,,,,,,,,,,,,,,,,
2406150968D,ATKINSON 3.8 OCV,DM4P2,2024-06-15 19:58:50,18.984,25.52,OK,23.94,23.82,OK,23.8,23.75,OK,22.2,22.04,OK,22.78,22.36,OK,23.85,23.75,OK,24.38,24.29,OK,23.29,23.22,OK,0,0,,0,0,,12.48,OK,12.48,OK,12.63,OK,12.55,OK,12.72,OK,12.62,OK,12.66,OK,0,,0,,9.21,OK,9.63,OK,9.66,OK,9.56,OK,10.01,OK,10.09,OK,10.08,OK,0,,0,,,,81.75,OK,,,,81.98,OK,,,,157.76,OK,,,,157.62,OK,,,,37.67,OK,,,,37.72,OK,,,,,,,,,,,,,,,,,
2406150969D,ATKINSON 3.8 OCV,DM1P6,2024-06-15 19:59:48,18.982,26.07,OK,28.59,28.14,OK,25.19,24.99,OK,25.1,24.88,OK,27.8,27.64,OK,28.52,28.23,OK,28.75,28.45,OK,26.54,26.47,OK,0,0,,0,0,,11.31,OK,11.34,OK,11.32,OK,11.42,OK,11.43,OK,11.49,OK,11.41,OK,0,,0,,10.55,OK,10.76,OK,10.94,OK,10.6,OK,10.73,OK,10.61,OK,10.78,OK,0,,0,,,,82.94,OK,,,,83.1,OK,,,,156.92,OK,,,,156.98,OK,,,,37.28,OK,,,,37.67,OK,,,,,,,,,,,,,,,,,
2406150970D,ATKINSON 3.8 OCV,DM5P4,2024-06-15 20:00:43,18.991,25.72,OK,25.5,25.43,OK,23.18,23.11,OK,22.56,22.26,OK,22.72,22.67,OK,23.88,23.62,OK,24.18,23.9,OK,23.35,23.3,OK,0,0,,0,0,,2.26,OK,2.68,OK,2.72,OK,2.68,OK,2.82,OK,2.61,OK,2.64,OK,0,,0,,0.86,OK,0.8,OK,0.79,OK,2.38,OK,2.41,OK,0.86,OK,0.82,OK,0,,0,,,,81.67,OK,,,,81.82,OK,,,,157.52,OK,,,,158.19,OK,,,,37.38,OK,,,,38.19,OK,,,,,,,,,,,,,,,,,
2406150971D,ATKINSON 3.8 OCV,DM2P5,2024-06-15 20:01:42,18.996,25.28,OK,26.66,26.54,OK,23.68,23.61,OK,25.06,24.85,OK,24.24,24.24,OK,24.97,24.97,OK,24.19,24.14,OK,25.45,25.35,OK,0,0,,0,0,,11.2,OK,11.35,OK,11.16,OK,10.84,OK,10.86,OK,10.85,OK,11.55,OK,0,,0,,10.19,OK,10.19,OK,10.29,OK,10.23,OK,10.19,OK,10.23,OK,10.32,OK,0,,0,,,,82.19,OK,,,,81.75,OK,,,,158.02,OK,,,,158.2,OK,,,,38.19,OK,,,,38.1,OK,,,,,,,,,,,,,,,,,
2406150974D,ATKINSON 3.8 OCV,DM1P3,2024-06-15 20:02:37,18.986,24.83,OK,25.64,25.19,OK,29.53,29.49,OK,27.15,26.88,OK,29.96,29.6,OK,30.39,29.96,OK,28.63,28.3,OK,27.4,27.35,OK,0,0,,0,0,,11.38,OK,11.33,OK,11.37,OK,11.38,OK,11.45,OK,11.42,OK,11.45,OK,0,,0,,10.35,OK,10.77,OK,10.79,OK,10.75,OK,10.76,OK,10.58,OK,10.88,OK,0,,0,,,,82.61,OK,,,,82.5,OK,,,,157.32,OK,,,,157.6,OK,,,,37.08,OK,,,,37.4,OK,,,,,,,,,,,,,,,,,
2406150972D,ATKINSON 3.8 OCV,DM3P7,2024-06-15 20:03:36,18.997,26.35,OK,25.31,25.31,OK,24.47,23.68,OK,23.73,23.45,OK,23.36,22.94,OK,24.03,23.87,OK,24.2,23.75,OK,24.03,23.73,OK,0,0,,0,0,,11.73,OK,11.8,OK,11.78,OK,11.87,OK,11.78,OK,12.1,OK,11.93,OK,0,,0,,12.86,OK,12.87,OK,12.83,OK,12.79,OK,12.87,OK,12.9,OK,12.7,OK,0,,0,,,,82.69,OK,,,,82.54,OK,,,,158.18,OK,,,,157.68,OK,,,,38.07,OK,,,,38.21,OK,,,,,,,,,,,,,,,,,
2406150973D,ATKINSON 3.8 OCV,DM4P8,2024-06-15 20:04:34,18.994,25.98,OK,24.52,24.43,OK,23.73,23.62,OK,22.52,22.27,OK,23.99,23.66,OK,23.43,23.22,OK,23.36,23.01,OK,24.1,23.8,OK,0,0,,0,0,,12.62,OK,12.56,OK,12.44,OK,12.69,OK,12.51,OK,12.61,OK,12.65,OK,0,,0,,9.44,OK,9.65,OK,9.49,OK,9.76,OK,10.02,OK,10.01,OK,10.03,OK,0,,0,,,,81.81,OK,,,,81.99,OK,,,,157.83,OK,,,,157.71,OK,,,,37.57,OK,,,,37.73,OK,,,,,,,,,,,,,,,,,
2406150976D,ATKINSON 3.8 OCV,DM2P9,2024-06-15 20:05:33,18.984,25.76,OK,25.06,25.04,OK,24.09,24.05,OK,26.42,26.23,OK,25.23,25.11,OK,24.05,24.02,OK,24.89,24.85,OK,25.47,25.45,OK,0,0,,0,0,,11,OK,10.83,OK,10.86,OK,10.83,OK,10.87,OK,10.76,OK,11.16,OK,0,,0,,10.19,OK,10.2,OK,10.24,OK,10.2,OK,10.1,OK,10.21,OK,10.19,OK,0,,0,,,,82.01,OK,,,,82.02,OK,,,,158.73,OK,,,,158.42,OK,,,,38.46,OK,,,,37.93,OK,,,,,,,,,,,,,,,,,
2406150975D,ATKINSON 3.8 OCV,DM5P1,2024-06-15 20:06:31,18.987,25.81,OK,25.74,25.5,OK,26.25,26.13,OK,22.28,21.86,OK,23.79,23.74,OK,24.04,23.86,OK,22.67,22.6,OK,22.53,22.49,OK,0,0,,0,0,,2.28,OK,2.69,OK,2.72,OK,2.66,OK,2.65,OK,2.66,OK,2.66,OK,0,,0,,0.92,OK,0.81,OK,0.85,OK,0.81,OK,0.81,OK,0.84,OK,0.84,OK,0,,0,,,,81.82,OK,,,,81.84,OK,,,,157.42,OK,,,,158.52,OK,,,,37.32,OK,,,,37.34,OK,,,,,,,,,,,,,,,,,
2406150977D,ATKINSON 3.8 OCV,DM1P4,2024-06-15 20:07:27,18.985,25.23,OK,27.73,26.83,OK,27.71,27.58,OK,26.5,26.16,OK,29.2,28.88,OK,29.58,29.15,OK,30.43,29.98,OK,27.44,27.4,OK,0,0,,0,0,,11.34,OK,11.6,OK,11.41,OK,11.39,OK,11.45,OK,11.47,OK,11.41,OK,0,,0,,10.57,OK,10.79,OK,10.78,OK,10.74,OK,10.82,OK,10.7,OK,10.9,OK,0,,0,,,,82.08,OK,,,,81.91,OK,,,,157.4,OK,,,,157.45,OK,,,,37.39,OK,,,,37.43,OK,,,,,,,,,,,,,,,,,
2406150978D,ATKINSON 3.8 OCV,DM3P2,2024-06-15 20:08:22,18.998,25.58,OK,25.22,25.1,OK,25.45,25.03,OK,23.68,23.57,OK,23.41,22.94,OK,24.29,24.26,OK,24.66,24.57,OK,24.89,24.73,OK,0,0,,0,0,,11.63,OK,11.82,OK,11.82,OK,11.79,OK,11.8,OK,11.79,OK,11.79,OK,0,,0,,12.86,OK,12.87,OK,12.84,OK,12.91,OK,12.78,OK,12.73,OK,12.84,OK,0,,0,,,,81.68,OK,,,,82,OK,,,,157.65,OK,,,,157.67,OK,,,,37.83,OK,,,,37.57,OK,,,,,,,,,,,,,,,,,
2406150980D,ATKINSON 3.8 OCV,DM2P7,2024-06-15 20:09:20,18.99,25.42,OK,25.72,25.67,OK,24.31,24.12,OK,24.75,24.43,OK,25.04,25.04,OK,24.65,24.58,OK,25.14,25.09,OK,25.52,25.45,OK,0,0,,0,0,,10.82,OK,11.08,OK,10.85,OK,10.87,OK,10.85,OK,11.52,OK,11.11,OK,0,,0,,10.25,OK,10.2,OK,10.25,OK,10.27,OK,10.19,OK,10.15,OK,10.19,OK,0,,0,,,,82.25,OK,,,,82.65,OK,,,,158.74,OK,,,,157.74,OK,,,,38.07,OK,,,,38.39,OK,,,,,,,,,,,,,,,,,
2406150979D,ATKINSON 3.8 OCV,DM4P6,2024-06-15 20:10:16,18.99,25.42,OK,23.59,23.52,OK,22.85,22.8,OK,23.36,23.2,OK,24.78,24.5,OK,23.27,22.71,OK,24.13,23.8,OK,23.85,23.78,OK,0,0,,0,0,,12.58,OK,12.47,OK,12.44,OK,12.59,OK,12.66,OK,12.6,OK,12.63,OK,0,,0,,9.11,OK,9.45,OK,9.66,OK,9.5,OK,9.97,OK,9.98,OK,10.03,OK,0,,0,,,,82.41,OK,,,,82.56,OK,,,,157.45,OK,,,,157.2,OK,,,,37.78,OK,,,,38.26,OK,,,,,,,,,,,,,,,,,
2406150982D,ATKINSON 3.8 OCV,DM1P8,2024-06-15 20:11:11,18.983,24.93,OK,27.24,26.92,OK,27.04,26.97,OK,25.3,25.08,OK,29.4,29.2,OK,29.96,29.67,OK,31.22,30.82,OK,28.03,27.98,OK,0,0,,0,0,,11.39,OK,11.41,OK,11.34,OK,11.41,OK,11.51,OK,11.43,OK,11.46,OK,0,,0,,10.54,OK,10.7,OK,10.87,OK,10.91,OK,10.79,OK,10.87,OK,10.82,OK,0,,0,,,,81.89,OK,,,,82.53,OK,,,,157.31,OK,,,,157.6,OK,,,,37.08,OK,,,,37.4,OK,,,,,,,,,,,,,,,,,
2406150983D,ATKINSON 3.8 OCV,DM3P3,2024-06-15 20:12:06,18.986,24.93,OK,24.71,24.71,OK,25.61,24.96,OK,24.36,24.15,OK,24.17,23.57,OK,24.4,24.2,OK,24.68,24.1,OK,26.12,25.8,OK,0,0,,0,0,,11.64,OK,11.8,OK,11.86,OK,11.83,OK,11.86,OK,11.68,OK,11.5,OK,0,,0,,12.86,OK,12.87,OK,12.86,OK,12.85,OK,12.61,OK,12.74,OK,12.63,OK,0,,0,,,,82.58,OK,,,,81.96,OK,,,,158.32,OK,,,,158.09,OK,,,,37.86,OK,,,,37.98,OK,,,,,,,,,,,,,,,,,
2406151013D,ATKINSON 3.8 OCV,DM1P8,2024-06-15 20:12:24,18.985,26.46,OK,28.75,28.52,OK,29.13,29.02,OK,29.15,28.9,OK,31.65,31.38,OK,33.7,33.04,OK,35.72,35.36,NG,0,0,,0,0,,0,0,,11.34,OK,11.43,OK,11.44,OK,11.45,OK,11.44,OK,11.52,OK,1.23,OK,0,,0,,10.62,OK,10.76,OK,10.8,OK,10.99,OK,10.91,OK,1.52,OK,1.24,,0,,0,,,,,,,,,,,,,,,,,,,,,,,,,,,,,,,,,,,,,,,,,,,,,,,
2406150984D,ATKINSON 3.8 OCV,DM2P9,2024-06-15 20:13:04,18.989,25.17,OK,26.52,26.49,OK,23,22.93,OK,23.2,23.05,OK,24.75,24.68,OK,23.56,23.54,OK,23.44,23.37,OK,24.51,24.46,OK,0,0,,0,0,,11.33,OK,10.88,OK,11.29,OK,10.84,OK,10.86,OK,10.98,OK,10.81,OK,0,,0,,10.18,OK,10.17,OK,10.15,OK,10.19,OK,10.03,OK,10.1,OK,10.17,OK,0,,0,,,,81.58,OK,,,,81.88,OK,,,,158.77,OK,,,,158.67,OK,,,,38.8,OK,,,,38.26,OK,,,,,,,,,,,,,,,,,
2406150985D,ATKINSON 3.8 OCV,DM4P1,2024-06-15 20:14:00,18.985,24.91,OK,24.66,24.57,OK,25.05,25.01,OK,23.85,23.59,OK,25.03,24.78,OK,26.54,26.35,OK,24.38,24.2,OK,24.73,24.47,OK,0,0,,0,0,,12.53,OK,12.61,OK,12.59,OK,12.63,OK,12.66,OK,12.44,OK,12.51,OK,0,,0,,9.43,OK,9.82,OK,9.85,OK,9.9,OK,9.66,OK,10.05,OK,10.18,OK,0,,0,,,,82.1,OK,,,,81.92,OK,,,,157.8,OK,,,,157.94,OK,,,,37.78,OK,,,,38.18,OK,,,,,,,,,,,,,,,,,
2406150986D,ATKINSON 3.8 OCV,DM1P2,2024-06-15 20:14:55,18.996,25.13,OK,28,27.82,OK,29.98,29.87,OK,27.64,27.49,OK,32.55,32.19,OK,34.62,34.01,OK,33.49,32.89,OK,31.18,31.04,OK,0,0,,0,0,,11.4,OK,11.39,OK,11.81,OK,11.42,OK,11.47,OK,11.47,OK,11.5,OK,0,,0,,10.7,OK,10.92,OK,10.92,OK,10.92,OK,10.81,OK,10.94,OK,10.82,OK,0,,0,,,,81.94,OK,,,,82.26,OK,,,,157.23,OK,,,,157.53,OK,,,,37.55,OK,,,,37.25,OK,,,,,,,,,,,,,,,,,
2406150987D,ATKINSON 3.8 OCV,DM3P6,2024-06-15 20:15:50,18.991,25.12,OK,24.22,24.17,OK,24.91,24.43,OK,23.8,23.62,OK,24.38,24.03,OK,23.94,23.85,OK,23.82,23.59,OK,23.38,23.06,OK,0,0,,0,0,,11.62,OK,11.78,OK,11.78,OK,11.8,OK,11.82,OK,11.97,OK,11.87,OK,0,,0,,12.8,OK,12.76,OK,12.82,OK,12.87,OK,12.77,OK,12.67,OK,12.82,OK,0,,0,,,,82.67,OK,,,,82.55,OK,,,,157.66,OK,,,,156.93,OK,,,,37.78,OK,,,,38.26,OK,,,,,,,,,,,,,,,,,
2406150988D,ATKINSON 3.8 OCV,DM2P7,2024-06-15 20:16:49,18.987,24.37,OK,27.8,27.73,OK,24.34,24.29,OK,24.05,23.71,OK,25.09,25.06,OK,24.22,24.17,OK,24.58,24.51,OK,24.58,24.48,OK,0,0,,0,0,,10.86,OK,11.13,OK,10.89,OK,10.86,OK,10.87,OK,10.87,OK,11.18,OK,0,,0,,10.15,OK,10.31,OK,10.18,OK,10.2,OK,10.2,OK,10.2,OK,10.2,OK,0,,0,,,,82.61,OK,,,,82.9,OK,,,,158.77,OK,,,,158.29,OK,,,,37.8,OK,,,,38.15,OK,,,,,,,,,,,,,,,,,
2406150989D,ATKINSON 3.8 OCV,DM4P5,2024-06-15 20:17:44,18.995,24.16,OK,24.29,24.17,OK,24.36,24.24,OK,23.24,23.08,OK,24.38,24.24,OK,23.5,23.01,OK,25.45,25.17,OK,24.91,24.54,OK,0,0,,0,0,,12.39,OK,12.63,OK,12.51,OK,12.66,OK,12.77,OK,12.75,OK,12.59,OK,0,,0,,9.38,OK,9.81,OK,9.91,OK,9.88,OK,10.02,OK,10.14,OK,9.73,OK,0,,0,,,,81.66,OK,,,,81.41,OK,,,,158.03,OK,,,,158.16,OK,,,,38.16,OK,,,,37.84,OK,,,,,,,,,,,,,,,,,
2406150990D,ATKINSON 3.8 OCV,DM1P8,2024-06-15 20:18:39,18.982,24.76,OK,28.95,28.7,OK,28.88,28.84,OK,28.72,28.52,OK,30.82,30.61,OK,33,32.57,OK,31.65,31.02,OK,30.77,30.64,OK,0,0,,0,0,,11.4,OK,11.42,OK,11.37,OK,11.39,OK,11.46,OK,11.46,OK,11.51,OK,0,,0,,10.45,OK,10.76,OK,10.82,OK,10.85,OK,11.03,OK,10.96,OK,10.78,OK,0,,0,,,,82.21,OK,,,,82.52,OK,,,,157.55,OK,,,,157.51,OK,,,,37.45,OK,,,,37.59,OK,,,,,,,,,,,,,,,,,
2406150991D,ATKINSON 3.8 OCV,DM3P3,2024-06-15 20:19:38,18.987,26.46,OK,24.98,24.96,OK,25.15,24.31,OK,22.85,22.59,OK,24.06,23.52,OK,23.57,23.43,OK,24.5,24.36,OK,24.43,24.03,OK,0,0,,0,0,,11.85,OK,11.71,OK,11.63,OK,11.85,OK,11.87,OK,11.7,OK,11.79,OK,0,,0,,12.69,OK,12.85,OK,12.91,OK,12.86,OK,12.68,OK,12.75,OK,12.64,OK,0,,0,,,,82.37,OK,,,,81.7,OK,,,,158.28,OK,,,,158.42,OK,,,,38.12,OK,,,,38.26,OK,,,,,,,,,,,,,,,,,
2406150992D,ATKINSON 3.8 OCV,DM2P9,2024-06-15 20:20:36,18.986,25.13,OK,25.62,25.52,OK,22.74,22.69,OK,25.16,25.04,OK,24.99,24.94,OK,24.38,24.34,OK,23.76,23.71,OK,25.09,25.06,OK,0,0,,0,0,,10.68,OK,10.75,OK,10.85,OK,10.84,OK,10.85,OK,10.91,OK,10.99,OK,0,,0,,10.17,OK,10.18,OK,10.19,OK,10.19,OK,10.17,OK,10.36,OK,10.18,OK,0,,0,,,,81.92,OK,,,,81.99,OK,,,,158.23,OK,,,,158.38,OK,,,,38.49,OK,,,,38.15,OK,,,,,,,,,,,,,,,,,
2406150993D,ATKINSON 3.8 OCV,DM4P1,2024-06-15 20:21:31,18.998,24.53,OK,22.71,22.59,OK,23.55,23.43,OK,23.2,23.1,OK,24.24,24.03,OK,24.82,24.45,OK,24.66,24.22,OK,24.01,23.82,OK,0,0,,0,0,,12.61,OK,12.6,OK,12.62,OK,12.61,OK,12.64,OK,12.54,OK,12.46,OK,0,,0,,9.38,OK,9.77,OK,9.9,OK,10.05,OK,10.24,OK,9.89,OK,10.13,OK,0,,0,,,,81.77,OK,,,,82.09,OK,,,,157.44,OK,,,,157.56,OK,,,,37.22,OK,,,,37.73,OK,,,,,,,,,,,,,,,,,
2406150994D,ATKINSON 3.8 OCV,DM1P2,2024-06-15 20:22:30,18.994,24.91,OK,28.41,28.14,OK,30.12,30.03,OK,29.8,29.51,OK,31.11,30.93,OK,33.94,33.63,OK,33.99,33.36,OK,31.74,31.63,OK,0,0,,0,0,,11.38,OK,11.3,OK,11.39,OK,11.46,OK,11.48,OK,11.87,OK,11.43,OK,0,,0,,10.57,OK,10.9,OK,10.94,OK,10.91,OK,10.96,OK,10.73,OK,10.98,OK,0,,0,,,,82.43,OK,,,,82.72,OK,,,,157,OK,,,,157,OK,,,,37.36,OK,,,,37.39,OK,,,,,,,,,,,,,,,,,
2406150995D,ATKINSON 3.8 OCV,DM3P6,2024-06-15 20:23:28,18.995,25.45,OK,26.03,25.98,OK,25.7,25.22,OK,24.54,24.43,OK,24.1,23.8,OK,24.4,24.36,OK,25.31,24.91,OK,24.43,24.01,OK,0,0,,0,0,,11.62,OK,11.94,OK,11.72,OK,11.87,OK,11.89,OK,11.79,OK,11.8,OK,0,,0,,12.79,OK,12.75,OK,12.86,OK,12.87,OK,12.6,OK,12.8,OK,12.76,OK,0,,0,,,,82.64,OK,,,,82.39,OK,,,,157.52,OK,,,,156.74,OK,,,,37.89,OK,,,,38.42,OK,,,,,,,,,,,,,,,,,
2406150996D,ATKINSON 3.8 OCV,DM2P7,2024-06-15 20:24:24,18.99,24.83,OK,26.52,26.44,OK,23.66,23.56,OK,24.8,24.58,OK,25.38,25.33,OK,24.77,24.7,OK,25.21,25.14,OK,24.14,24.07,OK,0,0,,0,0,,10.82,OK,11.12,OK,10.86,OK,10.83,OK,10.86,OK,11.03,OK,10.82,OK,0,,0,,10.32,OK,10.37,OK,10.2,OK,10.16,OK,10.34,OK,10.12,OK,10.16,OK,0,,0,,,,81.89,OK,,,,82.68,OK,,,,158.66,OK,,,,158.05,OK,,,,37.97,OK,,,,38.09,OK,,,,,,,,,,,,,,,,,
2406150997D,ATKINSON 3.8 OCV,DM4P5,2024-06-15 20:25:19,18.996,25.95,OK,23.48,23.31,OK,23.06,23.01,OK,23.48,23.2,OK,23.96,23.78,OK,23.64,23.43,OK,24.54,24.36,OK,24.1,23.99,OK,0,0,,0,0,,12.61,OK,12.61,OK,12.63,OK,12.63,OK,12.68,OK,12.72,OK,12.45,OK,0,,0,,9.42,OK,9.79,OK,9.88,OK,9.94,OK,10.14,OK,9.81,OK,10.13,OK,0,,0,,,,81.96,OK,,,,81.82,OK,,,,157.83,OK,,,,158.02,OK,,,,38.08,OK,,,,38.05,OK,,,,,,,,,,,,,,,,,
2406150998D,ATKINSON 3.8 OCV,DM1P8,2024-06-15 20:26:17,18.996,25.05,OK,28.95,28.7,OK,29.33,29.24,OK,27.89,27.78,OK,31.33,30.82,OK,32.91,32.23,OK,33.22,32.82,OK,30.97,30.77,OK,0,0,,0,0,,11.4,OK,11.33,OK,11.88,OK,11.45,OK,11.48,OK,11.45,OK,11.43,OK,0,,0,,10.55,OK,11,OK,10.9,OK,10.92,OK,10.75,OK,10.97,OK,10.87,OK,0,,0,,,,81.77,OK,,,,82.1,OK,,,,157.65,OK,,,,157.75,OK,,,,37.41,OK,,,,37.84,OK,,,,,,,,,,,,,,,,,
2406150999D,ATKINSON 3.8 OCV,DM3P3,2024-06-15 20:27:19,18.983,24.96,OK,26.47,26.42,OK,25.08,24.06,OK,23.71,23.43,OK,23.41,22.94,OK,23.31,23.24,OK,24.36,23.89,OK,23.59,23.1,OK,0,0,,0,0,,11.59,OK,11.85,OK,11.75,OK,11.81,OK,11.81,OK,11.94,OK,11.82,OK,0,,0,,12.91,OK,12.84,OK,12.85,OK,12.86,OK,12.73,OK,12.67,OK,12.71,OK,0,,0,,,,82.3,OK,,,,81.85,OK,,,,158.15,OK,,,,158.12,OK,,,,38.05,OK,,,,38.13,OK,,,,,,,,,,,,,,,,,
2406151000D,ATKINSON 3.8 OCV,DM2P9,2024-06-15 21:05:40,18.99,24.36,OK,25.09,25.01,OK,23.03,22.93,OK,23.25,23.03,OK,25.28,25.23,OK,24.02,23.95,OK,23.61,23.56,OK,24.12,24.07,OK,0,0,,0,0,,11.25,OK,10.86,OK,11.3,OK,10.86,OK,10.85,OK,10.83,OK,10.85,OK,0,,0,,10.17,OK,10.1,OK,10.18,OK,10.19,OK,10.18,OK,10.18,OK,10.27,OK,0,,0,,,,82.36,OK,,,,82.49,OK,,,,158.02,OK,,,,157.79,OK,,,,37.99,OK,,,,37.4,OK,,,,,,,,,,,,,,,,,
2406151001D,ATKINSON 3.8 OCV,DM4P1,2024-06-15 21:12:00,18.986,24.9,OK,25.36,25.33,OK,24.52,24.43,OK,24.4,24.2,OK,26.1,25.66,OK,25.8,25.26,OK,26.28,26.17,OK,25.4,25.15,OK,0,0,,0,0,,12.67,OK,12.64,OK,12.64,OK,12.65,OK,12.68,OK,12.68,OK,12.75,OK,0,,0,,9.26,OK,9.75,OK,10,OK,9.86,OK,10.28,OK,10.05,OK,10.03,OK,0,,0,,,,82.27,OK,,,,82.35,OK,,,,157.35,OK,,,,157.5,OK,,,,37.49,OK,,,,37.51,OK,,,,,,,,,,,,,,,,,
2406151002D,ATKINSON 3.8 OCV,DM1P2,2024-06-15 21:12:56,18.99,24.92,OK,27.13,26.92,OK,29.24,29.17,OK,28.34,28.16,OK,30.77,30.39,OK,33.27,32.59,OK,32.62,32.12,OK,31.85,31.69,OK,0,0,,0,0,,11.38,OK,11.42,OK,11.4,OK,11.45,OK,11.69,OK,11.47,OK,11.47,OK,0,,0,,10.75,OK,10.97,OK,11,OK,10.83,OK,10.84,OK,10.91,OK,10.91,OK,0,,0,,,,82.75,OK,,,,83.21,OK,,,,156.7,OK,,,,156.93,OK,,,,36.83,OK,,,,36.83,OK,,,,,,,,,,,,,,,,,
2406151003D,ATKINSON 3.8 OCV,DM3P6,2024-06-15 21:40:23,18.996,24.2,OK,25.1,25.1,OK,26.12,25.56,OK,22.69,22.62,OK,24.43,24.15,OK,24.01,23.94,OK,24.61,24.13,OK,23.87,23.45,OK,0,0,,0,0,,11.58,OK,11.8,OK,11.85,OK,11.8,OK,11.88,OK,11.66,OK,12.02,OK,0,,0,,12.74,OK,12.91,OK,12.85,OK,12.84,OK,12.83,OK,12.67,OK,12.83,OK,0,,0,,,,83.12,OK,,,,82.99,OK,,,,157.11,OK,,,,156.97,OK,,,,37.15,OK,,,,37.54,OK,,,,,,,,,,,,,,,,,
2406151004D,ATKINSON 3.8 OCV,DM2P7,2024-06-15 21:41:22,18.982,26.38,OK,25.62,25.57,OK,24.17,24.09,OK,24.17,23.83,OK,24,23.97,OK,24.51,24.51,OK,23.95,23.92,OK,24.77,24.7,OK,0,0,,0,0,,10.75,OK,11.26,OK,11.22,OK,10.86,OK,10.85,OK,10.86,OK,10.85,OK,0,,0,,10.27,OK,10.34,OK,10.2,OK,10.18,OK,10.17,OK,10.18,OK,10.2,OK,0,,0,,,,83.24,OK,,,,83.41,OK,,,,158.11,OK,,,,157.32,OK,,,,37.14,OK,,,,37.3,OK,,,,,,,,,,,,,,,,,
2406151005D,ATKINSON 3.8 OCV,DM4P5,2024-06-15 21:42:17,18.997,24.41,OK,23.8,23.71,OK,24.43,24.29,OK,24.03,23.78,OK,23.89,23.64,OK,24.59,24.43,OK,24.68,24.5,OK,25.52,25.38,OK,0,0,,0,0,,12.56,OK,12.73,OK,12.59,OK,12.72,OK,12.63,OK,12.62,OK,12.62,OK,0,,0,,9.28,OK,9.82,OK,9.95,OK,9.86,OK,10.12,OK,10.15,OK,10.02,OK,0,,0,,,,82.06,OK,,,,82.09,OK,,,,157.49,OK,,,,157.49,OK,,,,37.62,OK,,,,37.27,OK,,,,,,,,,,,,,,,,,
2406151006D,ATKINSON 3.8 OCV,DM1P8,2024-06-15 21:43:16,18.988,26.05,OK,28.93,28.23,OK,29.47,29.42,OK,27.89,27.58,OK,28.88,28.66,OK,33.47,33.13,OK,32.12,31.56,OK,30.88,30.73,OK,0,0,,0,0,,11.27,OK,11.41,OK,11.39,OK,11.41,OK,11.49,OK,11.48,OK,11.45,OK,0,,0,,10.64,OK,10.89,OK,10.84,OK,10.86,OK,10.92,OK,10.93,OK,10.89,OK,0,,0,,,,82.66,OK,,,,82.97,OK,,,,156.72,OK,,,,157.16,OK,,,,36.75,OK,,,,37.05,OK,,,,,,,,,,,,,,,,,
2406151007D,ATKINSON 3.8 OCV,DM3P3,2024-06-15 21:44:08,18.994,26.02,OK,26,25.98,OK,25.66,24.91,OK,23.64,23.27,OK,23.48,23.1,OK,24.71,24.64,OK,23.89,23.64,OK,23.78,23.45,OK,0,0,,0,0,,11.78,OK,11.67,OK,11.79,OK,11.79,OK,11.83,OK,11.83,OK,11.83,OK,0,,0,,12.67,OK,12.81,OK,12.78,OK,12.82,OK,12.79,OK,12.6,OK,12.86,OK,0,,0,,,,83.6,OK,,,,82.39,OK,,,,157.61,OK,,,,157.38,OK,,,,37.65,OK,,,,37.8,OK,,,,,,,,,,,,,,,,,
2406151008D,ATKINSON 3.8 OCV,DM2P9,2024-06-15 21:45:13,18.983,24.76,OK,25.21,25.21,OK,22.76,22.69,OK,24.07,23.92,OK,25.01,24.97,OK,23.68,23.59,OK,24.19,24.12,OK,24.72,24.72,OK,0,0,,0,0,,11.02,OK,10.87,OK,10.79,OK,10.86,OK,10.86,OK,11.58,OK,11.15,OK,0,,0,,10.16,OK,10.16,OK,10.16,OK,10.18,OK,10.19,OK,10.18,OK,10.19,OK,0,,0,,,,82.25,OK,,,,82.43,OK,,,,158.26,OK,,,,158.22,OK,,,,38.14,OK,,,,37.73,OK,,,,,,,,,,,,,,,,,
2406151010D,ATKINSON 3.8 OCV,DM1P2,2024-06-15 21:46:08,18.994,25.1,OK,27.08,26.79,OK,29.15,29.06,OK,30.41,30.14,OK,31.04,30.75,OK,33.9,33.2,OK,31.2,30.68,OK,30.7,30.61,OK,0,0,,0,0,,11.39,OK,11.41,OK,11.39,OK,11.43,OK,11.5,OK,11.51,OK,11.44,OK,0,,0,,10.57,OK,10.72,OK,10.9,OK,10.83,OK,10.97,OK,10.89,OK,10.91,OK,0,,0,,,,82.71,OK,,,,82.86,OK,,,,156.67,OK,,,,156.74,OK,,,,37.05,OK,,,,37.22,OK,,,,,,,,,,,,,,,,,
2406151011D,ATKINSON 3.8 OCV,DM3P6,2024-06-15 21:47:10,18.996,23.81,OK,25.54,25.47,OK,26.03,25.7,OK,25.03,24.94,OK,24.29,24.1,OK,25.01,24.73,OK,25.75,25.7,OK,24.91,24.52,OK,0,0,,0,0,,11.59,OK,11.72,OK,12.05,OK,11.85,OK,11.89,OK,11.88,OK,11.82,OK,0,,0,,12.93,OK,12.87,OK,12.88,OK,12.86,OK,12.85,OK,12.85,OK,12.85,OK,0,,0,,,,83.09,OK,,,,82.72,OK,,,,157.23,OK,,,,156.76,OK,,,,37.5,OK,,,,37.85,OK,,,,,,,,,,,,,,,,,
2406151009D,ATKINSON 3.8 OCV,DM4P1,2024-06-15 21:48:05,18.999,24.75,OK,23.48,23.43,OK,23.94,23.94,OK,24.38,24.24,OK,24.33,23.99,OK,24.01,23.52,OK,24.78,24.66,OK,23.5,23.34,OK,0,0,,0,0,,12.67,OK,12.74,OK,12.78,OK,12.71,OK,12.69,OK,12.56,OK,12.74,OK,0,,0,,9.41,OK,9.83,OK,9.77,OK,9.81,OK,9.6,OK,10.01,OK,9.69,OK,0,,0,,,,82.32,OK,,,,82.8,OK,,,,157.31,OK,,,,157.48,OK,,,,37.27,OK,,,,37.34,OK,,,,,,,,,,,,,,,,,
2406151012D,ATKINSON 3.8 OCV,DM2P7,2024-06-15 21:49:00,18.986,24.76,OK,27.56,27.53,OK,24.05,24,OK,24.07,23.83,OK,24.68,24.58,OK,25.52,25.45,OK,23.9,23.83,OK,24.87,24.77,OK,0,0,,0,0,,10.85,OK,10.84,OK,10.84,OK,11.08,OK,10.86,OK,10.83,OK,10.84,OK,0,,0,,10.18,OK,10.2,OK,10.01,OK,10.4,OK,10.36,OK,10.31,OK,10.29,OK,0,,0,,,,82.5,OK,,,,82.93,OK,,,,158.39,OK,,,,157.71,OK,,,,37.48,OK,,,,37.52,OK,,,,,,,,,,,,,,,,,
2406150938D,ATKINSON 3.8 OCV,DM2P4,2024-06-15 21:50:38,18.998,24.68,OK,25.18,25.11,OK,24.31,24.26,OK,25.64,25.38,OK,24.6,24.55,OK,24.34,24.26,OK,25.09,25.04,OK,24.51,24.41,OK,0,0,,0,0,,10.79,OK,10.78,OK,10.85,OK,10.84,OK,10.86,OK,10.81,OK,11.54,OK,0,,0,,10.03,OK,10.17,OK,10.17,OK,10.18,OK,10.17,OK,10.19,OK,10.19,OK,0,,0,,,,82.24,OK,,,,82.52,OK,,,,158.17,OK,,,,158.12,OK,,,,37.79,OK,,,,37.87,OK,,,,,,,,,,,,,,,,,
2406150981D,ATKINSON 3.8 OCV,DM5P5,2024-06-15 21:51:36,18.995,25.37,OK,23.9,23.79,OK,24.37,24.09,OK,23.72,23.39,OK,23.37,23.3,OK,23.55,23.3,OK,23.88,23.72,OK,22.93,22.86,OK,0,0,,0,0,,2.23,OK,2.68,OK,2.7,OK,2.68,OK,2.69,OK,2.69,OK,2.64,OK,0,,0,,0.79,OK,0.73,OK,0.79,OK,0.75,OK,0.72,OK,0.75,OK,0.73,OK,0,,0,,,,81.82,OK,,,,82.31,OK,,,,157.47,OK,,,,158.39,OK,,,,38.42,OK,,,,38.43,OK,,,,,,,,,,,,,,,,,
2406150649D,ATKINSON 3.8 OCV,DM1P8,2024-06-15 21:52:35,18.984,25.06,OK,26.88,26.05,OK,26.9,26.77,OK,25.62,25.06,OK,25.69,25.35,OK,26.36,26.23,OK,25.37,25.17,OK,25.62,25.55,OK,0,0,,0,0,,11.45,OK,11.35,OK,11.37,OK,11.35,OK,11.45,OK,11.43,OK,11.48,OK,0,,0,,10.5,OK,10.68,OK,10.55,OK,10.56,OK,10.71,OK,10.6,OK,10.64,OK,0,,0,,,,82.04,OK,,,,82.45,OK,,,,156.88,OK,,,,157.08,OK,,,,36.88,OK,,,,37.38,OK,,,,,,,,,,,,,,,,,
2406151016D,ATKINSON 3.8 OCV,DM2P9,2024-06-15 21:53:30,18.985,24.58,OK,25.69,25.64,OK,23.68,23.61,OK,24.55,24.34,OK,24.09,24.09,OK,23.34,23.22,OK,23.08,23.03,OK,24.12,24.12,OK,0,0,,0,0,,10.7,OK,10.83,OK,10.86,OK,10.87,OK,10.87,OK,10.87,OK,10.86,OK,0,,0,,10.11,OK,10.2,OK,10.19,OK,10.17,OK,10.15,OK,10.19,OK,10.17,OK,0,,0,,,,82.34,OK,,,,82.5,OK,,,,158.37,OK,,,,158.21,OK,,,,38.19,OK,,,,37.61,OK,,,,,,,,,,,,,,,,,
2406151014D,ATKINSON 3.8 OCV,DM3P3,2024-06-15 21:54:28,18.992,24.57,OK,25.1,25.05,OK,24.78,24.17,OK,24.45,24.2,OK,24.17,23.68,OK,24.54,24.36,OK,24.64,24.15,OK,23.8,23.13,OK,0,0,,0,0,,11.62,OK,11.8,OK,11.71,OK,11.8,OK,11.78,OK,11.93,OK,11.95,OK,0,,0,,12.84,OK,12.86,OK,12.91,OK,12.85,OK,12.75,OK,12.88,OK,12.81,OK,0,,0,,,,82.77,OK,,,,82.22,OK,,,,157.29,OK,,,,157.62,OK,,,,37.46,OK,,,,37.63,OK,,,,,,,,,,,,,,,,,
2406151015D,ATKINSON 3.8 OCV,DM4P5,2024-06-15 21:55:24,18.982,25.71,OK,24.22,24.06,OK,24.57,24.54,OK,24.91,24.68,OK,24.66,24.54,OK,24.64,24.36,OK,24.52,24.31,OK,25.12,25.05,OK,0,0,,0,0,,12.52,OK,12.75,OK,12.6,OK,12.69,OK,12.76,OK,12.64,OK,12.71,OK,0,,0,,9.38,OK,9.86,OK,9.85,OK,9.93,OK,10.06,OK,10.05,OK,9.95,OK,0,,0,,,,82.42,OK,,,,82.13,OK,,,,157.49,OK,,,,157.41,OK,,,,37.37,OK,,,,37.25,OK,,,,,,,,,,,,,,,,,
2406151017D,ATKINSON 3.8 OCV,DM5P4,2024-06-15 21:56:22,18.983,24.6,OK,27.22,26.64,OK,25.64,25.55,OK,24.58,24.02,OK,23.79,23.74,OK,24.39,24.02,OK,23.32,23.18,OK,24.39,24.32,OK,0,0,,0,0,,2.29,OK,2.72,OK,2.74,OK,2.68,OK,2.73,OK,2.8,OK,2.64,OK,0,,0,,0.88,OK,0.83,OK,0.86,OK,0.83,OK,0.84,OK,1.95,OK,2.44,OK,0,,0,,,,83.02,OK,,,,83.24,OK,,,,156.62,OK,,,,157.33,OK,,,,37.53,OK,,,,37.48,OK,,,,,,,,,,,,,,,,,
2406151019D,ATKINSON 3.8 OCV,DM2P6,2024-06-15 21:57:17,18.999,27.02,OK,24.53,24.46,OK,23.15,22.93,OK,23.39,23.1,OK,25.16,25.04,OK,24.99,24.99,OK,24.36,24.31,OK,24.17,24.17,OK,0,0,,0,0,,10.76,OK,10.84,OK,10.83,OK,11.16,OK,10.83,OK,10.85,OK,10.87,OK,0,,0,,10.43,OK,10.16,OK,10.17,OK,10.12,OK,10.18,OK,10.17,OK,10.23,OK,0,,0,,,,83.59,OK,,,,83.63,OK,,,,157.05,OK,,,,156.66,OK,,,,37.25,OK,,,,37.69,OK,,,,,,,,,,,,,,,,,
2406151021D,ATKINSON 3.8 OCV,DM4P2,2024-06-15 21:58:16,18.988,26.26,OK,23.89,23.82,OK,24.1,24.06,OK,23.22,22.97,OK,23.31,23.08,OK,24.33,24.2,OK,24.22,24.08,OK,23.71,23.62,OK,0,0,,0,0,,12.6,OK,12.59,OK,12.55,OK,12.66,OK,12.63,OK,12.6,OK,12.8,OK,0,,0,,8.98,OK,9.86,OK,10.02,OK,10.01,OK,10.11,OK,10.24,OK,10.12,OK,0,,0,,,,82.01,OK,,,,82.78,OK,,,,157.14,OK,,,,157.29,OK,,,,37.3,OK,,,,37.22,OK,,,,,,,,,,,,,,,,,
2406151018D,ATKINSON 3.8 OCV,DM1P3,2024-06-15 21:59:11,18.988,25.68,OK,25.08,24.9,OK,25.3,25.17,OK,25.12,24.92,OK,28.09,27.91,OK,23.19,23.01,OK,24.58,24.34,OK,24.31,24.31,OK,0,0,,0,0,,11.39,OK,11.42,OK,11.39,OK,11.38,OK,11.4,OK,11.51,OK,11.45,OK,0,,0,,10.54,OK,10.57,OK,10.53,OK,10.74,OK,10.73,OK,10.59,OK,10.46,OK,0,,0,,,,83.21,OK,,,,82.72,OK,,,,157.13,OK,,,,157.32,OK,,,,36.87,OK,,,,37.16,OK,,,,,,,,,,,,,,,,,
2406151022D,ATKINSON 3.8 OCV,DM1P5,2024-06-15 22:00:10,18.987,25.61,OK,24.4,24.2,OK,24.22,24.09,OK,23.62,23.14,OK,24.92,24.85,OK,24.18,24.07,OK,24.34,24.04,OK,24.72,24.63,OK,0,0,,0,0,,11.34,OK,11.28,OK,11.38,OK,11.36,OK,11.52,OK,11.46,OK,11.44,OK,0,,0,,10.52,OK,10.7,OK,10.57,OK,10.72,OK,10.52,OK,10.53,OK,10.61,OK,0,,0,,,,82.82,OK,,,,82.2,OK,,,,156.97,OK,,,,157.28,OK,,,,37.37,OK,,,,37.34,OK,,,,,,,,,,,,,,,,,
2406151023D,ATKINSON 3.8 OCV,DM5P7,2024-06-15 22:01:05,18.995,27.35,OK,27.1,26.85,OK,25.39,25.34,OK,22.6,22.23,OK,24.32,24.2,OK,23.69,23.42,OK,23.97,23.86,OK,23.02,23,OK,0,0,,0,0,,2.26,OK,2.66,OK,2.65,OK,2.64,OK,2.62,OK,2.62,OK,2.6,OK,0,,0,,0.84,OK,2.47,OK,2.37,OK,2.39,OK,1.78,OK,0.83,OK,0.81,OK,0,,0,,,,83.11,OK,,,,82.83,OK,,,,157.97,OK,,,,157.46,OK,,,,36.78,OK,,,,36.85,OK,,,,,,,,,,,,,,,,,
2406151024D,ATKINSON 3.8 OCV,DM2P9,2024-06-15 22:02:00,18.992,27.07,OK,25.09,25.06,OK,22.59,22.54,OK,23.34,22.96,OK,24,23.92,OK,24.65,24.55,OK,23.15,23.15,OK,24.68,24.58,OK,0,0,,0,0,,10.74,OK,10.84,OK,11.52,OK,10.84,OK,10.87,OK,10.85,OK,10.86,OK,0,,0,,10.18,OK,10.18,OK,10.17,OK,10.19,OK,10.19,OK,10.14,OK,10.2,OK,0,,0,,,,82.42,OK,,,,82.42,OK,,,,157.92,OK,,,,157.78,OK,,,,38,OK,,,,37.64,OK,,,,,,,,,,,,,,,,,
2406151025D,ATKINSON 3.8 OCV,DM3P4,2024-06-15 22:02:55,18.992,25.4,OK,24.87,24.8,OK,25.01,24.54,OK,23.45,23.27,OK,24.15,24.06,OK,23.82,23.75,OK,24.47,24.36,OK,24.89,24.38,OK,0,0,,0,0,,11.8,OK,11.84,OK,11.94,OK,11.78,OK,11.8,OK,11.96,OK,11.9,OK,0,,0,,12.78,OK,12.85,OK,12.66,OK,12.76,OK,12.79,OK,12.77,OK,12.81,OK,0,,0,,,,82.21,OK,,,,82.33,OK,,,,157.59,OK,,,,157.35,OK,,,,37.26,OK,,,,37.32,OK,,,,,,,,,,,,,,,,,
2406151026D,ATKINSON 3.8 OCV,DM4P8,2024-06-15 22:03:51,18.984,26.93,OK,23.71,23.62,OK,23.57,23.45,OK,22.78,22.69,OK,23.73,23.59,OK,24.36,24.22,OK,24.22,24.1,OK,24.29,24.15,OK,0,0,,0,0,,12.61,OK,12.45,OK,12.49,OK,12.6,OK,12.62,OK,12.63,OK,12.75,OK,0,,0,,8.95,OK,9.55,OK,9.52,OK,9.82,OK,10.15,OK,10.07,OK,10.16,OK,0,,0,,,,81.77,OK,,,,81.95,OK,,,,157.52,OK,,,,157.56,OK,,,,37.4,OK,,,,37.6,OK,,,,,,,,,,,,,,,,,
2406151020D,ATKINSON 3.8 OCV,DM3P1,2024-06-15 22:04:49,18.989,26.37,OK,27.16,27.07,OK,25.29,24.82,OK,23.94,23.89,OK,25.4,25.12,OK,24.22,24.2,OK,24.29,24.17,OK,23.85,23.8,OK,0,0,,0,0,,11.73,OK,11.92,OK,11.87,OK,11.79,OK,11.82,OK,12.04,OK,11.9,OK,0,,0,,12.89,OK,12.83,OK,12.92,OK,12.92,OK,12.77,OK,12.79,OK,12.79,OK,0,,0,,,,82.67,OK,,,,82.75,OK,,,,156.73,OK,,,,157.27,OK,,,,37.29,OK,,,,37.29,OK,,,,,,,,,,,,,,,,,
2406151027D,ATKINSON 3.8 OCV,DM1P3,2024-06-15 22:05:44,18.986,26.16,OK,24.13,23.91,OK,26.23,26.05,OK,24.94,24.67,OK,26.07,25.98,OK,25.17,24.99,OK,24.83,24.58,OK,25.62,25.42,OK,0,0,,0,0,,11.34,OK,11.52,OK,11.41,OK,11.46,OK,11.97,OK,11.38,OK,11.42,OK,0,,0,,10.56,OK,10.64,OK,10.56,OK,10.45,OK,10.36,OK,10.58,OK,10.67,OK,0,,0,,,,83.44,OK,,,,82.86,OK,,,,157.26,OK,,,,157.45,OK,,,,37.16,OK,,,,37.27,OK,,,,,,,,,,,,,,,,,
2406151028D,ATKINSON 3.8 OCV,DM5P6,2024-06-15 22:06:40,18.986,26.38,OK,28.7,28.22,OK,25.92,25.87,OK,23,22.63,OK,23.11,23.04,OK,24.64,24.58,OK,23.3,23.21,OK,23,22.97,OK,0,0,,0,0,,2.27,OK,2.71,OK,2.68,OK,2.64,OK,2.67,OK,2.65,OK,2.64,OK,0,,0,,0.84,OK,0.88,OK,0.85,OK,2.38,OK,0.86,OK,2.49,OK,2.43,OK,0,,0,,,,83.55,OK,,,,83.02,OK,,,,157.04,OK,,,,157.14,OK,,,,37.18,OK,,,,37.22,OK,,,,,,,,,,,,,,,,,
2406151029D,ATKINSON 3.8 OCV,DM2P1,2024-06-15 22:07:38,18.995,26.08,OK,25.38,25.31,OK,22.79,22.67,OK,24.05,23.83,OK,25.31,25.23,OK,24.82,24.82,OK,23.68,23.63,OK,23.63,23.59,OK,0,0,,0,0,,10.8,OK,10.83,OK,11.29,OK,10.85,OK,10.86,OK,11.07,OK,10.84,OK,0,,0,,10.09,OK,10.19,OK,10.19,OK,10.15,OK,10.17,OK,10.15,OK,10.17,OK,0,,0,,,,82.78,OK,,,,82.77,OK,,,,157.68,OK,,,,157.8,OK,,,,37.3,OK,,,,37.5,OK,,,,,,,,,,,,,,,,,
2406151030D,ATKINSON 3.8 OCV,DM3P2,2024-06-15 22:08:37,18.984,26.76,OK,24.08,23.92,OK,24.06,23.89,OK,23.94,23.8,OK,24.82,24.64,OK,23.45,23.43,OK,23.68,23.5,OK,24.4,24.29,OK,0,0,,0,0,,11.76,OK,11.81,OK,11.82,OK,11.91,OK,11.8,OK,11.98,OK,11.96,OK,0,,0,,12.81,OK,12.82,OK,12.92,OK,12.82,OK,12.87,OK,12.83,OK,12.63,OK,0,,0,,,,82.25,OK,,,,82.36,OK,,,,157.18,OK,,,,157.21,OK,,,,37.62,OK,,,,37.47,OK,,,,,,,,,,,,,,,,,
2406151032D,ATKINSON 3.8 OCV,DM1P7,2024-06-15 22:09:35,18.994,26.31,OK,26.36,26.27,OK,26.36,26.23,OK,24.99,24.58,OK,24.85,24.72,OK,25.15,24.99,OK,25.1,24.9,OK,24.22,24.16,OK,0,0,,0,0,,11.29,OK,11.28,OK,11.82,OK,11.42,OK,11.4,OK,11.45,OK,11.44,OK,0,,0,,10.64,OK,10.68,OK,10.71,OK,10.61,OK,10.72,OK,10.6,OK,10.64,OK,0,,0,,,,83.15,OK,,,,83.31,OK,,,,157.27,OK,,,,157.05,OK,,,,36.85,OK,,,,36.99,OK,,,,,,,,,,,,,,,,,
2406151031D,ATKINSON 3.8 OCV,DM4P5,2024-06-15 22:10:30,18.99,26.37,OK,24.71,24.52,OK,23.96,23.87,OK,23.75,23.66,OK,23.89,23.52,OK,24.2,24.01,OK,24.8,24.4,OK,24.5,24.13,OK,0,0,,0,0,,12.59,OK,12.73,OK,12.53,OK,12.75,OK,12.57,OK,12.61,OK,12.7,OK,0,,0,,9.31,OK,9.84,OK,9.85,OK,9.61,OK,10.09,OK,10.24,OK,9.97,OK,0,,0,,,,82.21,OK,,,,81.95,OK,,,,157.77,OK,,,,157.77,OK,,,,37.76,OK,,,,37.44,OK,,,,,,,,,,,,,,,,,
2406151033D,ATKINSON 3.8 OCV,DM5P9,2024-06-15 22:11:26,18.987,26.03,OK,24.6,24.41,OK,24.88,24.74,OK,23.14,22.79,OK,23.58,23.53,OK,23.93,23.58,OK,21.84,21.77,OK,23.35,23.3,OK,0,0,,0,0,,2.24,OK,2.86,OK,2.67,OK,2.73,OK,2.68,OK,2.62,OK,2.64,OK,0,,0,,0.83,OK,0.8,OK,0.83,OK,0.83,OK,0.82,OK,0.84,OK,0.81,OK,0,,0,,,,82.23,OK,,,,82.21,OK,,,,158.06,OK,,,,158.13,OK,,,,38.33,OK,,,,36.94,OK,,,,,,,,,,,,,,,,,
2406151034D,ATKINSON 3.8 OCV,DM2P4,2024-06-15 22:12:24,18.987,25.81,OK,25.38,25.31,OK,23.22,23.15,OK,24.09,23.95,OK,25.35,25.28,OK,24.65,24.63,OK,24.22,24.19,OK,24,23.95,OK,0,0,,0,0,,10.81,OK,10.81,OK,11.26,OK,10.86,OK,10.85,OK,10.95,OK,10.83,OK,0,,0,,10,OK,10.2,OK,10.16,OK,10.19,OK,10.19,OK,10.34,OK,10.19,OK,0,,0,,,,82.18,OK,,,,82.39,OK,,,,157.77,OK,,,,157.62,OK,,,,37.25,OK,,,,37.42,OK,,,,,,,,,,,,,,,,,
2406151035D,ATKINSON 3.8 OCV,DM3P8,2024-06-15 22:13:19,18.985,25.97,OK,24.24,24.08,OK,24.31,24.08,OK,23.78,23.71,OK,24.08,23.87,OK,23.87,23.8,OK,23.24,23.22,OK,23.45,23.1,OK,0,0,,0,0,,11.77,OK,11.8,OK,11.84,OK,11.84,OK,11.86,OK,11.87,OK,11.85,OK,0,,0,,12.81,OK,12.86,OK,12.85,OK,12.58,OK,12.75,OK,12.61,OK,12.89,OK,0,,0,,,,81.98,OK,,,,82.11,OK,,,,157.47,OK,,,,157.6,OK,,,,37.25,OK,,,,37.52,OK,,,,,,,,,,,,,,,,,
2406151036D,ATKINSON 3.8 OCV,DM1P6,2024-06-15 22:14:18,18.992,27.37,OK,26.95,26.81,OK,26.14,25.87,OK,24.45,24.04,OK,25.53,25.33,OK,24.52,24.31,OK,25.35,25.19,OK,24.83,24.79,OK,0,0,,0,0,,11.45,OK,11.36,OK,11.43,OK,11.39,OK,11.45,OK,11.42,OK,11.49,OK,0,,0,,10.75,OK,10.74,OK,10.71,OK,10.76,OK,10.58,OK,10.56,OK,10.66,OK,0,,0,,,,82.98,OK,,,,83.19,OK,,,,156.6,OK,,,,157.36,OK,,,,37.13,OK,,,,37.32,OK,,,,,,,,,,,,,,,,,
2406151037D,ATKINSON 3.8 OCV,DM4P3,2024-06-15 22:15:16,18.992,27.37,OK,24.45,24.45,OK,24.1,23.94,OK,23.73,23.31,OK,25.29,24.84,OK,25.82,25.12,OK,24.98,24.71,OK,25.05,24.68,OK,0,0,,0,0,,12.66,OK,12.67,OK,12.63,OK,12.79,OK,12.71,OK,12.63,OK,12.59,OK,0,,0,,9.3,OK,9.84,OK,9.87,OK,9.97,OK,10.06,OK,9.89,OK,9.64,OK,0,,0,,,,82.51,OK,,,,82.15,OK,,,,157.69,OK,,,,157.58,OK,,,,37.48,OK,,,,37.85,OK,,,,,,,,,,,,,,,,,
2406151038D,ATKINSON 3.8 OCV,DM5P1,2024-06-15 22:16:12,18.99,27.8,OK,25.04,24.76,OK,23.95,23.88,OK,24.02,23.65,OK,23.25,23.18,OK,23.83,23.81,OK,23.39,23.37,OK,23.04,23.02,OK,0,0,,0,0,,2.23,OK,2.72,OK,2.68,OK,2.81,OK,2.66,OK,2.65,OK,2.68,OK,0,,0,,0.86,OK,0.86,OK,0.81,OK,0.82,OK,0.8,OK,0.83,OK,0.82,OK,0,,0,,,,82.09,OK,,,,82.11,OK,,,,156.83,OK,,,,158.21,OK,,,,37.68,OK,,,,37.34,OK,,,,,,,,,,,,,,,,,
2406151039D,ATKINSON 3.8 OCV,DM2P2,2024-06-15 22:17:10,18.984,26.56,OK,25.84,25.72,OK,23.34,23.27,OK,23.08,23,OK,24.85,24.77,OK,24.09,24.05,OK,23.2,23.17,OK,23.97,23.9,OK,0,0,,0,0,,11.4,OK,10.85,OK,10.84,OK,10.84,OK,11.42,OK,11.06,OK,11.12,OK,0,,0,,10.2,OK,10.12,OK,10.18,OK,10.2,OK,10.14,OK,10.15,OK,10.1,OK,0,,0,,,,81.93,OK,,,,82.39,OK,,,,157.85,OK,,,,157.99,OK,,,,37.88,OK,,,,37.87,OK,,,,,,,,,,,,,,,,,
2406151041D,ATKINSON 3.8 OCV,DM1P7,2024-06-15 22:18:06,18.984,25.75,OK,26.18,26.05,OK,25.57,25.33,OK,24.45,24.11,OK,24.92,24.85,OK,25.78,25.51,OK,23.59,23.48,OK,25.19,25.06,OK,0,0,,0,0,,11.39,OK,11.38,OK,11.26,OK,11.34,OK,11.45,OK,11.46,OK,11.45,OK,0,,0,,10.45,OK,10.47,OK,10.62,OK,10.71,OK,10.66,OK,10.51,OK,10.6,OK,0,,0,,,,82.98,OK,,,,83.41,OK,,,,157.61,OK,,,,157.32,OK,,,,36.83,OK,,,,37.06,OK,,,,,,,,,,,,,,,,,
2406151040D,ATKINSON 3.8 OCV,DM3P5,2024-06-15 22:19:01,18.995,24.43,OK,23.34,23.2,OK,24.45,24.33,OK,23.08,23.04,OK,22.78,22.5,OK,23.34,23.31,OK,24.87,24.78,OK,23.57,23.29,OK,0,0,,0,0,,11.5,OK,11.86,OK,11.89,OK,11.78,OK,11.81,OK,11.83,OK,11.85,OK,0,,0,,12.79,OK,12.88,OK,12.84,OK,12.59,OK,12.74,OK,12.71,OK,12.9,OK,0,,0,,,,82.15,OK,,,,81.69,OK,,,,157.48,OK,,,,157.56,OK,,,,37.94,OK,,,,37.86,OK,,,,,,,,,,,,,,,,,
2406151042D,ATKINSON 3.8 OCV,DM4P9,2024-06-15 22:19:59,18.994,26.7,OK,24.4,24.31,OK,23.68,23.5,OK,23.1,22.92,OK,23.99,23.78,OK,25.7,25.36,OK,23.55,23.45,OK,24.06,23.92,OK,0,0,,0,0,,12.52,OK,12.64,OK,12.65,OK,12.7,OK,12.67,OK,12.67,OK,12.71,OK,0,,0,,9.41,OK,9.73,OK,9.96,OK,9.96,OK,10.07,OK,9.99,OK,10.07,OK,0,,0,,,,81.87,OK,,,,82.08,OK,,,,158.04,OK,,,,157.81,OK,,,,38.07,OK,,,,37.76,OK,,,,,,,,,,,,,,,,,
2406151043D,ATKINSON 3.8 OCV,DM5P4,2024-06-15 22:20:55,18.994,25.51,OK,24.09,24,OK,23.81,23.76,OK,22.72,22.26,OK,22.9,22.81,OK,23.21,23.09,OK,23.23,23.16,OK,23.79,23.69,OK,0,0,,0,0,,2.25,OK,2.7,OK,2.68,OK,2.64,OK,2.68,OK,2.63,OK,2.6,OK,0,,0,,0.87,OK,0.8,OK,0.81,OK,0.79,OK,0.81,OK,2.42,OK,0.82,OK,0,,0,,,,81.76,OK,,,,81.7,OK,,,,158.02,OK,,,,158.15,OK,,,,38.06,OK,,,,37.84,OK,,,,,,,,,,,,,,,,,
2406151044D,ATKINSON 3.8 OCV,DM2P8,2024-06-15 22:21:53,18.994,25.51,OK,26.59,26.47,OK,23.73,23.63,OK,25.06,24.82,OK,25.09,25.09,OK,25.16,25.11,OK,24.48,24.41,OK,25.11,25.06,OK,0,0,,0,0,,11.28,OK,10.81,OK,10.86,OK,10.83,OK,10.91,OK,11.54,OK,11.57,OK,0,,0,,10.15,OK,10.25,OK,10.2,OK,10.2,OK,10.22,OK,10.18,OK,10.23,OK,0,,0,,,,82.04,OK,,,,82.04,OK,,,,157.78,OK,,,,157.7,OK,,,,37.4,OK,,,,37.81,OK,,,,,,,,,,,,,,,,,
2406151045D,ATKINSON 3.8 OCV,DM1P3,2024-06-15 22:22:48,18.983,25.43,OK,25.6,25.39,OK,24.99,24.9,OK,24.79,24.38,OK,26.02,25.93,OK,24.72,24.54,OK,26.86,26.77,OK,25.8,25.62,OK,0,0,,0,0,,11.33,OK,11.38,OK,11.37,OK,11.45,OK,11.45,OK,11.48,OK,11.46,OK,0,,0,,10.53,OK,10.52,OK,10.59,OK,10.75,OK,10.71,OK,10.75,OK,10.73,OK,0,,0,,,,82.77,OK,,,,82.6,OK,,,,157.33,OK,,,,157.5,OK,,,,37.48,OK,,,,37.51,OK,,,,,,,,,,,,,,,,,
2406151046D,ATKINSON 3.8 OCV,DM3P6,2024-06-15 22:23:43,18.992,25.91,OK,23.75,23.71,OK,24.38,23.82,OK,22.57,22.52,OK,24.13,23.68,OK,23.8,23.66,OK,24.8,24.5,OK,24.22,24.08,OK,0,0,,0,0,,11.78,OK,11.81,OK,11.82,OK,11.78,OK,11.81,OK,11.92,OK,11.83,OK,0,,0,,12.82,OK,12.86,OK,12.65,OK,12.92,OK,12.8,OK,12.85,OK,12.77,OK,0,,0,,,,82.88,OK,,,,82.63,OK,,,,157.31,OK,,,,156.67,OK,,,,37.8,OK,,,,38.25,OK,,,,,,,,,,,,,,,,,
2406151047D,ATKINSON 3.8 OCV,DM4P1,2024-06-15 22:24:42,18.988,25.93,OK,26.19,26.14,OK,24.75,24.73,OK,25.49,25.22,OK,24.73,24.5,OK,25.96,25.56,OK,24.22,23.89,OK,25.17,24.94,OK,0,0,,0,0,,12.59,OK,12.48,OK,12.62,OK,12.52,OK,12.57,OK,12.61,OK,12.67,OK,0,,0,,8.96,OK,9.74,OK,9.71,OK,9.87,OK,10.19,OK,10.15,OK,9.97,OK,0,,0,,,,81.9,OK,,,,82.11,OK,,,,157.48,OK,,,,157.85,OK,,,,37.75,OK,,,,37.85,OK,,,,,,,,,,,,,,,,,
2406151048D,ATKINSON 3.8 OCV,DM5P2,2024-06-15 22:25:40,18.993,26.12,OK,25.34,25.2,OK,23.28,23.23,OK,21.86,21.61,OK,23.35,23.35,OK,24.02,23.81,OK,22.12,22.05,OK,22.7,22.65,OK,0,0,,0,0,,2.24,OK,2.66,OK,2.66,OK,2.67,OK,2.67,OK,2.61,OK,2.65,OK,0,,0,,0.86,OK,0.82,OK,0.83,OK,0.81,OK,0.82,OK,0.98,OK,0.85,OK,0,,0,,,,81.95,OK,,,,82.08,OK,,,,157.88,OK,,,,157.81,OK,,,,38.09,OK,,,,37.99,OK,,,,,,,,,,,,,,,,,
2406151049D,ATKINSON 3.8 OCV,DM2P5,2024-06-15 22:26:36,18.996,26.73,OK,23.25,23.22,OK,23.8,23.73,OK,23.49,23.32,OK,23.54,23.49,OK,24.17,24.17,OK,22.93,22.83,OK,24.24,24.14,OK,0,0,,0,0,,10.84,OK,10.86,OK,11.21,OK,10.84,OK,10.85,OK,10.83,OK,10.85,OK,0,,0,,10.14,OK,10.19,OK,10.21,OK,10.15,OK,10.18,OK,10.18,OK,10.14,OK,0,,0,,,,82.43,OK,,,,81.97,OK,,,,158.06,OK,,,,158.05,OK,,,,38,OK,,,,38.1,OK,,,,,,,,,,,,,,,,,
2406151050D,ATKINSON 3.8 OCV,DM1P7,2024-06-15 22:27:34,18.999,26.86,OK,24.61,24.34,OK,25.46,25.3,OK,26.14,25.87,OK,26.86,26.74,OK,26.43,26.25,OK,26.41,26.29,OK,26.65,26.59,OK,0,0,,0,0,,11.3,OK,11.35,OK,11.56,OK,11.38,OK,11.45,OK,11.47,OK,11.48,OK,0,,0,,10.57,OK,10.73,OK,10.78,OK,10.73,OK,10.91,OK,10.76,OK,10.78,OK,0,,0,,,,82.74,OK,,,,83.18,OK,,,,157.45,OK,,,,157.52,OK,,,,36.74,OK,,,,36.96,OK,,,,,,,,,,,,,,,,,
2406151051D,ATKINSON 3.8 OCV,DM3P9,2024-06-15 22:28:29,18.993,26.55,OK,23.85,23.68,OK,24.64,24.22,OK,22.87,22.69,OK,23.31,22.92,OK,24.08,23.94,OK,24.06,24.03,OK,23.5,23.38,OK,0,0,,0,0,,11.77,OK,11.77,OK,11.81,OK,11.77,OK,11.82,OK,11.97,OK,12.01,OK,0,,0,,12.85,OK,12.85,OK,12.85,OK,12.78,OK,12.89,OK,12.8,OK,12.88,OK,0,,0,,,,81.15,OK,,,,81.5,OK,,,,158.15,OK,,,,158.47,OK,,,,38.47,OK,,,,37.85,OK,,,,,,,,,,,,,,,,,
2406151052D,ATKINSON 3.8 OCV,DM4P4,2024-06-15 22:29:28,18.998,25.55,OK,25.08,24.98,OK,24.45,24.33,OK,25.1,24.8,OK,25.42,25.03,OK,25.4,24.91,OK,25.77,25.31,OK,25.49,25.24,OK,0,0,,0,0,,12.59,OK,12.48,OK,12.45,OK,12.61,OK,12.59,OK,12.58,OK,12.64,OK,0,,0,,9.31,OK,9.23,OK,9.67,OK,9.65,OK,9.99,OK,10.12,OK,10.23,OK,0,,0,,,,81.53,OK,,,,81.58,OK,,,,158,OK,,,,157.89,OK,,,,37.84,OK,,,,37.87,OK,,,,,,,,,,,,,,,,,
2406151053D,ATKINSON 3.8 OCV,DM5P8,2024-06-15 22:30:23,18.994,25.57,OK,24.99,24.9,OK,26.04,25.92,OK,22.46,22.07,OK,23.25,23.25,OK,23.53,23.53,OK,23.04,23,OK,23.21,23.14,OK,0,0,,0,0,,2.24,OK,2.63,OK,2.66,OK,2.67,OK,2.67,OK,2.62,OK,2.64,OK,0,,0,,0.85,OK,0.84,OK,0.78,OK,0.81,OK,0.8,OK,0.84,OK,0.83,OK,0,,0,,,,81.69,OK,,,,82.47,OK,,,,158.02,OK,,,,158.15,OK,,,,36.87,OK,,,,36.79,OK,,,,,,,,,,,,,,,,,
2406151054D,ATKINSON 3.8 OCV,DM2P3,2024-06-15 22:31:18,18.999,26.06,OK,26.54,26.49,OK,22.86,22.83,OK,23.88,23.42,OK,25.06,24.97,OK,25.09,25.01,OK,23.54,23.54,OK,24.75,24.7,OK,0,0,,0,0,,10.82,OK,10.86,OK,10.84,OK,10.87,OK,10.83,OK,11.14,OK,11.51,OK,0,,0,,10.03,OK,10.17,OK,10.21,OK,10.18,OK,10.19,OK,10.14,OK,10.18,OK,0,,0,,,,83.17,OK,,,,82.23,OK,,,,157.81,OK,,,,158.22,OK,,,,37.64,OK,,,,37.85,OK,,,,,,,,,,,,,,,,,
2406151055D,ATKINSON 3.8 OCV,DM1P6,2024-06-15 22:32:17,18.988,25.23,OK,27.73,27.4,OK,26.25,26.14,OK,26,25.75,OK,27.89,27.6,OK,27.44,27.31,OK,25.82,25.73,OK,26.38,26.2,OK,0,0,,0,0,,11.7,OK,11.36,OK,11.34,OK,11.4,OK,11.46,OK,11.46,OK,11.47,OK,0,,0,,10.55,OK,10.64,OK,10.65,OK,10.69,OK,10.7,OK,10.7,OK,10.78,OK,0,,0,,,,82.86,OK,,,,83.33,OK,,,,156.83,OK,,,,156.42,OK,,,,37.11,OK,,,,37.42,OK,,,,,,,,,,,,,,,,,
2406151056D,ATKINSON 3.8 OCV,DM3P1,2024-06-15 22:33:15,18.991,24.91,OK,23.04,22.99,OK,25.08,24.54,OK,22.2,21.99,OK,23.87,23.73,OK,24.03,23.94,OK,23.45,23.34,OK,23.64,23.55,OK,0,0,,0,0,,11.76,OK,11.77,OK,11.8,OK,11.75,OK,11.78,OK,11.97,OK,11.93,OK,0,,0,,12.84,OK,12.83,OK,12.93,OK,12.86,OK,12.83,OK,12.91,OK,12.87,OK,0,,0,,,,81.65,OK,,,,82.15,OK,,,,157.52,OK,,,,157.92,OK,,,,37.54,OK,,,,37.78,OK,,,,,,,,,,,,,,,,,
2406151057D,ATKINSON 3.8 OCV,DM4P2,2024-06-15 22:34:11,18.999,24.91,OK,23.99,23.92,OK,24.13,24.06,OK,23.64,23.41,OK,23.24,23.08,OK,25.24,25.03,OK,24.91,24.78,OK,24.87,24.73,OK,0,0,,0,0,,12.48,OK,12.61,OK,12.45,OK,12.72,OK,12.48,OK,12.6,OK,12.67,OK,0,,0,,9.31,OK,9.5,OK,9.79,OK,9.63,OK,10.13,OK,10.12,OK,10,OK,0,,0,,,,81.48,OK,,,,82,OK,,,,157.71,OK,,,,157.57,OK,,,,37.88,OK,,,,37.68,OK,,,,,,,,,,,,,,,,,
2406151058D,ATKINSON 3.8 OCV,DM5P5,2024-06-15 22:35:06,18.987,25.9,OK,26.43,25.94,OK,25.22,25.11,OK,22.46,22.05,OK,23.44,23.35,OK,24.71,24.6,OK,23.39,23.37,OK,23.6,23.53,OK,0,0,,0,0,,2.27,OK,2.69,OK,2.73,OK,2.63,OK,2.68,OK,2.69,OK,2.62,OK,0,,0,,0.85,OK,0.82,OK,0.84,OK,2.34,OK,0.83,OK,0.81,OK,1.68,OK,0,,0,,,,82.25,OK,,,,81.41,OK,,,,157.99,OK,,,,158.1,OK,,,,37.33,OK,,,,38.13,OK,,,,,,,,,,,,,,,,,
2406151059D,ATKINSON 3.8 OCV,DM2P7,2024-06-15 22:36:08,18.987,25.62,OK,26.25,26.15,OK,24.26,24.19,OK,24.41,24.24,OK,24.48,24.43,OK,24.51,24.51,OK,24.02,23.92,OK,25.6,25.52,OK,0,0,,0,0,,10.77,OK,10.84,OK,10.84,OK,10.86,OK,10.85,OK,10.85,OK,11.12,OK,0,,0,,10.17,OK,10.18,OK,10.23,OK,10.18,OK,10.2,OK,10.17,OK,10.26,OK,0,,0,,,,82.64,OK,,,,82.91,OK,,,,158.87,OK,,,,158.01,OK,,,,37.95,OK,,,,38.07,OK,,,,,,,,,,,,,,,,,
2406151060D,ATKINSON 3.8 OCV,DM1P9,2024-06-15 22:37:06,18.994,25.93,OK,29.87,29.69,OK,29.56,29.47,OK,28.7,28.5,OK,29.69,29.53,OK,29.31,29.22,OK,29.22,29.04,OK,29.31,29.24,OK,0,0,,0,0,,11.67,OK,11.42,OK,11.37,OK,11.42,OK,11.46,OK,11.45,OK,11.46,OK,0,,0,,10.67,OK,10.79,OK,10.84,OK,10.87,OK,10.82,OK,10.82,OK,10.9,OK,0,,0,,,,82.77,OK,,,,82.78,OK,,,,156.81,OK,,,,156.83,OK,,,,36.93,OK,,,,36.86,OK,,,,,,,,,,,,,,,,,
2406151061D,ATKINSON 3.8 OCV,DM3P4,2024-06-15 22:38:01,18.991,26.01,OK,26.05,26,OK,25.61,25.12,OK,24.33,24.2,OK,24.8,24.54,OK,24.64,24.5,OK,25.15,24.66,OK,25.26,25.12,OK,0,0,,0,0,,11.77,OK,11.79,OK,11.76,OK,11.88,OK,11.8,OK,11.93,OK,11.94,OK,0,,0,,12.85,OK,12.86,OK,12.92,OK,12.75,OK,12.94,OK,12.9,OK,12.86,OK,0,,0,,,,81.99,OK,,,,82.08,OK,,,,157.45,OK,,,,157.62,OK,,,,37.35,OK,,,,37.46,OK,,,,,,,,,,,,,,,,,
2406151062D,ATKINSON 3.8 OCV,DM4P8,2024-06-15 22:38:57,18.988,26.13,OK,23.34,23.27,OK,24.45,24.38,OK,24.03,23.68,OK,24.4,24.06,OK,24.43,23.92,OK,24.01,23.71,OK,23.66,23.55,OK,0,0,,0,0,,12.44,OK,12.61,OK,12.45,OK,12.47,OK,12.48,OK,12.6,OK,12.62,OK,0,,0,,9.28,OK,9.57,OK,9.48,OK,9.58,OK,9.95,OK,10.04,OK,10.02,OK,0,,0,,,,81.81,OK,,,,82.35,OK,,,,157.37,OK,,,,157.35,OK,,,,36.93,OK,,,,37.32,OK,,,,,,,,,,,,,,,,,
2406151063D,ATKINSON 3.8 OCV,DM5P3,2024-06-15 22:39:55,18.987,26.31,OK,25.8,25.64,OK,24.85,24.71,OK,24.51,24.02,OK,23.9,23.81,OK,23.02,22.97,OK,24.11,24.04,OK,23.28,23.25,OK,0,0,,0,0,,2.24,OK,2.69,OK,2.68,OK,2.74,OK,2.59,OK,2.61,OK,2.63,OK,0,,0,,2.42,OK,0.89,OK,2.38,OK,2.41,OK,0.89,OK,0.9,OK,0.83,OK,0,,0,,,,83.68,OK,,,,82.26,OK,,,,157.14,OK,,,,157.07,OK,,,,36.81,OK,,,,37.39,OK,,,,,,,,,,,,,,,,,
2406151064D,ATKINSON 3.8 OCV,DM2P6,2024-06-15 22:40:51,18.988,25.95,OK,24.6,24.6,OK,23.85,23.76,OK,24.8,24.51,OK,25.52,25.47,OK,24.12,24.02,OK,24.7,24.65,OK,25.62,25.55,OK,0,0,,0,0,,10.77,OK,10.86,OK,10.85,OK,10.84,OK,10.84,OK,10.85,OK,10.76,OK,0,,0,,10.15,OK,10.2,OK,10.19,OK,10.19,OK,10.22,OK,10.17,OK,10.16,OK,0,,0,,,,83.64,OK,,,,83.58,OK,,,,157.32,OK,,,,156.33,OK,,,,37.27,OK,,,,37.46,OK,,,,,,,,,,,,,,,,,
2406151065D,ATKINSON 3.8 OCV,DM1P1,2024-06-15 22:41:49,18.992,25.13,OK,27.33,26.95,OK,28.75,28.63,OK,27.37,27.17,OK,31.96,31.78,OK,30.21,30.01,OK,28.84,28.59,OK,29.51,29.24,OK,0,0,,0,0,,11.32,OK,11.41,OK,11.41,OK,11.43,OK,11.52,OK,11.48,OK,11.52,OK,0,,0,,10.65,OK,10.75,OK,10.76,OK,10.71,OK,10.8,OK,10.75,OK,10.85,OK,0,,0,,,,82.73,OK,,,,82.81,OK,,,,156.74,OK,,,,157.53,OK,,,,36.69,OK,,,,36.87,OK,,,,,,,,,,,,,,,,,
2406151066D,ATKINSON 3.8 OCV,DM3P2,2024-06-15 22:42:41,18.992,25.53,OK,23.08,22.97,OK,24.71,24.57,OK,24.17,24.15,OK,23.62,23.55,OK,24.8,24.71,OK,24.26,24.24,OK,25.15,25.03,OK,0,0,,0,0,,11.65,OK,11.81,OK,11.8,OK,11.78,OK,11.78,OK,11.92,OK,11.95,OK,0,,0,,12.81,OK,12.84,OK,12.66,OK,12.8,OK,12.77,OK,12.81,OK,12.81,OK,0,,0,,,,82.14,OK,,,,82.44,OK,,,,156.78,OK,,,,157.12,OK,,,,37.19,OK,,,,37.07,OK,,,,,,,,,,,,,,,,,
2406151067D,ATKINSON 3.8 OCV,DM4P5,2024-06-15 22:43:39,18.997,26.55,OK,23.99,23.92,OK,23.04,22.97,OK,23.13,22.92,OK,25.15,24.91,OK,24.24,24.13,OK,24.57,24.15,OK,25.31,25.15,OK,0,0,,0,0,,12.46,OK,12.45,OK,12.44,OK,12.57,OK,12.45,OK,12.62,OK,12.63,OK,0,,0,,8.78,OK,9.46,OK,9.72,OK,9.68,OK,10,OK,10.14,OK,10.12,OK,0,,0,,,,82.36,OK,,,,82.08,OK,,,,157.61,OK,,,,157.5,OK,,,,37.31,OK,,,,37.27,OK,,,,,,,,,,,,,,,,,
2406151068D,ATKINSON 3.8 OCV,DM5P7,2024-06-15 22:44:35,18.997,26.55,OK,26.92,26.45,OK,24.62,24.55,OK,23.11,22.77,OK,23.72,23.69,OK,23.37,23.32,OK,23.76,23.74,OK,24.06,24.02,OK,0,0,,0,0,,2.23,OK,2.68,OK,2.67,OK,2.65,OK,2.68,OK,2.63,OK,2.69,OK,0,,0,,0.84,OK,0.85,OK,0.8,OK,0.88,OK,0.87,OK,0.86,OK,0.86,OK,0,,0,,,,83.35,OK,,,,83.91,OK,,,,158.05,OK,,,,157.53,OK,,,,36.89,OK,,,,37.04,OK,,,,,,,,,,,,,,,,,
2406151069D,ATKINSON 3.8 OCV,DM2P9,2024-06-15 22:45:33,18.989,26.52,OK,26.25,26.2,OK,23.13,23,OK,25.28,25.11,OK,25.26,25.18,OK,24.6,24.58,OK,24.34,24.26,OK,25.28,25.28,OK,0,0,,0,0,,10.75,OK,10.85,OK,10.84,OK,10.84,OK,10.86,OK,10.84,OK,10.97,OK,0,,0,,10.19,OK,10.2,OK,10.21,OK,10.2,OK,10.16,OK,10.19,OK,10.18,OK,0,,0,,,,82.56,OK,,,,82.52,OK,,,,158.2,OK,,,,157.78,OK,,,,38.08,OK,,,,37.74,OK,,,,,,,,,,,,,,,,,
2406151070D,ATKINSON 3.8 OCV,DM1P4,2024-06-15 22:46:28,18.995,25.02,OK,29.98,29.22,OK,30.01,29.83,OK,28.54,28.18,OK,30.86,30.55,OK,29.83,29.71,OK,28.79,28.54,OK,29.62,29.42,OK,0,0,,0,0,,11.52,OK,11.44,OK,11.4,OK,11.35,OK,11.51,OK,11.45,OK,11.49,OK,0,,0,,10.69,OK,10.71,OK,10.76,OK,10.76,OK,10.86,OK,10.76,OK,10.79,OK,0,,0,,,,82.67,OK,,,,83.21,OK,,,,156.55,OK,,,,156.95,OK,,,,36.76,OK,,,,37.05,OK,,,,,,,,,,,,,,,,,
2406151071D,ATKINSON 3.8 OCV,DM3P8,2024-06-15 22:47:27,18.994,24.52,OK,28.32,28.12,OK,25.33,24.84,OK,23.64,23.57,OK,23.92,23.82,OK,23.62,23.59,OK,24.73,24.66,OK,24.1,23.89,OK,0,0,,0,0,,11.79,OK,11.8,OK,11.91,OK,11.74,OK,11.79,OK,11.96,OK,11.92,OK,0,,0,,12.85,OK,12.84,OK,12.72,OK,12.75,OK,12.9,OK,12.8,OK,12.81,OK,0,,0,,,,81.95,OK,,,,81.95,OK,,,,157.52,OK,,,,157.33,OK,,,,37.29,OK,,,,37.74,OK,,,,,,,,,,,,,,,,,
2406151072D,ATKINSON 3.8 OCV,DM4P3,2024-06-15 22:48:22,18.984,25.73,OK,24.43,24.36,OK,24.45,24.38,OK,24.31,23.82,OK,25.08,24.47,OK,26.07,25.49,OK,24.75,24.61,OK,26.33,25.82,OK,0,0,,0,0,,12.62,OK,12.42,OK,12.49,OK,12.59,OK,12.48,OK,12.61,OK,12.62,OK,0,,0,,8.96,OK,9.72,OK,9.64,OK,9.85,OK,10.2,OK,10.21,OK,10.07,OK,0,,0,,,,82.51,OK,,,,82.28,OK,,,,157.54,OK,,,,157.61,OK,,,,37.27,OK,,,,37.72,OK,,,,,,,,,,,,,,,,,
2406151073D,ATKINSON 3.8 OCV,DM5P6,2024-06-15 22:49:21,18.992,25.12,OK,24.3,24.18,OK,24.51,24.44,OK,22.46,22,OK,24.02,23.9,OK,24.48,24.41,OK,23.76,23.65,OK,23.14,23.11,OK,0,0,,0,0,,2.25,OK,2.69,OK,2.65,OK,2.62,OK,2.63,OK,2.6,OK,2.64,OK,0,,0,,0.85,OK,0.79,OK,0.81,OK,0.82,OK,0.84,OK,0.84,OK,0.85,OK,0,,0,,,,83.98,OK,,,,83.59,OK,,,,157.42,OK,,,,155.99,OK,,,,37.58,OK,,,,37.79,OK,,,,,,,,,,,,,,,,,
2406151075D,ATKINSON 3.8 OCV,DM1P2,2024-06-15 22:50:19,18.992,25.65,OK,27.13,26.81,OK,30.34,30.21,OK,28.95,28.63,OK,30.01,29.78,OK,30.12,29.92,OK,30.7,30.55,OK,30.64,30.3,OK,0,0,,0,0,,11.44,OK,11.43,OK,11.39,OK,11.43,OK,11.45,OK,11.47,OK,11.48,OK,0,,0,,10.71,OK,10.77,OK,10.69,OK,10.73,OK,10.73,OK,10.79,OK,10.86,OK,0,,0,,,,82.88,OK,,,,83.23,OK,,,,156.7,OK,,,,156.57,OK,,,,36.72,OK,,,,36.75,OK,,,,,,,,,,,,,,,,,
2406151074D,ATKINSON 3.8 OCV,DM2P1,2024-06-15 22:51:14,18.998,26.12,OK,26.71,26.64,OK,23.9,23.83,OK,24.89,24.6,OK,25.38,25.28,OK,26.08,26.01,OK,25.57,25.55,OK,25.09,25.06,OK,0,0,,0,0,,10.75,OK,10.85,OK,10.85,OK,10.85,OK,10.8,OK,11.12,OK,11.48,OK,0,,0,,10.19,OK,10.15,OK,10.18,OK,10.17,OK,10.18,OK,10.19,OK,10.19,OK,0,,0,,,,82.68,OK,,,,82.95,OK,,,,156.91,OK,,,,157.45,OK,,,,37.1,OK,,,,37.22,OK,,,,,,,,,,,,,,,,,
2406151076D,ATKINSON 3.8 OCV,DM3P5,2024-06-15 22:52:10,18.982,25.67,OK,24.15,24.01,OK,24.57,24.26,OK,23.89,23.78,OK,23.85,23.55,OK,23.24,23.15,OK,24.1,23.99,OK,22.73,22.55,OK,0,0,,0,0,,11.78,OK,11.8,OK,11.76,OK,11.78,OK,11.79,OK,12.11,OK,12.11,OK,0,,0,,12.84,OK,12.85,OK,12.81,OK,12.8,OK,12.85,OK,12.81,OK,12.84,OK,0,,0,,,,82.54,OK,,,,81.86,OK,,,,157.14,OK,,,,157.45,OK,,,,37.47,OK,,,,37.54,OK,,,,,,,,,,,,,,,,,
2406151077D,ATKINSON 3.8 OCV,DM4P7,2024-06-15 22:53:08,18.994,25.7,OK,24.64,24.59,OK,26.31,26.03,OK,24.08,23.75,OK,24.71,24.5,OK,24.66,24.33,OK,24.36,23.82,OK,24.61,24.22,OK,0,0,,0,0,,12.51,OK,12.4,OK,12.44,OK,12.73,OK,12.61,OK,12.58,OK,12.64,OK,0,,0,,9.23,OK,9.66,OK,9.7,OK,9.69,OK,9.91,OK,9.93,OK,10.13,OK,0,,0,,,,83.09,OK,,,,83.15,OK,,,,157.9,OK,,,,157.1,OK,,,,37.16,OK,,,,37.51,OK,,,,,,,,,,,,,,,,,
2406151078D,ATKINSON 3.8 OCV,DM5P9,2024-06-15 22:54:07,18.998,25.55,OK,24.58,24.37,OK,25.39,25.36,OK,23.55,23.28,OK,25.06,24.99,OK,25.83,25.48,OK,23.74,23.65,OK,24.02,24.02,OK,0,0,,0,0,,2.32,OK,2.7,OK,2.76,OK,2.7,OK,2.74,OK,2.8,OK,2.63,OK,0,,0,,0.85,OK,0.82,OK,0.84,OK,0.84,OK,0.88,OK,0.88,OK,0.86,OK,0,,0,,,,82.3,OK,,,,82.29,OK,,,,157.33,OK,,,,157.98,OK,,,,37.98,OK,,,,37.4,OK,,,,,,,,,,,,,,,,,
2406151079D,ATKINSON 3.8 OCV,DM1P8,2024-06-15 22:55:02,18.999,24.96,OK,28.63,28,OK,29.22,29.08,OK,30.03,29.87,OK,30.48,29.98,OK,32.17,31.67,OK,31.11,30.86,OK,29.92,29.65,OK,0,0,,0,0,,11.33,OK,11.37,OK,11.37,OK,11.45,OK,11.48,OK,11.53,OK,11.53,OK,0,,0,,10.63,OK,10.68,OK,10.64,OK,10.74,OK,10.54,OK,10.62,OK,10.94,OK,0,,0,,,,82.49,OK,,,,82.81,OK,,,,156.83,OK,,,,157.18,OK,,,,36.86,OK,,,,37.12,OK,,,,,,,,,,,,,,,,,
2406151080D,ATKINSON 3.8 OCV,DM2P4,2024-06-15 22:56:01,18.987,25.62,OK,26.56,26.54,OK,23.66,23.59,OK,23.51,23.2,OK,25.33,25.28,OK,25.23,25.11,OK,24.36,24.34,OK,24.43,24.43,OK,0,0,,0,0,,10.81,OK,10.86,OK,10.82,OK,11.24,OK,10.81,OK,10.84,OK,10.85,OK,0,,0,,10.19,OK,10.21,OK,10.2,OK,10.19,OK,10.18,OK,10.14,OK,10.2,OK,0,,0,,,,82.47,OK,,,,82.42,OK,,,,157.59,OK,,,,157.78,OK,,,,37.36,OK,,,,37.41,OK,,,,,,,,,,,,,,,,,
2406151081D,ATKINSON 3.8 OCV,DM3P3,2024-06-15 22:56:56,18.998,25.65,OK,23.62,23.59,OK,25.87,25.1,OK,23.31,23.04,OK,23.2,22.85,OK,24.98,24.47,OK,24.31,23.94,OK,23.78,23.43,OK,0,0,,0,0,,11.65,OK,11.81,OK,11.8,OK,11.76,OK,11.78,OK,11.8,OK,11.6,OK,0,,0,,12.85,OK,12.83,OK,12.77,OK,12.91,OK,12.77,OK,12.83,OK,12.82,OK,0,,0,,,,83.31,OK,,,,82.79,OK,,,,157.06,OK,,,,157.27,OK,,,,37.16,OK,,,,37.34,OK,,,,,,,,,,,,,,,,,
2406151082D,ATKINSON 3.8 OCV,DM4P6,2024-06-15 22:57:54,18.988,25.46,OK,25.66,25.61,OK,23.59,23.57,OK,23.75,23.22,OK,24.47,24.26,OK,25.4,24.84,OK,25.03,24.52,OK,24.26,24.01,OK,0,0,,0,0,,12.57,OK,12.39,OK,12.59,OK,12.49,OK,12.53,OK,12.62,OK,12.62,OK,0,,0,,9.33,OK,9.51,OK,9.68,OK,9.7,OK,9.91,OK,10,OK,10.04,OK,0,,0,,,,82.76,OK,,,,82.98,OK,,,,156.98,OK,,,,156.8,OK,,,,37.36,OK,,,,37.64,OK,,,,,,,,,,,,,,,,,
2406151084D,ATKINSON 3.8 OCV,DM1P2,2024-06-15 22:58:46,18.984,25.92,OK,31.74,31.49,OK,30.3,30.12,OK,28.63,28.32,OK,30.86,30.5,OK,30.57,30.23,OK,30.86,30.7,OK,31,30.86,OK,0,0,,0,0,,11.37,OK,11.43,OK,11.57,OK,11.42,OK,11.45,OK,11.97,OK,11.49,OK,0,,0,,10.71,OK,10.74,OK,10.56,OK,10.74,OK,10.93,OK,10.73,OK,10.79,OK,0,,0,,,,82.51,OK,,,,82.63,OK,,,,156.72,OK,,,,156.91,OK,,,,37,OK,,,,36.7,OK,,,,,,,,,,,,,,,,,
2406151085D,ATKINSON 3.8 OCV,DM2P5,2024-06-15 22:59:45,18.998,24.85,OK,26.23,26.1,OK,22.42,22.33,OK,24.97,24.75,OK,25.01,24.89,OK,24.92,24.89,OK,25.69,25.67,OK,24.34,24.29,OK,0,0,,0,0,,11.1,OK,10.99,OK,10.83,OK,10.86,OK,10.86,OK,10.84,OK,10.9,OK,0,,0,,10.04,OK,10.07,OK,10.18,OK,10.15,OK,10.15,OK,10.17,OK,10.18,OK,0,,0,,,,81.96,OK,,,,81.86,OK,,,,157.67,OK,,,,157.91,OK,,,,37.96,OK,,,,37.98,OK,,,,,,,,,,,,,,,,,
2406151086D,ATKINSON 3.8 OCV,DM3P7,2024-06-15 23:00:40,18.99,26.83,OK,24.8,24.8,OK,25.26,24.89,OK,23.24,23.01,OK,23.96,23.64,OK,24.61,24.54,OK,24.22,23.99,OK,24.22,23.87,OK,0,0,,0,0,,11.53,OK,11.79,OK,11.8,OK,11.79,OK,11.83,OK,11.8,OK,11.86,OK,0,,0,,12.82,OK,12.86,OK,12.83,OK,12.79,OK,12.73,OK,12.58,OK,12.62,OK,0,,0,,,,82.82,OK,,,,82.87,OK,,,,157.74,OK,,,,157.34,OK,,,,37.4,OK,,,,37.65,OK,,,,,,,,,,,,,,,,,
2406151087D,ATKINSON 3.8 OCV,DM4P9,2024-06-15 23:01:35,18.996,24.52,OK,24.75,24.75,OK,23.66,23.57,OK,23.66,23.38,OK,24.78,24.31,OK,24.54,24.22,OK,25.33,25.03,OK,25.03,24.84,OK,0,0,,0,0,,12.57,OK,12.61,OK,12.59,OK,12.61,OK,12.58,OK,12.61,OK,12.65,OK,0,,0,,9.28,OK,9.81,OK,9.93,OK,9.87,OK,9.99,OK,10.03,OK,10.17,OK,0,,0,,,,82.13,OK,,,,82.48,OK,,,,158.25,OK,,,,158.16,OK,,,,38.25,OK,,,,38.05,OK,,,,,,,,,,,,,,,,,
2406151083D,ATKINSON 3.8 OCV,DM5P1,2024-06-15 23:02:30,18.999,25,OK,24.27,24.18,OK,24.95,24.88,OK,23.67,23.28,OK,23.11,22.97,OK,23.76,23.55,OK,24.41,24.34,OK,23.02,22.95,OK,0,0,,0,0,,2.3,OK,2.67,OK,2.75,OK,2.67,OK,2.71,OK,2.61,OK,2.62,OK,0,,0,,0.82,OK,0.79,OK,0.8,OK,0.73,OK,0.76,OK,0.78,OK,0.8,OK,0,,0,,,,82.19,OK,,,,82.52,OK,,,,157.5,OK,,,,157.34,OK,,,,36.8,OK,,,,37.35,OK,,,,,,,,,,,,,,,,,
2406151088D,ATKINSON 3.8 OCV,DM1P4,2024-06-15 23:03:29,18.988,24.4,OK,29.94,29.02,OK,32.1,31.81,OK,30.5,30.03,OK,33.72,33.18,OK,31.83,31.36,OK,32.3,31.63,OK,34.46,33.88,OK,0,0,,0,0,,11.43,OK,11.43,OK,11.42,OK,11.37,OK,11.44,OK,11.69,OK,11.49,OK,0,,0,,10.57,OK,10.75,OK,10.57,OK,10.7,OK,10.92,OK,10.82,OK,10.73,OK,0,,0,,,,82.08,OK,,,,82.57,OK,,,,157.06,OK,,,,157.33,OK,,,,37.11,OK,,,,37.27,OK,,,,,,,,,,,,,,,,,
2406151089D,ATKINSON 3.8 OCV,DM2P3,2024-06-15 23:07:42,18.986,24.61,OK,26.61,26.54,OK,24.46,24.41,OK,24.89,24.55,OK,25.72,25.67,OK,25.11,25.09,OK,24.99,24.97,OK,25.96,25.89,OK,0,0,,0,0,,10.82,OK,11.43,OK,11.41,OK,10.83,OK,11.29,OK,10.85,OK,10.86,OK,0,,0,,10.15,OK,10.18,OK,10.33,OK,10.23,OK,10.16,OK,10.17,OK,10.15,OK,0,,0,,,,82.72,OK,,,,82.44,OK,,,,158.54,OK,,,,158.47,OK,,,,37.93,OK,,,,38.19,OK,,,,,,,,,,,,,,,,,
2406151090D,ATKINSON 3.8 OCV,DM3P6,2024-06-15 23:08:41,18.984,24.67,OK,25.84,25.77,OK,25.54,25.17,OK,24.5,24.38,OK,25.36,25.03,OK,25.15,25.1,OK,25.59,25.36,OK,24.87,24.78,OK,0,0,,0,0,,11.6,OK,11.78,OK,11.8,OK,11.67,OK,11.71,OK,11.78,OK,11.55,OK,0,,0,,12.8,OK,12.87,OK,12.78,OK,12.87,OK,12.8,OK,12.74,OK,12.71,OK,0,,0,,,,82.81,OK,,,,82.7,OK,,,,157.09,OK,,,,156.28,OK,,,,37.36,OK,,,,37.73,OK,,,,,,,,,,,,,,,,,
2406151091D,ATKINSON 3.8 OCV,DM4P1,2024-06-15 23:09:36,18.997,25.8,OK,25.26,25.19,OK,23.62,23.52,OK,25.01,24.84,OK,25.47,25.17,OK,24.43,24.01,OK,26.42,26.26,OK,24.33,24.29,OK,0,0,,0,0,,12.58,OK,12.69,OK,12.74,OK,12.65,OK,12.64,OK,12.63,OK,12.64,OK,0,,0,,9.28,OK,9.76,OK,9.85,OK,9.91,OK,10.24,OK,10.26,OK,10.09,OK,0,,0,,,,81.94,OK,,,,82.6,OK,,,,157.65,OK,,,,157.65,OK,,,,37.48,OK,,,,37.83,OK,,,,,,,,,,,,,,,,,
2406151093D,ATKINSON 3.8 OCV,DM1P2,2024-06-15 23:10:35,18.986,25.21,OK,30.66,30.07,OK,32.41,32.37,OK,29.56,29.33,OK,33.63,33.27,OK,33.25,33.02,OK,33.16,32.98,OK,33.81,33.31,OK,0,0,,0,0,,11.3,OK,11.37,OK,11.44,OK,11.96,OK,11.46,OK,11.91,OK,11.49,OK,0,,0,,10.72,OK,10.82,OK,10.79,OK,10.74,OK,11.01,OK,10.92,OK,10.94,OK,0,,0,,,,82.19,OK,,,,82.78,OK,,,,156.94,OK,,,,157.17,OK,,,,37.22,OK,,,,37.54,OK,,,,,,,,,,,,,,,,,
2406151092D,ATKINSON 3.8 OCV,DM5P8,2024-06-15 23:11:33,18.995,25.13,OK,25.04,24.92,OK,24.85,24.78,OK,23.11,22.79,OK,24.53,24.48,OK,24.02,24,OK,23.21,23.14,OK,23.44,23.37,OK,0,0,,0,0,,2.33,OK,2.7,OK,2.8,OK,2.72,OK,2.63,OK,2.61,OK,2.61,OK,0,,0,,0.85,OK,0.79,OK,0.81,OK,0.84,OK,0.8,OK,0.86,OK,0.83,OK,0,,0,,,,82.33,OK,,,,81.67,OK,,,,157.37,OK,,,,158.06,OK,,,,37.67,OK,,,,37.11,OK,,,,,,,,,,,,,,,,,
2406151094D,ATKINSON 3.8 OCV,DM2P5,2024-06-15 23:12:28,18.984,25.17,OK,25.74,25.64,OK,24.72,24.6,OK,24.31,24.14,OK,24.77,24.77,OK,24.7,24.65,OK,24.68,24.65,OK,25.89,25.81,OK,0,0,,0,0,,10.81,OK,11.03,OK,10.84,OK,11.14,OK,10.85,OK,10.88,OK,10.84,OK,0,,0,,10.18,OK,10,OK,10.19,OK,10.17,OK,10.27,OK,10.15,OK,10.19,OK,0,,0,,,,82.58,OK,,,,82.22,OK,,,,157.92,OK,,,,158,OK,,,,37.73,OK,,,,37.96,OK,,,,,,,,,,,,,,,,,
2406151095D,ATKINSON 3.8 OCV,DM3P7,2024-06-15 23:13:24,18.995,25.8,OK,24.36,24.29,OK,24.66,23.96,OK,25.03,24.78,OK,23.75,23.34,OK,23.62,23.57,OK,23.38,23.22,OK,24.29,23.85,OK,0,0,,0,0,,11.68,OK,11.84,OK,11.65,OK,11.79,OK,11.76,OK,11.91,OK,11.75,OK,0,,0,,12.87,OK,12.85,OK,12.92,OK,12.72,OK,12.81,OK,12.83,OK,12.8,OK,0,,0,,,,82.45,OK,,,,82.75,OK,,,,158.2,OK,,,,158,OK,,,,37.37,OK,,,,37.59,OK,,,,,,,,,,,,,,,,,
2406151096D,ATKINSON 3.8 OCV,DM4P9,2024-06-15 23:14:22,18.996,24.03,OK,23.99,23.87,OK,24.13,24.01,OK,25.33,25.08,OK,25.1,24.59,OK,26.31,25.8,OK,24.98,24.66,OK,26.05,25.94,OK,0,0,,0,0,,12.44,OK,12.66,OK,12.46,OK,12.47,OK,12.49,OK,12.64,OK,12.63,OK,0,,0,,9.27,OK,9.69,OK,9.68,OK,9.9,OK,10.21,OK,10.15,OK,10.22,OK,0,,0,,,,82.04,OK,,,,82.09,OK,,,,157.89,OK,,,,158.98,OK,,,,38.08,OK,,,,37.8,OK,,,,,,,,,,,,,,,,,
2406151097D,ATKINSON 3.8 OCV,DM1P3,2024-06-15 23:15:21,18.996,26.5,OK,32.23,31.56,OK,32.77,32.62,OK,31.87,31.02,OK,34.42,33.74,OK,32.71,32.14,OK,30.86,30.25,OK,31.65,30.95,OK,0,0,,0,0,,11.43,OK,11.38,OK,11.47,OK,11.47,OK,11.47,OK,11.48,OK,11.48,OK,0,,0,,10.64,OK,10.86,OK,10.8,OK,10.68,OK,10.81,OK,10.77,OK,10.89,OK,0,,0,,,,83.33,OK,,,,82.9,OK,,,,157.14,OK,,,,157.3,OK,,,,37.11,OK,,,,37.53,OK,,,,,,,,,,,,,,,,,
2406151099D,ATKINSON 3.8 OCV,DM2P6,2024-06-15 23:16:16,18.986,24.93,OK,24.8,24.72,OK,24.29,24.26,OK,24.77,24.63,OK,24.48,24.48,OK,23.95,23.92,OK,22.54,22.52,OK,24.24,24.19,OK,0,0,,0,0,,11.51,OK,11.14,OK,11.08,OK,10.85,OK,10.83,OK,10.84,OK,10.86,OK,0,,0,,10.18,OK,10.18,OK,10.07,OK,10.17,OK,10.1,OK,10.17,OK,10.31,OK,0,,0,,,,83.14,OK,,,,83.32,OK,,,,157.19,OK,,,,156.45,OK,,,,37.24,OK,,,,37.61,OK,,,,,,,,,,,,,,,,,
2406151100D,ATKINSON 3.8 OCV,DM3P1,2024-06-15 23:17:11,18.994,25.88,OK,24.57,24.54,OK,24.31,23.71,OK,23.64,23.57,OK,23.04,22.85,OK,25.22,25.08,OK,23.52,23.41,OK,24.03,23.87,OK,0,0,,0,0,,11.42,OK,11.8,OK,11.81,OK,11.89,OK,11.68,OK,11.82,OK,11.81,OK,0,,0,,12.82,OK,12.87,OK,12.81,OK,12.7,OK,12.8,OK,12.76,OK,12.64,OK,0,,0,,,,82.42,OK,,,,82.4,OK,,,,157,OK,,,,157.7,OK,,,,37.3,OK,,,,37.57,OK,,,,,,,,,,,,,,,,,
2406151101D,ATKINSON 3.8 OCV,DM4P8,2024-06-15 23:18:10,18.994,25.88,OK,24.4,24.33,OK,23.62,23.59,OK,23.43,23.24,OK,24.8,24.66,OK,24.96,24.82,OK,24.33,24.24,OK,24.15,24.06,OK,0,0,,0,0,,12.52,OK,12.5,OK,12.51,OK,12.62,OK,12.63,OK,12.61,OK,12.61,OK,0,,0,,9.15,OK,9.88,OK,9.79,OK,9.96,OK,10.1,OK,10.13,OK,10.06,OK,0,,0,,,,81.86,OK,,,,82.16,OK,,,,157.92,OK,,,,157.84,OK,,,,37.34,OK,,,,37.74,OK,,,,,,,,,,,,,,,,,
2406151102D,ATKINSON 3.8 OCV,DM1P2,2024-06-15 23:19:05,18.994,25.67,OK,31.36,30.57,OK,31.15,31.02,OK,30.86,30.55,OK,31.11,30.48,OK,32.21,31.69,OK,31.13,30.84,OK,32.19,31.81,OK,0,0,,0,0,,11.19,OK,11.46,OK,11.4,OK,11.4,OK,11.47,OK,11.53,OK,11.68,OK,0,,0,,10.56,OK,10.82,OK,10.79,OK,10.82,OK,10.83,OK,10.75,OK,10.77,OK,0,,0,,,,82.23,OK,,,,82.87,OK,,,,156.53,OK,,,,156.88,OK,,,,37.05,OK,,,,36.85,OK,,,,,,,,,,,,,,,,,
2406151103D,ATKINSON 3.8 OCV,DM2P7,2024-06-15 23:20:03,18.999,25.28,OK,26.76,26.69,OK,23.63,23.51,OK,24.46,24.26,OK,26.83,26.78,OK,25.14,25.09,OK,23.8,23.78,OK,25.01,24.92,OK,0,0,,0,0,,10.87,OK,10.84,OK,10.87,OK,10.86,OK,10.85,OK,10.86,OK,10.85,OK,0,,0,,10.33,OK,10.16,OK,10.21,OK,10.17,OK,10.17,OK,10.2,OK,10.18,OK,0,,0,,,,82.69,OK,,,,82.65,OK,,,,158.33,OK,,,,157.67,OK,,,,37.85,OK,,,,38.05,OK,,,,,,,,,,,,,,,,,
2406151104D,ATKINSON 3.8 OCV,DM3P9,2024-06-15 23:20:59,18.994,25.36,OK,23.99,23.92,OK,26.31,25.87,OK,23.15,23.01,OK,23.08,22.92,OK,24.47,24.45,OK,23.99,23.89,OK,23.73,23.62,OK,0,0,,0,0,,11.55,OK,11.81,OK,11.82,OK,11.77,OK,11.79,OK,12.1,OK,12.04,OK,0,,0,,12.79,OK,12.86,OK,12.75,OK,12.9,OK,12.91,OK,12.86,OK,12.78,OK,0,,0,,,,82.09,OK,,,,81.9,OK,,,,157.73,OK,,,,157.93,OK,,,,38.17,OK,,,,37.67,OK,,,,,,,,,,,,,,,,,
2406151105D,ATKINSON 3.8 OCV,DM4P3,2024-06-15 23:22:01,18.984,25.33,OK,25.56,25.42,OK,24.31,24.13,OK,24.52,24.22,OK,23.52,23.08,OK,24.52,23.89,OK,24.13,23.38,OK,24.68,24.33,OK,0,0,,0,0,,12.56,OK,12.39,OK,12.42,OK,12.69,OK,12.59,OK,12.61,OK,12.63,OK,0,,0,,9.26,OK,9.38,OK,9.78,OK,9.57,OK,9.99,OK,10.09,OK,10.03,OK,0,,0,,,,82.44,OK,,,,82.05,OK,,,,157.78,OK,,,,157.84,OK,,,,37.53,OK,,,,37.75,OK,,,,,,,,,,,,,,,,,
2406151106D,ATKINSON 3.8 OCV,DM1P4,2024-06-15 23:22:59,18.982,26.01,OK,31.29,30.43,OK,34.98,34.75,OK,32.12,31.76,OK,34.53,33.9,OK,34.39,33.92,OK,32.93,32.28,OK,33.16,32.48,OK,0,0,,0,0,,11.44,OK,11.42,OK,11.41,OK,11.55,OK,11.61,OK,11.52,OK,11.52,OK,0,,0,,10.7,OK,10.77,OK,10.85,OK,10.8,OK,10.93,OK,10.85,OK,10.98,OK,0,,0,,,,82.38,OK,,,,82.32,OK,,,,157.03,OK,,,,157.32,OK,,,,36.96,OK,,,,36.9,OK,,,,,,,,,,,,,,,,,
2406151107D,ATKINSON 3.8 OCV,DM2P6,2024-06-15 23:23:54,18.982,26.01,OK,23.61,23.56,OK,22.88,22.79,OK,24.05,23.9,OK,24.68,24.6,OK,25.52,25.45,OK,24.36,24.31,OK,23.05,22.96,OK,0,0,,0,0,,10.73,OK,10.83,OK,10.84,OK,10.85,OK,11.03,OK,10.87,OK,10.84,OK,0,,0,,10.15,OK,10.16,OK,10.17,OK,10.13,OK,10.18,OK,10.2,OK,10.18,OK,0,,0,,,,82.91,OK,,,,82.73,OK,,,,157.73,OK,,,,157.15,OK,,,,37.74,OK,,,,37.93,OK,,,,,,,,,,,,,,,,,
2406151108D,ATKINSON 3.8 OCV,DM3P1,2024-06-15 23:24:49,18.998,27.43,OK,24.75,24.68,OK,24.33,23.94,OK,23.43,23.22,OK,23.13,22.69,OK,23.41,23.31,OK,23.78,23.66,OK,24.54,24.36,OK,0,0,,0,0,,11.25,OK,11.78,OK,11.79,OK,11.95,OK,11.84,OK,11.79,OK,11.79,OK,0,,0,,12.8,OK,12.85,OK,12.81,OK,12.88,OK,12.8,OK,12.81,OK,12.69,OK,0,,0,,,,82.25,OK,,,,82.31,OK,,,,157.14,OK,,,,157.55,OK,,,,37.48,OK,,,,37.66,OK,,,,,,,,,,,,,,,,,
2406151110D,ATKINSON 3.8 OCV,DM1P2,2024-06-15 23:25:45,18.985,24.53,OK,30.61,30.19,OK,33.88,33.65,OK,31.15,30.91,OK,32.5,32.05,OK,33.45,32.86,OK,31.78,31.27,OK,34.82,34.51,OK,0,0,,0,0,,11.46,OK,11.46,OK,11.39,OK,11.68,OK,11.89,OK,11.54,OK,11.54,OK,0,,0,,10.72,OK,10.74,OK,10.66,OK,10.91,OK,10.87,OK,10.73,OK,10.92,OK,0,,0,,,,82.15,OK,,,,82.39,OK,,,,156.88,OK,,,,157.06,OK,,,,37.33,OK,,,,37.14,OK,,,,,,,,,,,,,,,,,
2406151111D,ATKINSON 3.8 OCV,DM2P7,2024-06-15 23:26:43,18.993,27.25,OK,25.47,25.33,OK,22.59,22.52,OK,23.63,23.39,OK,23.63,23.56,OK,24.99,24.97,OK,23.22,23.22,OK,23.8,23.78,OK,0,0,,0,0,,10.74,OK,10.86,OK,10.86,OK,10.86,OK,10.75,OK,10.87,OK,10.85,OK,0,,0,,10.15,OK,10.19,OK,10.16,OK,10.19,OK,10.18,OK,10.19,OK,10.17,OK,0,,0,,,,82.67,OK,,,,83,OK,,,,158.48,OK,,,,157.78,OK,,,,37.71,OK,,,,38.03,OK,,,,,,,,,,,,,,,,,
2406151109D,ATKINSON 3.8 OCV,DM4P8,2024-06-15 23:27:42,18.985,27.38,OK,24.52,24.45,OK,24.08,24.08,OK,24.01,23.85,OK,25.05,24.91,OK,24.54,24.08,OK,23.59,23.15,OK,24.06,23.94,OK,0,0,,0,0,,12.63,OK,12.68,OK,12.45,OK,12.56,OK,12.58,OK,12.59,OK,12.65,OK,0,,0,,9.17,OK,9.37,OK,9.64,OK,9.76,OK,9.94,OK,9.87,OK,9.94,OK,0,,0,,,,81.54,OK,,,,81.69,OK,,,,157.7,OK,,,,157.79,OK,,,,37.67,OK,,,,37.79,OK,,,,,,,,,,,,,,,,,
2406151098D,ATKINSON 3.8 OCV,DM5P4,2024-06-15 23:28:40,18.986,24.93,OK,26.87,26.59,OK,23.97,23.97,OK,22.67,22.14,OK,23.23,23.16,OK,24.23,23.88,OK,23.07,22.97,OK,22.53,22.46,OK,0,0,,0,0,,2.21,OK,2.63,OK,2.62,OK,2.61,OK,2.66,OK,2.75,OK,2.61,OK,0,,0,,0.81,OK,0.85,OK,0.84,OK,2.37,OK,0.8,OK,0.79,OK,0.78,OK,0,,0,,,,81.98,OK,,,,82.11,OK,,,,158.08,OK,,,,158.28,OK,,,,37.23,OK,,,,37.9,OK,,,,,,,,,,,,,,,,,
2406151113D,ATKINSON 3.8 OCV,DM1P4,2024-06-15 23:29:35,18.997,26.46,OK,31.42,30.68,OK,32.84,32.32,OK,33.18,32.64,OK,33.4,32.55,OK,32.8,31.9,OK,32.17,31.63,OK,31.87,31.11,OK,0,0,,0,0,,11.44,OK,11.36,OK,11.44,OK,11.41,OK,11.43,OK,11.45,OK,11.5,OK,0,,0,,10.61,OK,10.87,OK,10.75,OK,10.59,OK,10.89,OK,10.75,OK,10.72,OK,0,,0,,,,82.41,OK,,,,82.02,OK,,,,157.41,OK,,,,157.3,OK,,,,37.55,OK,,,,37.5,OK,,,,,,,,,,,,,,,,,
2406151114D,ATKINSON 3.8 OCV,DM2P6,2024-06-15 23:30:31,18.998,25.92,OK,25.14,25.01,OK,24.7,24.43,OK,24.38,24.17,OK,24.77,24.75,OK,24.36,24.31,OK,23.46,23.42,OK,24.7,24.65,OK,0,0,,0,0,,11.18,OK,11.1,OK,11.06,OK,11.25,OK,11.27,OK,10.87,OK,10.85,OK,0,,0,,10.26,OK,10.31,OK,10.35,OK,10.19,OK,10.18,OK,10.21,OK,10.19,OK,0,,0,,,,82.62,OK,,,,82.64,OK,,,,157.69,OK,,,,157.78,OK,,,,37.94,OK,,,,38.31,OK,,,,,,,,,,,,,,,,,
2406151112D,ATKINSON 3.8 OCV,DM3P9,2024-06-15 23:31:29,18.996,26.35,OK,24.36,24.26,OK,25.45,25.38,OK,23.15,23.06,OK,24.45,24.4,OK,23.17,23.13,OK,24.22,24.1,OK,23.06,22.92,OK,0,0,,0,0,,11.62,OK,11.79,OK,11.78,OK,11.79,OK,11.8,OK,11.89,OK,11.45,OK,0,,0,,12.83,OK,12.81,OK,12.84,OK,12.81,OK,12.8,OK,12.74,OK,12.75,OK,0,,0,,,,81.7,OK,,,,81.98,OK,,,,158.02,OK,,,,158.1,OK,,,,38.68,OK,,,,38.02,OK,,,,,,,,,,,,,,,,,
2406151115D,ATKINSON 3.8 OCV,DM4P3,2024-06-15 23:32:28,18.995,27.12,OK,24.59,24.57,OK,23.59,23.41,OK,24.84,24.47,OK,24.2,23.52,OK,25.8,25.12,OK,24.4,24.1,OK,25.17,24.94,OK,0,0,,0,0,,12.55,OK,12.5,OK,12.6,OK,12.64,OK,12.65,OK,12.63,OK,12.66,OK,0,,0,,9.29,OK,9.79,OK,9.73,OK,9.84,OK,9.88,OK,10.03,OK,10.05,OK,0,,0,,,,82.34,OK,,,,82.22,OK,,,,157.89,OK,,,,157.95,OK,,,,37.62,OK,,,,37.84,OK,,,,,,,,,,,,,,,,,
2406151116D,ATKINSON 3.8 OCV,DM5P5,2024-06-15 23:33:23,18.995,27.12,OK,23.93,23.86,OK,24.04,24,OK,23.81,23.51,OK,24.34,24.3,OK,23.51,23.44,OK,23.14,23.07,OK,24.71,24.64,OK,0,0,,0,0,,2.25,OK,2.77,OK,2.66,OK,2.71,OK,2.63,OK,2.58,OK,2.59,OK,0,,0,,0.81,OK,2.34,OK,0.81,OK,0.82,OK,2.17,OK,0.81,OK,0.85,OK,0,,0,,,,81.87,OK,,,,81.46,OK,,,,158.49,OK,,,,158.42,OK,,,,37.64,OK,,,,37.48,OK,,,,,,,,,,,,,,,,,
2406151117D,ATKINSON 3.8 OCV,DM1P8,2024-06-15 23:34:18,18.985,26.46,OK,31.65,30.95,OK,35.63,34.98,OK,32.19,31.51,OK,34.82,34.06,OK,33.13,32.75,OK,34.21,33.81,OK,33.88,33.52,OK,0,0,,0,0,,11.35,OK,11.45,OK,11.68,OK,11.4,OK,11.73,OK,11.44,OK,11.51,OK,0,,0,,10.7,OK,10.92,OK,10.72,OK,10.88,OK,10.87,OK,10.7,OK,10.54,OK,0,,0,,,,81.57,OK,,,,82.03,OK,,,,157.31,OK,,,,157.63,OK,,,,37.05,OK,,,,37.77,OK,,,,,,,,,,,,,,,,,
2406151118D,ATKINSON 3.8 OCV,DM2P2,2024-06-15 23:35:13,18.999,26.85,OK,24.31,24.24,OK,20.58,20.49,OK,23.73,23.51,OK,24.55,24.48,OK,25.09,24.99,OK,23.29,23.22,OK,24.22,24.22,OK,0,0,,0,0,,11.09,OK,10.97,OK,10.74,OK,11.14,OK,10.8,OK,10.87,OK,10.86,OK,0,,0,,10.02,OK,10.02,OK,10.17,OK,10.18,OK,10.19,OK,10.17,OK,10.18,OK,0,,0,,,,81.81,OK,,,,82.07,OK,,,,157.61,OK,,,,157.98,OK,,,,37.7,OK,,,,37.73,OK,,,,,,,,,,,,,,,,,
2406151122D,ATKINSON 3.8 OCV,DM1P4,2024-06-15 23:36:12,18.99,27.01,OK,30.37,30.12,OK,34.53,33.9,OK,33.22,32.35,OK,33.38,32.14,OK,32.68,31.78,OK,33.02,32.14,OK,34.96,34.44,OK,0,0,,0,0,,11.44,OK,11.41,OK,11.45,OK,11.41,OK,11.63,OK,11.49,OK,11.49,OK,0,,0,,10.71,OK,10.77,OK,10.74,OK,10.71,OK,10.83,OK,10.8,OK,10.9,OK,0,,0,,,,82.23,OK,,,,82.44,OK,,,,157.49,OK,,,,157.52,OK,,,,37.31,OK,,,,37.38,OK,,,,,,,,,,,,,,,,,
2406151123D,ATKINSON 3.8 OCV,DM2P6,2024-06-15 23:41:01,18.993,27.06,OK,26.13,26.06,OK,22.83,22.76,OK,23.85,23.63,OK,23.54,23.46,OK,24.75,24.7,OK,23.59,23.49,OK,24.19,24.17,OK,0,0,,0,0,,10.74,OK,10.85,OK,10.84,OK,10.85,OK,11.18,OK,10.84,OK,10.85,OK,0,,0,,10.17,OK,10.18,OK,10.22,OK,10.23,OK,10.22,OK,10.17,OK,10.16,OK,0,,0,,,,83.07,OK,,,,83.13,OK,,,,157.52,OK,,,,157.26,OK,,,,37.37,OK,,,,38.02,OK,,,,,,,,,,,,,,,,,
2406151119D,ATKINSON 3.8 OCV,DM3P1,2024-06-15 23:41:56,18.992,25.13,OK,23.5,23.38,OK,23.92,23.59,OK,22.59,22.48,OK,23.27,23.13,OK,23.8,23.73,OK,23.87,23.78,OK,24.82,24.71,OK,0,0,,0,0,,11.72,OK,11.81,OK,11.67,OK,11.86,OK,11.8,OK,11.94,OK,11.84,OK,0,,0,,12.82,OK,12.85,OK,12.86,OK,12.77,OK,12.89,OK,12.77,OK,12.74,OK,0,,0,,,,81.84,OK,,,,82.03,OK,,,,157.27,OK,,,,157.99,OK,,,,37.91,OK,,,,38.22,OK,,,,,,,,,,,,,,,,,
2406151120D,ATKINSON 3.8 OCV,DM4P7,2024-06-15 23:42:55,18.999,26.45,OK,25.47,25.4,OK,23.55,23.36,OK,24.29,23.85,OK,24.29,24.01,OK,25.17,24.8,OK,24.15,23.62,OK,24.45,24.24,OK,0,0,,0,0,,12.45,OK,12.65,OK,12.44,OK,12.47,OK,12.5,OK,12.64,OK,12.67,OK,0,,0,,9.29,OK,9.51,OK,9.39,OK,9.64,OK,9.99,OK,9.78,OK,9.91,OK,0,,0,,,,82.2,OK,,,,82.33,OK,,,,158.58,OK,,,,157.73,OK,,,,37.5,OK,,,,37.83,OK,,,,,,,,,,,,,,,,,
2406151121D,ATKINSON 3.8 OCV,DM5P9,2024-06-15 23:43:53,18.998,26.98,OK,25.25,25.06,OK,23.48,23.35,OK,22.49,22.05,OK,24.2,24.16,OK,23.46,23.3,OK,22.67,22.65,OK,22.6,22.56,OK,0,0,,0,0,,2.22,OK,2.66,OK,2.63,OK,2.8,OK,2.57,OK,2.6,OK,2.62,OK,0,,0,,0.82,OK,2.37,OK,0.81,OK,0.81,OK,0.8,OK,0.86,OK,0.81,OK,0,,0,,,,81.99,OK,,,,81.66,OK,,,,158.51,OK,,,,157.75,OK,,,,37.88,OK,,,,38.28,OK,,,,,,,,,,,,,,,,,
2406151125D,ATKINSON 3.8 OCV,DM2P1,2024-06-15 23:44:49,18.996,26.33,OK,24,23.95,OK,23.27,23.08,OK,24.43,24.24,OK,24.02,24,OK,24.38,24.31,OK,24.09,24.02,OK,24.26,24.22,OK,0,0,,0,0,,10.86,OK,10.83,OK,10.87,OK,10.86,OK,10.85,OK,10.85,OK,10.86,OK,0,,0,,10.18,OK,10.18,OK,10.2,OK,10.17,OK,10.17,OK,10.2,OK,10.16,OK,0,,0,,,,81.92,OK,,,,82.07,OK,,,,158.12,OK,,,,158.38,OK,,,,38.04,OK,,,,38.19,OK,,,,,,,,,,,,,,,,,
2406151126D,ATKINSON 3.8 OCV,DM3P3,2024-06-15 23:45:44,18.988,26.72,OK,24.13,24.08,OK,24.52,23.78,OK,23.57,23.45,OK,23.89,23.62,OK,23.68,23.62,OK,23.5,23.31,OK,23.45,23.08,OK,0,0,,0,0,,11.74,OK,11.86,OK,11.81,OK,11.79,OK,11.8,OK,11.97,OK,11.81,OK,0,,0,,12.83,OK,12.84,OK,12.72,OK,12.91,OK,12.76,OK,12.77,OK,12.8,OK,0,,0,,,,82.72,OK,,,,81.94,OK,,,,157.91,OK,,,,157.91,OK,,,,37.86,OK,,,,38.24,OK,,,,,,,,,,,,,,,,,
2406151127D,ATKINSON 3.8 OCV,DM4P5,2024-06-15 23:46:39,18.998,26.63,OK,25.19,25.1,OK,23.92,23.89,OK,23.5,23.36,OK,24.15,24.06,OK,24.52,24.22,OK,24.38,24.22,OK,25.54,25.38,OK,0,0,,0,0,,12.45,OK,12.47,OK,12.6,OK,12.52,OK,12.54,OK,12.62,OK,12.79,OK,0,,0,,9.35,OK,9.43,OK,9.69,OK,9.81,OK,10.05,OK,9.86,OK,9.73,OK,0,,0,,,,81.59,OK,,,,81.41,OK,,,,157.84,OK,,,,158.08,OK,,,,38.11,OK,,,,37.82,OK,,,,,,,,,,,,,,,,,
2406151128D,ATKINSON 3.8 OCV,DM5P8,2024-06-15 23:47:38,18.984,26.3,OK,26.29,25.83,OK,23.58,23.44,OK,22.42,21.93,OK,21.81,21.74,OK,22.14,22.09,OK,22.79,22.7,OK,22.74,22.72,OK,0,0,,0,0,,2.25,OK,2.65,OK,2.65,OK,2.63,OK,2.66,OK,2.64,OK,2.66,OK,0,,0,,0.84,OK,0.81,OK,0.83,OK,0.79,OK,0.84,OK,0.83,OK,0.82,OK,0,,0,,,,81.86,OK,,,,81.5,OK,,,,158.67,OK,,,,157.7,OK,,,,37.31,OK,,,,38.33,OK,,,,,,,,,,,,,,,,,
2406151129D,ATKINSON 3.8 OCV,DM2P9,2024-06-15 23:48:33,18.999,27.13,OK,24.26,24.19,OK,22.79,22.62,OK,23.8,23.68,OK,26.06,25.94,OK,25.55,25.55,OK,22.74,22.67,OK,24.17,24.09,OK,0,0,,0,0,,10.81,OK,10.86,OK,10.83,OK,10.85,OK,10.87,OK,10.88,OK,10.86,OK,0,,0,,10.17,OK,10.14,OK,10.2,OK,10.2,OK,10.17,OK,10.14,OK,10.17,OK,0,,0,,,,82.32,OK,,,,82.25,OK,,,,157.8,OK,,,,158.02,OK,,,,38.23,OK,,,,37.87,OK,,,,,,,,,,,,,,,,,
2406151130D,ATKINSON 3.8 OCV,DM3P4,2024-06-15 23:49:31,18.984,26.26,OK,28.14,28,OK,26.56,26.05,OK,23.68,23.55,OK,23.55,23.24,OK,23.78,23.73,OK,24.03,23.75,OK,24.13,23.71,OK,0,0,,0,0,,11.84,OK,11.91,OK,11.8,OK,11.77,OK,11.85,OK,11.63,OK,11.68,OK,0,,0,,12.79,OK,12.83,OK,12.78,OK,12.8,OK,12.76,OK,12.65,OK,12.57,OK,0,,0,,,,82.19,OK,,,,82.15,OK,,,,157.35,OK,,,,157.34,OK,,,,37.24,OK,,,,37.66,OK,,,,,,,,,,,,,,,,,
2406151132D,ATKINSON 3.8 OCV,DM5P2,2024-06-15 23:51:25,18.986,26.93,OK,24.9,24.64,OK,24.83,24.71,OK,22.97,22.56,OK,23.32,23.3,OK,23.51,23.42,OK,23.3,23.25,OK,22.35,22.32,OK,0,0,,0,0,,2.27,OK,2.66,OK,2.68,OK,2.62,OK,2.64,OK,2.63,OK,2.63,OK,0,,0,,0.87,OK,0.81,OK,0.81,OK,0.82,OK,0.86,OK,0.84,OK,0.83,OK,0,,0,,,,81.74,OK,,,,82.73,OK,,,,157.7,OK,,,,157.83,OK,,,,37.93,OK,,,,37.83,OK,,,,,,,,,,,,,,,,,
2406151133D,ATKINSON 3.8 OCV,DM2P1,2024-06-15 23:52:20,18.993,25.78,OK,24.8,24.68,OK,23.29,23.13,OK,24.58,24.36,OK,25.01,24.99,OK,25.16,25.11,OK,24.85,24.8,OK,26.83,26.83,OK,0,0,,0,0,,10.73,OK,10.84,OK,10.85,OK,10.84,OK,10.86,OK,10.85,OK,10.85,OK,0,,0,,10.15,OK,10.16,OK,10.19,OK,10.17,OK,10.16,OK,10.2,OK,10.17,OK,0,,0,,,,82.19,OK,,,,82.37,OK,,,,158.3,OK,,,,158.28,OK,,,,38.03,OK,,,,38.17,OK,,,,,,,,,,,,,,,,,
2406151134D,ATKINSON 3.8 OCV,DM3P3,2024-06-15 23:53:16,18.995,27.11,OK,24.57,24.5,OK,25.4,24.96,OK,22.73,22.5,OK,23.85,23.73,OK,24.84,24.68,OK,24.78,24.57,OK,23.71,23.41,OK,0,0,,0,0,,11.77,OK,11.72,OK,11.8,OK,11.8,OK,11.83,OK,11.86,OK,11.76,OK,0,,0,,12.62,OK,12.8,OK,12.71,OK,12.54,OK,12.86,OK,12.74,OK,12.85,OK,0,,0,,,,82.8,OK,,,,82.27,OK,,,,157.19,OK,,,,157.24,OK,,,,36.96,OK,,,,37.17,OK,,,,,,,,,,,,,,,,,
2406151135D,ATKINSON 3.8 OCV,DM4P5,2024-06-15 23:54:14,18.987,27.17,OK,24.22,24.13,OK,23.59,23.52,OK,23.78,23.5,OK,25.75,25.56,OK,24.84,24.59,OK,23.36,23.34,OK,23.57,23.17,OK,0,0,,0,0,,12.66,OK,12.68,OK,12.74,OK,12.43,OK,12.58,OK,12.61,OK,12.62,OK,0,,0,,9.45,OK,9.84,OK,9.73,OK,9.76,OK,10.23,OK,9.85,OK,9.82,OK,0,,0,,,,82.04,OK,,,,82,OK,,,,157.94,OK,,,,157.83,OK,,,,38.15,OK,,,,38.13,OK,,,,,,,,,,,,,,,,,
2406151136D,ATKINSON 3.8 OCV,DM5P8,2024-06-15 23:55:09,18.987,27.17,OK,25.29,25.04,OK,24.37,24.23,OK,23.55,23.28,OK,22.77,22.74,OK,22.6,22.56,OK,23.21,23.18,OK,21.79,21.77,OK,0,0,,0,0,,2.22,OK,2.65,OK,2.63,OK,2.61,OK,2.69,OK,2.67,OK,2.6,OK,0,,0,,0.85,OK,0.8,OK,0.81,OK,0.8,OK,0.82,OK,0.79,OK,0.79,OK,0,,0,,,,81.72,OK,,,,81.75,OK,,,,158.01,OK,,,,158.24,OK,,,,37.07,OK,,,,37.9,OK,,,,,,,,,,,,,,,,,
2406151137D,ATKINSON 3.8 OCV,DM2P9,2024-06-15 23:56:05,18.992,26.56,OK,22.93,22.88,OK,22.01,21.74,OK,23.59,23.42,OK,22.91,22.83,OK,23.97,23.92,OK,24.31,24.26,OK,23.88,23.85,OK,0,0,,0,0,,10.77,OK,10.85,OK,10.83,OK,10.86,OK,10.85,OK,10.84,OK,10.87,OK,0,,0,,10.13,OK,10.13,OK,10.18,OK,10.1,OK,10.12,OK,10.19,OK,10.18,OK,0,,0,,,,82.78,OK,,,,82.73,OK,,,,158,OK,,,,157.97,OK,,,,38.3,OK,,,,37.65,OK,,,,,,,,,,,,,,,,,
2406151138D,ATKINSON 3.8 OCV,DM3P4,2024-06-15 23:57:03,18.987,25.83,OK,26.31,26.19,OK,25.61,25.01,OK,23.78,23.68,OK,24.71,24.59,OK,23.73,23.64,OK,24.61,24.31,OK,24.38,24.13,OK,0,0,,0,0,,11.62,OK,11.7,OK,11.78,OK,11.66,OK,11.92,OK,11.82,OK,11.78,OK,0,,0,,12.88,OK,12.87,OK,12.83,OK,12.89,OK,12.82,OK,12.8,OK,12.58,OK,0,,0,,,,82.2,OK,,,,82.5,OK,,,,157.01,OK,,,,157.33,OK,,,,37.44,OK,,,,37.6,OK,,,,,,,,,,,,,,,,,
2406151139D,ATKINSON 3.8 OCV,DM4P6,2024-06-15 23:57:58,18.988,26.85,OK,24.03,23.87,OK,24.59,24.5,OK,24.36,24.13,OK,25.75,25.47,OK,24.8,24.45,OK,25.31,25.01,OK,24.84,24.75,OK,0,0,,0,0,,12.48,OK,12.46,OK,12.61,OK,12.61,OK,12.61,OK,12.59,OK,12.58,OK,0,,0,,9.22,OK,9.82,OK,9.78,OK,9.98,OK,9.91,OK,9.8,OK,9.67,OK,0,,0,,,,82.99,OK,,,,83.13,OK,,,,156.84,OK,,,,156.2,OK,,,,37.06,OK,,,,37.66,OK,,,,,,,,,,,,,,,,,
2406151140D,ATKINSON 3.8 OCV,DM5P2,2024-06-15 23:58:54,18.996,26.33,OK,24.02,23.9,OK,22.95,22.93,OK,21.63,21.19,OK,23.02,23,OK,24.23,24.2,OK,23.21,23.18,OK,23.09,23.02,OK,0,0,,0,0,,2.24,OK,2.76,OK,2.72,OK,2.67,OK,2.72,OK,2.75,OK,2.59,OK,0,,0,,0.84,OK,0.79,OK,0.84,OK,0.83,OK,0.83,OK,0.82,OK,0.84,OK,0,,0,,,,83.23,OK,,,,82.6,OK,,,,157.78,OK,,,,157.58,OK,,,,37.76,OK,,,,37.35,OK,,,,,,,,,,,,,,,,,
2406151141D,ATKINSON 3.8 OCV,DM2P1,2024-06-15 23:59:49,18.983,25.53,OK,25.09,25.01,OK,22.91,22.81,OK,23.97,23.78,OK,26.76,26.66,OK,23.85,23.85,OK,22.54,22.54,OK,23.59,23.49,OK,0,0,,0,0,,10.83,OK,10.86,OK,10.85,OK,10.85,OK,10.86,OK,10.85,OK,10.85,OK,0,,0,,10.04,OK,10.13,OK,10.15,OK,10.14,OK,10.14,OK,10.19,OK,10.13,OK,0,,0,,,,82.81,OK,,,,82.9,OK,,,,157.46,OK,,,,157.75,OK,,,,37.28,OK,,,,37.26,OK,,,,,,,,,,,,,,,,,
2406151142D,ATKINSON 3.8 OCV,DM3P3,2024-06-16 00:00:47,18.991,24.65,OK,24.98,24.94,OK,27.44,26.89,OK,24.36,24.2,OK,24.03,23.71,OK,24.82,24.8,OK,25.33,25.24,OK,24.89,24.54,OK,0,0,,0,0,,11.55,OK,11.96,OK,12,OK,11.81,OK,11.81,OK,11.79,OK,11.79,OK,0,,0,,12.8,OK,12.81,OK,12.86,OK,12.78,OK,12.76,OK,12.76,OK,12.55,OK,0,,0,,,,82.85,OK,,,,82.13,OK,,,,157.57,OK,,,,157.65,OK,,,,37.41,OK,,,,37.56,OK,,,,,,,,,,,,,,,,,
2406151143D,ATKINSON 3.8 OCV,DM4P5,2024-06-16 00:01:43,18.991,24.65,OK,23.89,23.78,OK,22.92,22.85,OK,24.22,24.08,OK,23.94,23.68,OK,25.03,24.75,OK,25.17,24.94,OK,24.08,23.99,OK,0,0,,0,0,,12.52,OK,12.55,OK,12.58,OK,12.57,OK,12.63,OK,12.64,OK,12.59,OK,0,,0,,9.14,OK,9.66,OK,9.82,OK,9.9,OK,9.84,OK,9.68,OK,9.71,OK,0,,0,,,,82.32,OK,,,,81.87,OK,,,,157.8,OK,,,,157.7,OK,,,,37.59,OK,,,,37.56,OK,,,,,,,,,,,,,,,,,
2406151144D,ATKINSON 3.8 OCV,DM5P8,2024-06-16 00:02:38,18.997,27.08,OK,25.83,25.62,OK,23.18,23.09,OK,22.28,21.98,OK,22.74,22.72,OK,24.04,23.95,OK,21.77,21.77,OK,22.14,22.07,OK,0,0,,0,0,,2.19,OK,2.72,OK,2.76,OK,2.67,OK,2.79,OK,2.7,OK,2.59,OK,0,,0,,0.83,OK,0.77,OK,0.78,OK,0.79,OK,0.82,OK,0.82,OK,0.82,OK,0,,0,,,,82.16,OK,,,,81.86,OK,,,,157.85,OK,,,,157.6,OK,,,,37.57,OK,,,,37.56,OK,,,,,,,,,,,,,,,,,
2406151145D,ATKINSON 3.8 OCV,DM2P9,2024-06-16 00:03:36,18.988,25.73,OK,25.55,25.4,OK,23.05,22.88,OK,23.73,23.59,OK,24.29,24.26,OK,24.89,24.89,OK,23.46,23.34,OK,24.53,24.48,OK,0,0,,0,0,,10.85,OK,10.83,OK,10.83,OK,10.87,OK,10.88,OK,10.85,OK,10.85,OK,0,,0,,10.01,OK,10.18,OK,10.16,OK,10.18,OK,10.15,OK,10.15,OK,10.17,OK,0,,0,,,,82.24,OK,,,,82.34,OK,,,,158.13,OK,,,,158.2,OK,,,,38.21,OK,,,,37.77,OK,,,,,,,,,,,,,,,,,
2406151146D,ATKINSON 3.8 OCV,DM3P4,2024-06-16 00:04:28,18.982,26.26,OK,24.94,24.82,OK,24.98,24.57,OK,24.38,24.15,OK,24.8,24.66,OK,24.47,24.47,OK,24.5,24.4,OK,24.38,24.17,OK,0,0,,0,0,,11.62,OK,11.71,OK,11.78,OK,11.73,OK,11.92,OK,11.92,OK,11.65,OK,0,,0,,12.89,OK,12.89,OK,12.86,OK,12.88,OK,12.76,OK,12.83,OK,12.77,OK,0,,0,,,,81.65,OK,,,,81.98,OK,,,,157.33,OK,,,,157.56,OK,,,,37.34,OK,,,,37.45,OK,,,,,,,,,,,,,,,,,
2406151147D,ATKINSON 3.8 OCV,DM4P6,2024-06-16 00:05:24,18.995,26.95,OK,26.17,26.07,OK,23.01,22.92,OK,25.15,25.01,OK,24.2,23.75,OK,27.42,27.1,OK,24.68,24.54,OK,25.26,24.98,OK,0,0,,0,0,,12.44,OK,12.43,OK,12.45,OK,12.59,OK,12.59,OK,12.63,OK,12.44,OK,0,,0,,9.14,OK,9.7,OK,9.81,OK,10,OK,10.1,OK,9.7,OK,9.61,OK,0,,0,,,,82.89,OK,,,,83.19,OK,,,,157.23,OK,,,,156.82,OK,,,,37.46,OK,,,,37.64,OK,,,,,,,,,,,,,,,,,
2406151148D,ATKINSON 3.8 OCV,DM5P2,2024-06-16 00:06:22,18.987,25.76,OK,23.3,23.25,OK,23.88,23.79,OK,22.49,22.12,OK,21.54,21.54,OK,23.65,23.65,OK,23.3,23.21,OK,25.13,25.11,OK,0,0,,0,0,,2.21,OK,2.6,OK,2.6,OK,2.63,OK,2.6,OK,2.61,OK,2.62,OK,0,,0,,0.83,OK,0.84,OK,0.77,OK,0.76,OK,0.77,OK,0.82,OK,0.85,OK,0,,0,,,,82.47,OK,,,,82.34,OK,,,,157.44,OK,,,,157.45,OK,,,,36.93,OK,,,,37.2,OK,,,,,,,,,,,,,,,,,
2406151149D,ATKINSON 3.8 OCV,DM2P1,2024-06-16 00:07:17,18.998,26.47,OK,25.57,25.45,OK,23.05,22.79,OK,24.7,24.41,OK,25.35,25.28,OK,24.6,24.6,OK,24.24,24.14,OK,23.85,23.8,OK,0,0,,0,0,,10.85,OK,10.85,OK,10.84,OK,10.84,OK,10.86,OK,10.86,OK,10.83,OK,0,,0,,10.18,OK,10.18,OK,10.18,OK,10.2,OK,10.14,OK,10.17,OK,10.2,OK,0,,0,,,,82.27,OK,,,,82.81,OK,,,,157.51,OK,,,,157.79,OK,,,,37.36,OK,,,,37.54,OK,,,,,,,,,,,,,,,,,
2406151150D,ATKINSON 3.8 OCV,DM3P3,2024-06-16 00:08:16,18.998,26.47,OK,25.59,25.45,OK,25.05,24.57,OK,24.64,24.54,OK,23.52,23.43,OK,24.22,24.13,OK,23.73,23.57,OK,23.08,22.8,OK,0,0,,0,0,,11.6,OK,11.67,OK,11.8,OK,11.71,OK,12,OK,11.89,OK,11.76,OK,0,,0,,12.68,OK,12.59,OK,12.87,OK,12.8,OK,12.76,OK,12.83,OK,12.77,OK,0,,0,,,,82.83,OK,,,,82.57,OK,,,,157.62,OK,,,,157.6,OK,,,,37.35,OK,,,,37.65,OK,,,,,,,,,,,,,,,,,
2406151153D,ATKINSON 3.8 OCV,DM2P9,2024-06-16 00:09:14,18.989,25.95,OK,27.87,27.75,OK,22.52,22.42,OK,23.88,23.63,OK,25.35,25.35,OK,23.92,23.88,OK,23.39,23.29,OK,23.54,23.51,OK,0,0,,0,0,,10.81,OK,10.87,OK,10.84,OK,10.86,OK,10.87,OK,10.85,OK,10.87,OK,0,,0,,10.15,OK,10.19,OK,10.23,OK,10.18,OK,10.2,OK,10.17,OK,10.12,OK,0,,0,,,,82.67,OK,,,,82.75,OK,,,,157.89,OK,,,,157.96,OK,,,,37.82,OK,,,,37.46,OK,,,,,,,,,,,,,,,,,
2406151151D,ATKINSON 3.8 OCV,DM4P5,2024-06-16 00:10:10,18.984,26.98,OK,24.68,24.52,OK,24.08,23.96,OK,24.43,24.22,OK,24.89,24.36,OK,24.75,24.36,OK,23.96,23.8,OK,23.68,23.52,OK,0,0,,0,0,,12.45,OK,12.7,OK,12.44,OK,12.59,OK,12.6,OK,12.63,OK,12.63,OK,0,,0,,9.17,OK,9.61,OK,9.51,OK,9.86,OK,9.99,OK,10.1,OK,9.96,OK,0,,0,,,,82.16,OK,,,,81.6,OK,,,,157.75,OK,,,,157.58,OK,,,,37.91,OK,,,,37.72,OK,,,,,,,,,,,,,,,,,
2406151152D,ATKINSON 3.8 OCV,DM5P8,2024-06-16 00:11:05,18.994,25.38,OK,23.18,23.07,OK,24.78,24.67,OK,22.67,22.32,OK,23.51,23.44,OK,22.72,22.72,OK,23.44,23.44,OK,24.02,23.93,OK,0,0,,0,0,,2.26,OK,2.65,OK,2.67,OK,2.65,OK,2.76,OK,2.72,OK,2.63,OK,0,,0,,0.97,OK,0.81,OK,0.8,OK,0.79,OK,0.83,OK,0.8,OK,0.82,OK,0,,0,,,,83.01,OK,,,,82.31,OK,,,,157.42,OK,,,,158.22,OK,,,,37.03,OK,,,,37.67,OK,,,,,,,,,,,,,,,,,
2406151154D,ATKINSON 3.8 OCV,DM3P4,2024-06-16 00:12:03,18.985,26.93,OK,26.72,26.54,OK,24.71,24.38,OK,22.29,22.06,OK,22.27,21.9,OK,22.71,22.71,OK,24.06,24.01,OK,23.27,23.13,OK,0,0,,0,0,,11.62,OK,11.8,OK,11.83,OK,11.79,OK,11.82,OK,11.85,OK,11.8,OK,0,,0,,12.83,OK,12.86,OK,12.83,OK,12.53,OK,12.59,OK,12.53,OK,12.86,OK,0,,0,,,,82.06,OK,,,,81.88,OK,,,,157.14,OK,,,,157.42,OK,,,,37.52,OK,,,,37.81,OK,,,,,,,,,,,,,,,,,
2406151155D,ATKINSON 3.8 OCV,DM2P1,2024-06-16 00:12:59,18.994,26.21,OK,24.26,24.22,OK,23.03,22.91,OK,25.06,24.8,OK,23.71,23.61,OK,23.61,23.54,OK,22.67,22.59,OK,24.19,24.12,OK,0,0,,0,0,,10.83,OK,10.85,OK,10.84,OK,10.85,OK,10.85,OK,10.86,OK,10.84,OK,0,,0,,10.17,OK,10.17,OK,10.17,OK,10.18,OK,10.18,OK,10.2,OK,10.16,OK,0,,0,,,,82.27,OK,,,,82.89,OK,,,,157.24,OK,,,,157.75,OK,,,,37.48,OK,,,,37.43,OK,,,,,,,,,,,,,,,,,
2406151156D,ATKINSON 3.8 OCV,DM4P6,2024-06-16 00:13:54,18.998,25.63,OK,23.04,22.97,OK,24.33,24.31,OK,23.75,23.31,OK,24.31,23.89,OK,24.38,23.68,OK,24.43,24.29,OK,24.87,24.5,OK,0,0,,0,0,,12.63,OK,12.66,OK,12.63,OK,12.6,OK,12.62,OK,12.45,OK,12.51,OK,0,,0,,9.35,OK,9.89,OK,9.51,OK,9.85,OK,9.75,OK,9.73,OK,9.87,OK,0,,0,,,,82.81,OK,,,,82.97,OK,,,,157.26,OK,,,,156.88,OK,,,,37.49,OK,,,,37.88,OK,,,,,,,,,,,,,,,,,
2406151157D,ATKINSON 3.8 OCV,DM5P2,2024-06-16 00:14:49,18.983,26.42,OK,26.34,25.9,OK,24.02,23.93,OK,22.05,21.77,OK,23.83,23.74,OK,23.37,23.32,OK,23.86,23.83,OK,22.12,22.07,OK,0,0,,0,0,,2.24,OK,2.66,OK,2.65,OK,2.62,OK,2.73,OK,2.71,OK,2.57,OK,0,,0,,2.47,OK,0.79,OK,0.83,OK,0.79,OK,0.79,OK,0.81,OK,0.79,OK,0,,0,,,,82.84,OK,,,,82.51,OK,,,,157.71,OK,,,,157.69,OK,,,,37.87,OK,,,,36.72,OK,,,,,,,,,,,,,,,,,
2406151159D,ATKINSON 3.8 OCV,DM2P5,2024-06-16 00:15:44,18.988,27.71,OK,25.47,25.43,OK,22.83,22.64,OK,23.73,23.49,OK,23.42,23.42,OK,23.17,23.1,OK,22.59,22.57,OK,23.54,23.44,OK,0,0,,0,0,,10.77,OK,10.84,OK,10.84,OK,10.85,OK,10.86,OK,10.84,OK,10.84,OK,0,,0,,10.18,OK,10.18,OK,10.16,OK,10.15,OK,10.17,OK,10.18,OK,10.18,OK,0,,0,,,,82.55,OK,,,,82.24,OK,,,,157.52,OK,,,,158.05,OK,,,,38.04,OK,,,,37.95,OK,,,,,,,,,,,,,,,,,
2406151160D,ATKINSON 3.8 OCV,DM4P8,2024-06-16 00:16:43,18.986,27.58,OK,25.17,25.1,OK,23.8,23.59,OK,24.94,24.59,OK,23.55,23.08,OK,24.91,24.73,OK,23.96,23.78,OK,23.41,23.1,OK,0,0,,0,0,,12.5,OK,12.47,OK,12.46,OK,12.59,OK,12.54,OK,12.62,OK,12.59,OK,0,,0,,9.14,OK,9.65,OK,9.79,OK,9.71,OK,9.84,OK,9.86,OK,9.78,OK,0,,0,,,,81.79,OK,,,,82.09,OK,,,,157.52,OK,,,,157.76,OK,,,,37.6,OK,,,,37.74,OK,,,,,,,,,,,,,,,,,
2406151161D,ATKINSON 3.8 OCV,DM5P9,2024-06-16 00:17:41,18.988,26.8,OK,26.64,26.18,OK,25.27,25.16,OK,22.51,22.07,OK,23.16,23.11,OK,23.69,23.6,OK,23.67,23.65,OK,22.67,22.67,OK,0,0,,0,0,,2.25,OK,2.68,OK,2.69,OK,2.65,OK,2.66,OK,2.64,OK,2.73,OK,0,,0,,0.86,OK,0.82,OK,0.83,OK,0.82,OK,0.83,OK,0.85,OK,0.84,OK,0,,0,,,,82.29,OK,,,,82.18,OK,,,,158.17,OK,,,,157.76,OK,,,,38.14,OK,,,,37.6,OK,,,,,,,,,,,,,,,,,
2406151162D,ATKINSON 3.8 OCV,DM3P4,2024-06-16 00:18:37,18.984,25.42,OK,24.64,24.59,OK,25.98,25.47,OK,22.48,22.18,OK,23.38,23.13,OK,23.29,23.22,OK,24.1,23.99,OK,22.59,22.11,OK,0,0,,0,0,,11.45,OK,11.81,OK,11.76,OK,11.79,OK,11.8,OK,11.81,OK,11.83,OK,0,,0,,12.82,OK,12.82,OK,12.83,OK,12.85,OK,12.86,OK,12.59,OK,12.88,OK,0,,0,,,,82.03,OK,,,,82.26,OK,,,,157.84,OK,,,,157.64,OK,,,,37.68,OK,,,,37.9,OK,,,,,,,,,,,,,,,,,
2406151163D,ATKINSON 3.8 OCV,DM2P1,2024-06-16 00:19:35,18.991,26.46,OK,24.7,24.63,OK,21.72,21.62,OK,24.82,24.55,OK,24.46,24.43,OK,23,22.96,OK,23.46,23.42,OK,24.02,23.97,OK,0,0,,0,0,,10.75,OK,10.82,OK,10.84,OK,10.85,OK,10.86,OK,10.89,OK,10.84,OK,0,,0,,10.02,OK,10.19,OK,10.15,OK,10.17,OK,10.13,OK,10.14,OK,10.15,OK,0,,0,,,,82.57,OK,,,,82.94,OK,,,,157.61,OK,,,,157.9,OK,,,,37.32,OK,,,,37.36,OK,,,,,,,,,,,,,,,,,
2406151164D,ATKINSON 3.8 OCV,DM4P6,2024-06-16 00:20:34,18.994,26.61,OK,26.56,26.56,OK,23.27,23.2,OK,24.94,24.59,OK,24.5,24.2,OK,25.31,24.87,OK,24.71,24.15,OK,25.12,24.47,OK,0,0,,0,0,,12.75,OK,12.67,OK,12.7,OK,12.65,OK,12.61,OK,12.62,OK,12.6,OK,0,,0,,9.15,OK,9.55,OK,9.59,OK,9.54,OK,9.92,OK,10.01,OK,9.95,OK,0,,0,,,,82.45,OK,,,,82.75,OK,,,,157.41,OK,,,,157.17,OK,,,,37.37,OK,,,,37.97,OK,,,,,,,,,,,,,,,,,
2406151165D,ATKINSON 3.8 OCV,DM5P2,2024-06-16 00:21:26,18.998,25.13,OK,24.74,24.55,OK,24.37,24.3,OK,22.51,22.09,OK,23.28,23.21,OK,24.27,24.25,OK,22.3,22.26,OK,24.44,24.32,OK,0,0,,0,0,,2.22,OK,2.63,OK,2.66,OK,2.63,OK,2.62,OK,2.64,OK,2.63,OK,0,,0,,0.82,OK,0.84,OK,2.3,OK,0.86,OK,0.87,OK,0.81,OK,0.85,OK,0,,0,,,,81.59,OK,,,,82.17,OK,,,,157.28,OK,,,,158.01,OK,,,,38.09,OK,,,,37.04,OK,,,,,,,,,,,,,,,,,
2406151166D,ATKINSON 3.8 OCV,DM3P3,2024-06-16 00:22:21,18.983,26.07,OK,23.73,23.62,OK,25.45,24.96,OK,23.01,22.73,OK,22.32,21.94,OK,24.08,23.96,OK,24.52,24.36,OK,23.1,22.73,OK,0,0,,0,0,,11.5,OK,11.8,OK,11.82,OK,11.81,OK,11.86,OK,11.79,OK,11.93,OK,0,,0,,12.68,OK,12.6,OK,12.58,OK,12.84,OK,12.72,OK,12.86,OK,12.9,OK,0,,0,,,,82.89,OK,,,,82.11,OK,,,,157.91,OK,,,,157.78,OK,,,,37.68,OK,,,,37.69,OK,,,,,,,,,,,,,,,,,
2406151158D,ATKINSON 3.8 OCV,DM3P3,2024-06-16 10:39:48,18.992,25.65,OK,26.05,26.05,OK,24.8,23.99,OK,24.52,24.31,OK,23.1,22.73,OK,24.71,24.45,OK,25.7,25.45,OK,23.31,22.78,OK,0,0,,0,0,,11.61,OK,11.69,OK,11.67,OK,11.8,OK,11.53,OK,11.91,OK,11.64,OK,0,,0,,12.75,OK,12.89,OK,12.86,OK,12.85,OK,12.77,OK,12.86,OK,12.8,OK,0,,0,,,,83.03,OK,,,,82.62,OK,,,,157.72,OK,,,,157.39,OK,,,,37.57,OK,,,,37.83,OK,,,,,,,,,,,,,,,,,
2406150001C,NEW KAPPA IN 1.0,CM1P9,2024-06-14 23:50:00,19.149,28.83,OK,20.85,20.59,OK,22.06,21.8,OK,21.43,20.94,OK,22.11,21.87,OK,21.92,21.92,OK,20.8,20.5,OK,0,0,OK,0,0,,0,0,,5.47,OK,6.83,OK,7.16,OK,7.2,OK,7.63,OK,7.29,OK,0,OK,0,,0.24,OK,7.85,OK,7.5,OK,7.36,OK,7.56,OK,8.57,OK,7.97,OK,0,OK,0,,0.18,OK,,,,,,,,,,,,,,,,,,,,,,,,,,,,,,,,,,,,,,,,,,,,,,
2406150002C,NEW KAPPA IN 1.0,CM2P1,2024-06-14 23:50:33,18.847,28.81,OK,23.57,23.01,OK,23.15,22.68,OK,22.1,21.73,OK,23.2,22.82,OK,20.84,20.75,OK,20.35,20.02,OK,0,0,OK,0,0,,0,0,,15.36,OK,15.36,OK,15.36,OK,15.36,OK,15.36,OK,15.36,OK,0,OK,0,,15.36,OK,15.36,OK,15.36,OK,15.36,OK,15.36,OK,15.36,OK,15.36,OK,0,OK,0,,15.36,OK,,,,,,,,,,,,,,,,,,,,,,,,,,,,,,,,,,,,,,,,,,,,,,
2406150003C,NEW KAPPA IN 1.0,CM3P5,2024-06-14 23:51:09,19.196,29.07,OK,23.89,23.08,OK,25.77,25.34,OK,27.04,26.34,OK,27.02,26.36,OK,27.58,27.54,OK,24.35,24.1,OK,0,0,OK,0,0,,0,0,,0,OK,0,OK,0,OK,0,OK,0,OK,0,OK,0,OK,0,,0,OK,0,OK,0,OK,0,OK,0,OK,0,OK,0,OK,0,OK,0,,0,OK,,,,,,,,,,,,,,,,,,,,,,,,,,,,,,,,,,,,,,,,,,,,,,
2406150004C,NEW KAPPA IN 1.0,CM4P8,2024-06-14 23:51:54,19.119,27.92,OK,22.41,21.88,OK,22.39,21.75,OK,25.77,25.31,OK,24.7,24.37,OK,22.96,22.8,OK,22.06,21.53,OK,0,0,OK,0,0,,0,0,,0,OK,0,OK,0,OK,0,OK,0,OK,0,OK,0,OK,0,,0,OK,0,OK,0,OK,0,OK,0,OK,0,OK,0,OK,0,OK,0,,0,OK,,,,,,,,,,,,,,,,,,,,,,,,,,,,,,,,,,,,,,,,,,,,,,
2406150005C,NEW KAPPA IN 1.0,CM1P6,2024-06-14 23:53:12,19.143,28.32,OK,20.08,19.8,OK,21.55,21.22,OK,22.36,21.87,OK,21.24,20.89,OK,21.15,21.13,OK,21.64,21.34,OK,0,0,OK,0,0,,0,0,,5.47,OK,6.79,OK,7.04,OK,7.62,OK,7.19,OK,7.2,OK,0,OK,0,,0.16,OK,7.45,OK,7.2,OK,7.35,OK,7.75,OK,7.85,OK,7.69,OK,0,OK,0,,0.25,OK,,,,,,,,,,,,,,,,,,,,,,,,,,,,,,,,,,,,,,,,,,,,,,
2406150006C,NEW KAPPA IN 1.0,CM2P2,2024-06-14 23:53:31,19.1,28.26,OK,21.98,21.33,OK,22.96,22.61,OK,22.33,22.01,OK,23.29,22.87,OK,21.54,21.4,OK,22.12,21.7,OK,0,0,OK,0,0,,0,0,,15.36,OK,15.36,OK,15.36,OK,15.36,OK,15.36,OK,15.36,OK,0,OK,0,,15.36,OK,15.36,OK,15.36,OK,15.36,OK,15.36,OK,15.36,OK,15.36,OK,0,OK,0,,15.36,OK,,,,,,,,,,,,,,,,,,,,,,,,,,,,,,,,,,,,,,,,,,,,,,
2406150007C,NEW KAPPA IN 1.0,CM3P4,2024-06-14 23:54:07,19.082,27.93,OK,23.69,22.94,OK,24.28,23.69,OK,25.91,25.32,OK,27.56,26.86,OK,27.43,27.43,OK,23.74,23.53,OK,0,0,OK,0,0,,0,0,,0,OK,0,OK,0,OK,0,OK,0,OK,0,OK,0,OK,0,,0,OK,0,OK,0,OK,0,OK,0,OK,0,OK,0,OK,0,OK,0,,0,OK,,,,,,,,,,,,,,,,,,,,,,,,,,,,,,,,,,,,,,,,,,,,,,
2406150008C,NEW KAPPA IN 1.0,CM4P3,2024-06-14 23:54:56,19.183,28.32,OK,24.15,23.42,OK,24.63,23.9,OK,25.31,25,OK,26.04,25.38,OK,24.63,24.54,OK,23.38,22.83,OK,0,0,OK,0,0,,0,0,,0,OK,0,OK,0,OK,0,OK,0,OK,0,OK,0,OK,0,,0,OK,0,OK,0,OK,0,OK,0,OK,0,OK,0,OK,0,OK,0,,0,OK,,,,,,,,,,,,,,,,,,,,,,,,,,,,,,,,,,,,,,,,,,,,,,
2406150009C,NEW KAPPA IN 1.0,CM1P9,2024-06-14 23:56:20,19.129,28.8,OK,20.96,20.73,OK,21.62,21.55,OK,23.32,22.9,OK,22.04,21.78,OK,21.76,21.73,OK,22.08,21.76,OK,0,0,OK,0,0,,0,0,,5.61,OK,7.12,OK,7.66,OK,7.32,OK,7.49,OK,7.51,OK,0,OK,0,,0.17,OK,7.59,OK,8.35,OK,7.85,OK,7.9,OK,7.69,OK,7.67,OK,0,OK,0,,0.2,OK,,,,,,,,,,,,,,,,,,,,,,,,,,,,,,,,,,,,,,,,,,,,,,
2406150010C,NEW KAPPA IN 1.0,CM2P1,2024-06-14 23:56:43,19.141,28.32,OK,22.82,22.19,OK,22.1,21.66,OK,21.96,21.54,OK,22.61,22.24,OK,21.26,21.19,OK,21.68,21.33,OK,0,0,OK,0,0,,0,0,,15.36,OK,15.36,OK,15.36,OK,15.36,OK,15.36,OK,15.36,OK,0,OK,0,,15.36,OK,15.36,OK,15.36,OK,15.36,OK,15.36,OK,15.36,OK,15.36,OK,0,OK,0,,15.36,OK,,,,,,,,,,,,,,,,,,,,,,,,,,,,,,,,,,,,,,,,,,,,,,
2406150011C,NEW KAPPA IN 1.0,CM3P5,2024-06-14 23:57:26,18.99,28.57,OK,24.42,23.71,OK,24.32,23.92,OK,26.9,26.45,OK,27.45,26.86,OK,27.11,27.06,OK,25.03,24.78,OK,0,0,OK,0,0,,0,0,,0,OK,0,OK,0,OK,0,OK,0,OK,0,OK,0,OK,0,,0,OK,0,OK,0,OK,0,OK,0,OK,0,OK,0,OK,0,OK,0,,0,OK,,,,,,,,,,,,,,,,,,,,,,,,,,,,,,,,,,,,,,,,,,,,,,
2406150012C,NEW KAPPA IN 1.0,CM4P8,2024-06-14 23:58:14,18.99,28.57,OK,22.65,21.97,OK,25.03,24.43,OK,25.95,25.53,OK,25.16,24.59,OK,23.99,23.88,OK,24.32,23.9,OK,0,0,OK,0,0,,0,0,,0,OK,0,OK,0,OK,0,OK,0,OK,0,OK,0,OK,0,,0,OK,0,OK,0,OK,0,OK,0,OK,0,OK,0,OK,0,OK,0,,0,OK,,,,,,,,,,,,,,,,,,,,,,,,,,,,,,,,,,,,,,,,,,,,,,
2406150013C,NEW KAPPA IN 1.0,CM1P6,2024-06-14 23:59:32,18.985,31.22,OK,20.05,19.73,OK,23.18,22.9,OK,22.06,21.57,OK,21.38,21.08,OK,21.97,21.83,OK,22.41,22.18,OK,0,0,OK,0,0,,0,0,,5.43,OK,7.64,OK,7.1,OK,7.32,OK,7.52,OK,7.61,OK,0,OK,0,,0.17,OK,7.51,OK,7.73,OK,7.63,OK,7.47,OK,7.52,OK,7.55,OK,0,OK,0,,0.18,OK,,,,,,,,,,,,,,,,,,,,,,,,,,,,,,,,,,,,,,,,,,,,,,
2406150014C,NEW KAPPA IN 1.0,CM2P2,2024-06-14 23:59:55,18.397,27.31,OK,21.52,20.77,OK,22.59,22.26,OK,23.1,22.68,OK,23.24,22.82,OK,20.54,20.37,OK,21.89,21.49,OK,0,0,OK,0,0,,0,0,,15.36,OK,15.36,OK,15.36,OK,15.36,OK,15.36,OK,15.36,OK,0,OK,0,,15.36,OK,15.36,OK,15.36,OK,15.36,OK,15.36,OK,15.36,OK,15.36,OK,0,OK,0,,15.36,OK,,,,,,,,,,,,,,,,,,,,,,,,,,,,,,,,,,,,,,,,,,,,,,
2406150018C,NEW KAPPA IN 1.0,CM2P1,2024-06-15 00:03:07,18.867,32.57,OK,24.39,23.87,OK,21.7,21.26,OK,22.5,22.12,OK,22.82,22.43,OK,21.89,21.75,OK,21.33,21.03,OK,0,0,,0,0,,0,0,,15.36,OK,15.36,OK,15.36,OK,15.36,OK,15.36,OK,15.36,OK,0,,0,,15.36,OK,15.36,OK,15.36,OK,15.36,OK,15.36,OK,15.36,OK,15.36,OK,0,,0,,15.36,OK,,,,,,,,,,,,,,,,,,,,,,,,,,,,,,,,,,,,,,,,,,,,,,
2406150017C,NEW KAPPA IN 1.0,CM1P9,2024-06-15 00:02:44,18.716,28.5,OK,20.64,20.47,OK,21.85,21.71,OK,22.13,21.87,OK,21.5,21.24,OK,20.96,20.94,OK,21.27,20.99,OK,0,0,,0,0,,0,0,,5.44,OK,6.92,OK,7.23,OK,7.29,OK,7.74,OK,7.86,OK,0,,0,,0.19,OK,7.87,OK,7.57,OK,7.44,OK,7.44,OK,8.57,OK,8.18,OK,0,,0,,0.23,OK,,,,,,,,,,,,,,,,,,,,,,,,,,,,,,,,,,,,,,,,,,,,,,
2406150016C,NEW KAPPA IN 1.0,CM4P3,2024-06-15 00:01:20,19.015,28.22,OK,23.16,22.39,OK,25.69,25.11,OK,25.49,25.07,OK,23.38,22.85,OK,23.07,22.87,OK,22.85,22.34,OK,0,0,,0,0,,0,0,,0,OK,0,OK,0,OK,0,OK,0,OK,0,OK,0,,0,,0,OK,0,OK,0,OK,0,OK,0,OK,0,OK,0,OK,0,,0,,0,OK,,,,,,,,,,,,,,,,,,,,,,,,,,,,,,,,,,,,,,,,,,,,,,
2406150015C,NEW KAPPA IN 1.0,CM3P4,2024-06-15 00:00:31,18.965,31.9,OK,25.5,24.64,OK,23.56,23.1,OK,28.15,27.52,OK,27.88,27.24,OK,28.67,28.6,OK,24.6,24.39,OK,0,0,,0,0,,0,0,,0,OK,0,OK,0,OK,0,OK,0,OK,0,OK,0,,0,,0,OK,0,OK,0,OK,0,OK,0,OK,0,OK,0,OK,0,,0,,0,OK,,,,,,,,,,,,,,,,,,,,,,,,,,,,,,,,,,,,,,,,,,,,,,
2406150019C,NEW KAPPA IN 1.0,CM3P5,2024-06-15 00:03:46,19.186,28.38,OK,24.28,23.51,OK,26.25,25.89,OK,28.26,27.56,OK,28.19,27.67,OK,27.47,27.47,OK,25.21,24.98,OK,0,0,,0,0,,0,0,,0,OK,0,OK,0,OK,0,OK,0,OK,0,OK,0,,0,,0,OK,0,OK,0,OK,0,OK,0,OK,0,OK,0,OK,0,,0,,0,OK,,,,,,,,,,,,,,,,,,,,,,,,,,,,,,,,,,,,,,,,,,,,,,
2406150020C,NEW KAPPA IN 1.0,CM4P8,2024-06-15 00:04:38,18.823,31.2,OK,21.7,21.11,OK,23.57,23,OK,23.53,23.13,OK,23.31,22.91,OK,24.08,24.01,OK,21.55,21.07,OK,0,0,,0,0,,0,0,,0,OK,0,OK,0,OK,0,OK,0,OK,0,OK,0,,0,,0,OK,0,OK,0,OK,0,OK,0,OK,0,OK,0,OK,0,,0,,0,OK,,,,,,,,,,,,,,,,,,,,,,,,,,,,,,,,,,,,,,,,,,,,,,
2406150021C,NEW KAPPA IN 1.0,CM1P6,2024-06-15 00:05:52,18.095,27.66,OK,19.87,19.61,OK,22.11,21.76,OK,22.43,21.92,OK,21.24,21.01,OK,20.8,20.78,OK,20.31,20.1,OK,0,0,,0,0,,0,0,,5.5,OK,6.95,OK,7.23,OK,7.49,OK,7.37,OK,7.32,OK,0,,0,,0.18,OK,7.71,OK,7.38,OK,7.47,OK,8.48,OK,8.1,OK,7.85,OK,0,,0,,0.21,OK,,,,,,,,,,,,,,,,,,,,,,,,,,,,,,,,,,,,,,,,,,,,,,
2406150022C,NEW KAPPA IN 1.0,CM2P2,2024-06-15 00:06:15,18.768,27.97,OK,23.22,22.64,OK,23.06,22.54,OK,22.71,22.38,OK,22.82,22.31,OK,20.68,20.49,OK,20.51,20.09,OK,0,0,,0,0,,0,0,,15.36,OK,15.36,OK,15.36,OK,15.36,OK,15.36,OK,15.36,OK,0,,0,,15.36,OK,15.36,OK,15.36,OK,15.36,OK,15.36,OK,15.36,OK,15.36,OK,0,,0,,15.36,OK,,,,,,,,,,,,,,,,,,,,,,,,,,,,,,,,,,,,,,,,,,,,,,
2406150023C,NEW KAPPA IN 1.0,CM3P4,2024-06-15 00:06:54,18.685,29.13,OK,24.19,23.35,OK,25.09,24.82,OK,27.65,26.79,OK,28.67,28.24,OK,28.1,28.06,OK,25.46,25.14,OK,0,0,,0,0,,0,0,,0,OK,0,OK,0,OK,0,OK,0,OK,0,OK,0,,0,,0,OK,0,OK,0,OK,0,OK,0,OK,0,OK,0,OK,0,,0,,0,OK,,,,,,,,,,,,,,,,,,,,,,,,,,,,,,,,,,,,,,,,,,,,,,
2406150024C,NEW KAPPA IN 1.0,CM4P3,2024-06-15 00:07:46,19.031,29.86,OK,23.44,22.69,OK,24.63,23.97,OK,25.31,24.76,OK,23.75,23.22,OK,22.41,22.3,OK,22.61,22.03,OK,0,0,,0,0,,0,0,,0,OK,0,OK,0,OK,0,OK,0,OK,0,OK,0,,0,,0,OK,0,OK,0,OK,0,OK,0,OK,0,OK,0,OK,0,,0,,0,OK,,,,,,,,,,,,,,,,,,,,,,,,,,,,,,,,,,,,,,,,,,,,,,
2406150025C,NEW KAPPA IN 1.0,CM1P9,2024-06-15 00:09:04,18.985,28.91,OK,20.15,19.89,OK,22.48,22.2,OK,23.23,22.83,OK,21.73,21.5,OK,20.52,20.45,OK,21.41,21.08,OK,0,0,,0,0,,0,0,,5.5,OK,6.96,OK,7.47,OK,7.17,OK,7.3,OK,7.4,OK,0,,0,,0.26,OK,7.51,OK,7.36,OK,8.03,OK,7.78,OK,7.72,OK,7.61,OK,0,,0,,0.25,OK,,,,,,,,,,,,,,,,,,,,,,,,,,,,,,,,,,,,,,,,,,,,,,
2406150026C,NEW KAPPA IN 1.0,CM2P1,2024-06-15 00:09:27,19.124,28.15,OK,23.15,22.45,OK,22.01,21.8,OK,22.73,22.4,OK,23.13,22.78,OK,21.8,21.7,OK,21.17,20.86,OK,0,0,,0,0,,0,0,,15.36,OK,15.36,OK,15.36,OK,15.36,OK,15.36,OK,15.36,OK,0,,0,,15.36,OK,15.36,OK,15.36,OK,15.36,OK,15.36,OK,15.36,OK,15.36,OK,0,,0,,15.36,OK,,,,,,,,,,,,,,,,,,,,,,,,,,,,,,,,,,,,,,,,,,,,,,
2406150027C,NEW KAPPA IN 1.0,CM3P5,2024-06-15 00:10:06,18.553,28.01,OK,23.4,22.54,OK,23.58,23.19,OK,25.61,25.25,OK,28.26,27.49,OK,27.56,27.52,OK,24.44,24.21,OK,0,0,,0,0,,0,0,,0,OK,0,OK,0,OK,0,OK,0,OK,0,OK,0,,0,,0,OK,0,OK,0,OK,0,OK,0,OK,0,OK,0,OK,0,,0,,0,OK,,,,,,,,,,,,,,,,,,,,,,,,,,,,,,,,,,,,,,,,,,,,,,
2406150028C,NEW KAPPA IN 1.0,CM4P8,2024-06-15 00:10:55,19.122,28.55,OK,20.96,20.38,OK,23.02,22.34,OK,25.42,24.94,OK,24.85,24.39,OK,23.68,23.51,OK,21.55,21.04,OK,0,0,,0,0,,0,0,,0,OK,0,OK,0,OK,0,OK,0,OK,0,OK,0,,0,,0,OK,0,OK,0,OK,0,OK,0,OK,0,OK,0,OK,0,,0,,0,OK,,,,,,,,,,,,,,,,,,,,,,,,,,,,,,,,,,,,,,,,,,,,,,
2406150029C,NEW KAPPA IN 1.0,CM1P6,2024-06-15 00:12:16,18.546,27.02,OK,20.71,20.5,OK,24,23.6,OK,22.78,22.15,OK,22.34,21.94,OK,21.69,21.66,OK,21.69,21.45,OK,0,0,,0,0,,0,0,,5.35,OK,7.58,OK,7.05,OK,7.25,OK,7.48,OK,7.46,OK,0,,0,,0.16,OK,7.97,OK,7.74,OK,7.55,OK,7.48,OK,7.59,OK,7.41,OK,0,,0,,0.17,OK,,,,,,,,,,,,,,,,,,,,,,,,,,,,,,,,,,,,,,,,,,,,,,
2406150030C,NEW KAPPA IN 1.0,CM2P2,2024-06-15 00:12:39,18.711,28.45,OK,22.47,21.63,OK,21.75,21.49,OK,22.71,22.29,OK,22.36,21.87,OK,22.19,22.08,OK,20.93,20.56,OK,0,0,,0,0,,0,0,,15.36,OK,15.36,OK,15.36,OK,15.36,OK,15.36,OK,15.36,OK,0,,0,,15.36,OK,15.36,OK,15.36,OK,15.36,OK,15.36,OK,15.36,OK,15.36,OK,0,,0,,15.36,OK,,,,,,,,,,,,,,,,,,,,,,,,,,,,,,,,,,,,,,,,,,,,,,
2406150031C,NEW KAPPA IN 1.0,CM3P4,2024-06-15 00:13:18,19.122,28.82,OK,24.37,23.67,OK,24.44,24.14,OK,26.09,25.61,OK,27.92,27.15,OK,27.18,27.18,OK,25.21,25.03,OK,0,0,,0,0,,0,0,,0,OK,0,OK,0,OK,0,OK,0,OK,0,OK,0,,0,,0,OK,0,OK,0,OK,0,OK,0,OK,0,OK,0,OK,0,,0,,0,OK,,,,,,,,,,,,,,,,,,,,,,,,,,,,,,,,,,,,,,,,,,,,,,
2406150032C,NEW KAPPA IN 1.0,CM4P3,2024-06-15 00:14:13,19.194,28.16,OK,23.27,22.67,OK,24.3,23.57,OK,25.36,25,OK,22.78,22.12,OK,23.64,23.55,OK,23.33,22.83,OK,0,0,,0,0,,0,0,,0,OK,0,OK,0,OK,0,OK,0,OK,0,OK,0,,0,,0,OK,0,OK,0,OK,0,OK,0,OK,0,OK,0,OK,0,,0,,0,OK,,,,,,,,,,,,,,,,,,,,,,,,,,,,,,,,,,,,,,,,,,,,,,
2406150033C,NEW KAPPA IN 1.0,CM1P9,2024-06-15 00:15:27,19.183,29.12,OK,20.29,20.08,OK,21.29,21.06,OK,21.13,20.82,OK,20.85,20.52,OK,20.89,20.89,OK,20.61,20.36,OK,0,0,,0,0,,0,0,,5.49,OK,6.88,OK,7.28,OK,7.4,OK,7.77,OK,7.29,OK,0,,0,,0.23,OK,7.78,OK,7.42,OK,7.5,OK,7.37,OK,8.61,OK,7.85,OK,0,,0,,0.27,OK,,,,,,,,,,,,,,,,,,,,,,,,,,,,,,,,,,,,,,,,,,,,,,
2406150034C,NEW KAPPA IN 1.0,CM2P1,2024-06-15 00:15:50,18.778,30.43,OK,21.66,21.1,OK,22.75,22.29,OK,22.01,21.56,OK,21.63,21.26,OK,20.98,20.91,OK,21.59,21.17,OK,0,0,,0,0,,0,0,,15.36,OK,15.36,OK,15.36,OK,15.36,OK,15.36,OK,15.36,OK,0,,0,,15.36,OK,15.36,OK,15.36,OK,15.36,OK,15.36,OK,15.36,OK,15.36,OK,0,,0,,15.36,OK,,,,,,,,,,,,,,,,,,,,,,,,,,,,,,,,,,,,,,,,,,,,,,
2406150035C,NEW KAPPA IN 1.0,CM3P5,2024-06-15 00:16:33,18.458,29.2,OK,22.42,21.79,OK,23.83,23.42,OK,27.79,27.04,OK,28.38,27.63,OK,28.15,28.1,OK,24.6,24.39,OK,0,0,,0,0,,0,0,,0,OK,0,OK,0,OK,0,OK,0,OK,0,OK,0,,0,,0,OK,0,OK,0,OK,0,OK,0,OK,0,OK,0,OK,0,,0,,0,OK,,,,,,,,,,,,,,,,,,,,,,,,,,,,,,,,,,,,,,,,,,,,,,
2406150036C,NEW KAPPA IN 1.0,CM4P8,2024-06-15 00:17:25,18.999,31.77,OK,23.18,22.36,OK,24.61,23.84,OK,26.59,26.17,OK,25.36,25,OK,23.88,23.73,OK,24.19,23.75,OK,0,0,,0,0,,0,0,,0,OK,0,OK,0,OK,0,OK,0,OK,0,OK,0,,0,,0,OK,0,OK,0,OK,0,OK,0,OK,0,OK,0,OK,0,,0,,0,OK,,,,,,,,,,,,,,,,,,,,,,,,,,,,,,,,,,,,,,,,,,,,,,
2406150037C,NEW KAPPA IN 1.0,CM1P6,2024-06-15 00:18:39,18.414,29.12,OK,19.63,19.42,OK,23.09,22.76,OK,23.16,22.76,OK,22.92,22.67,OK,22.06,21.97,OK,22.55,22.36,OK,0,0,,0,0,,0,0,,5.5,OK,7.04,OK,7.35,OK,7.83,OK,7.48,OK,7.48,OK,0,,0,,0.14,OK,7.7,OK,7.57,OK,8.39,OK,8.07,OK,8.06,OK,7.75,OK,0,,0,,0.22,OK,,,,,,,,,,,,,,,,,,,,,,,,,,,,,,,,,,,,,,,,,,,,,,
2406150038C,NEW KAPPA IN 1.0,CM2P2,2024-06-15 00:19:05,18.757,29.97,OK,23.55,22.73,OK,23.27,22.89,OK,23.03,22.61,OK,22.78,22.36,OK,21.35,21.21,OK,21.75,21.35,OK,0,0,,0,0,,0,0,,15.36,OK,15.36,OK,15.36,OK,15.36,OK,15.36,OK,15.36,OK,0,,0,,15.36,OK,15.36,OK,15.36,OK,15.36,OK,15.36,OK,15.36,OK,15.36,OK,0,,0,,15.36,OK,,,,,,,,,,,,,,,,,,,,,,,,,,,,,,,,,,,,,,,,,,,,,,
2406150039C,NEW KAPPA IN 1.0,CM3P4,2024-06-15 00:19:45,18.207,28.48,OK,23.85,22.97,OK,23.26,22.67,OK,25.75,24.91,OK,27.29,26.54,OK,27.33,27.24,OK,24.37,24.14,OK,0,0,,0,0,,0,0,,0,OK,0,OK,0,OK,0,OK,0,OK,0,OK,0,,0,,0,OK,0,OK,0,OK,0,OK,0,OK,0,OK,0,OK,0,,0,,0,OK,,,,,,,,,,,,,,,,,,,,,,,,,,,,,,,,,,,,,,,,,,,,,,
2406150040C,NEW KAPPA IN 1.0,CM4P3,2024-06-15 00:20:37,18.439,29.15,OK,24.63,23.84,OK,24.39,23.71,OK,25.6,25.22,OK,24.7,24.23,OK,21.66,21.44,OK,22.52,21.97,OK,0,0,,0,0,,0,0,,0,OK,0,OK,0,OK,0,OK,0,OK,0,OK,0,,0,,0,OK,0,OK,0,OK,0,OK,0,OK,0,OK,0,OK,0,,0,,0,OK,,,,,,,,,,,,,,,,,,,,,,,,,,,,,,,,,,,,,,,,,,,,,,
2406150041C,NEW KAPPA IN 1.0,CM1P9,2024-06-15 00:21:48,19.083,31.63,OK,20.15,19.96,OK,21.48,21.27,OK,21.8,21.48,OK,20.89,20.68,OK,21.03,20.94,OK,20.99,20.75,OK,0,0,,0,0,,0,0,,5.59,OK,7.11,OK,7.1,OK,7.14,OK,7.34,OK,7.37,OK,0,,0,,0.22,OK,7.61,OK,8.32,OK,7.93,OK,7.78,OK,7.75,OK,7.67,OK,0,,0,,0.22,OK,,,,,,,,,,,,,,,,,,,,,,,,,,,,,,,,,,,,,,,,,,,,,,
2406150042C,NEW KAPPA IN 1.0,CM2P1,2024-06-15 00:22:17,18.555,31.5,OK,23.55,22.92,OK,24.55,24.08,OK,22.75,22.33,OK,22.19,21.82,OK,20.82,20.77,OK,21.73,21.26,OK,0,0,,0,0,,0,0,,15.36,OK,15.36,OK,15.36,OK,15.36,OK,15.36,OK,15.36,OK,0,,0,,15.36,OK,15.36,OK,15.36,OK,15.36,OK,15.36,OK,15.36,OK,15.36,OK,0,,0,,15.36,OK,,,,,,,,,,,,,,,,,,,,,,,,,,,,,,,,,,,,,,,,,,,,,,
2406150043C,NEW KAPPA IN 1.0,CM3P5,2024-06-15 00:22:53,18.725,30.07,OK,24.1,23.26,OK,24.14,23.67,OK,27.29,26.57,OK,27.13,26.61,OK,27.13,27.06,OK,24.94,24.64,OK,0,0,,0,0,,0,0,,0,OK,0,OK,0,OK,0,OK,0,OK,0,OK,0,,0,,0,OK,0,OK,0,OK,0,OK,0,OK,0,OK,0,OK,0,,0,,0,OK,,,,,,,,,,,,,,,,,,,,,,,,,,,,,,,,,,,,,,,,,,,,,,
2406150044C,NEW KAPPA IN 1.0,CM4P8,2024-06-15 00:23:48,18.905,31.98,OK,22.85,22.36,OK,24.04,23.33,OK,23.31,22.8,OK,24.43,23.86,OK,22.98,22.8,OK,23.2,22.8,OK,0,0,,0,0,,0,0,,0,OK,0,OK,0,OK,0,OK,0,OK,0,OK,0,,0,,0,OK,0,OK,0,OK,0,OK,0,OK,0,OK,0,OK,0,,0,,0,OK,,,,,,,,,,,,,,,,,,,,,,,,,,,,,,,,,,,,,,,,,,,,,,
2406150045C,NEW KAPPA IN 1.0,CM1P6,2024-06-15 00:24:59,18.905,31.98,OK,20.31,20.05,OK,22.13,21.9,OK,22.71,22.36,OK,22.62,22.43,OK,21.69,21.62,OK,21.52,21.29,OK,0,0,,0,0,,0,0,,5.48,OK,7.73,OK,7.17,OK,7.32,OK,7.52,OK,7.58,OK,0,,0,,0.15,OK,8.19,OK,8.05,OK,7.82,OK,7.74,OK,7.78,OK,7.64,OK,0,,0,,0.21,OK,,,,,,,,,,,,,,,,,,,,,,,,,,,,,,,,,,,,,,,,,,,,,,
2406150046C,NEW KAPPA IN 1.0,CM2P2,2024-06-15 00:25:22,18.827,29.85,OK,23.97,23.41,OK,22.57,22.08,OK,23.36,22.96,OK,22.45,22.12,OK,22.75,22.57,OK,22.17,21.7,OK,0,0,,0,0,,0,0,,15.36,OK,15.36,OK,15.36,OK,15.36,OK,15.36,OK,15.36,OK,0,,0,,15.36,OK,15.36,OK,15.36,OK,15.36,OK,15.36,OK,15.36,OK,15.36,OK,0,,0,,15.36,OK,,,,,,,,,,,,,,,,,,,,,,,,,,,,,,,,,,,,,,,,,,,,,,
2406150047C,NEW KAPPA IN 1.0,CM3P4,2024-06-15 00:26:02,18.252,27.45,OK,24.14,23.56,OK,24.98,24.6,OK,27.18,26.47,OK,28.17,27.49,OK,28.24,28.19,OK,25.48,25.16,OK,0,0,,0,0,,0,0,,0,OK,0,OK,0,OK,0,OK,0,OK,0,OK,0,,0,,0,OK,0,OK,0,OK,0,OK,0,OK,0,OK,0,OK,0,,0,,0,OK,,,,,,,,,,,,,,,,,,,,,,,,,,,,,,,,,,,,,,,,,,,,,,
2406150048C,NEW KAPPA IN 1.0,CM4P3,2024-06-15 00:26:47,18.627,29.65,OK,25.62,25,OK,25.58,24.92,OK,25.82,25.42,OK,24.96,24.63,OK,23.79,23.71,OK,24.19,23.79,OK,0,0,,0,0,,0,0,,0,OK,0,OK,0,OK,0,OK,0,OK,0,OK,0,,0,,0,OK,0,OK,0,OK,0,OK,0,OK,0,OK,0,OK,0,,0,,0,OK,,,,,,,,,,,,,,,,,,,,,,,,,,,,,,,,,,,,,,,,,,,,,,
2406150049C,NEW KAPPA IN 1.0,CM1P9,2024-06-15 00:28:11,19.011,28.8,OK,19.54,19.33,OK,22.2,21.78,OK,21.5,20.99,OK,20.68,20.5,OK,21.8,21.76,OK,22.62,22.34,OK,0,0,,0,0,,0,0,,5.41,OK,6.93,OK,7.13,OK,7.25,OK,7.56,OK,7.85,OK,0,,0,,0.21,OK,7.93,OK,7.58,OK,7.45,OK,7.46,OK,8.41,OK,8.43,OK,0,,0,,0.17,OK,,,,,,,,,,,,,,,,,,,,,,,,,,,,,,,,,,,,,,,,,,,,,,
2406150050C,NEW KAPPA IN 1.0,CM2P1,2024-06-15 00:28:31,18.876,28.8,OK,22.68,22.05,OK,22.4,21.96,OK,21.68,21.4,OK,21.77,21.38,OK,21.45,21.28,OK,21.17,20.89,OK,0,0,,0,0,,0,0,,15.36,OK,15.36,OK,15.36,OK,15.36,OK,15.36,OK,15.36,OK,0,,0,,15.36,OK,15.36,OK,15.36,OK,15.36,OK,15.36,OK,15.36,OK,15.36,OK,0,,0,,15.36,OK,,,,,,,,,,,,,,,,,,,,,,,,,,,,,,,,,,,,,,,,,,,,,,
2406150051C,NEW KAPPA IN 1.0,CM3P5,2024-06-15 00:29:17,19.029,27.56,OK,23.4,22.72,OK,24.42,24.08,OK,27.04,26.25,OK,27.04,26.43,OK,27.43,27.43,OK,23.01,22.76,OK,0,0,,0,0,,0,0,,0,OK,0,OK,0,OK,0,OK,0,OK,0,OK,0,,0,,0,OK,0,OK,0,OK,0,OK,0,OK,0,OK,0,OK,0,,0,,0,OK,,,,,,,,,,,,,,,,,,,,,,,,,,,,,,,,,,,,,,,,,,,,,,
2406150052C,NEW KAPPA IN 1.0,CM4P8,2024-06-15 00:30:02,18.958,28.53,OK,24.17,23.55,OK,24.5,23.84,OK,24.87,24.74,OK,23.6,23.2,OK,22.89,22.67,OK,22.89,22.52,OK,0,0,,0,0,,0,0,,0,OK,0,OK,0,OK,0,OK,0,OK,0,OK,0,,0,,0,OK,0,OK,0,OK,0,OK,0,OK,0,OK,0,OK,0,,0,,0,OK,,,,,,,,,,,,,,,,,,,,,,,,,,,,,,,,,,,,,,,,,,,,,,
2406150053C,NEW KAPPA IN 1.0,CM1P6,2024-06-15 00:31:20,19.147,28,OK,20.12,19.89,OK,22.99,22.71,OK,21.34,21.01,OK,21.22,20.96,OK,21.41,21.36,OK,22.04,21.9,OK,0,0,,0,0,,0,0,,5.44,OK,6.9,OK,7.27,OK,7.37,OK,7.49,OK,7.34,OK,0,,0,,0.26,OK,7.9,OK,7.51,OK,7.42,OK,8.64,OK,7.97,OK,7.97,OK,0,,0,,0.26,OK,,,,,,,,,,,,,,,,,,,,,,,,,,,,,,,,,,,,,,,,,,,,,,
2406150054C,NEW KAPPA IN 1.0,CM2P2,2024-06-15 00:31:43,19.147,28,OK,24.04,23.55,OK,23.52,23.06,OK,22.54,22.05,OK,22.52,22.17,OK,21.98,21.84,OK,22.87,22.5,OK,0,0,,0,0,,0,0,,15.36,OK,15.36,OK,15.36,OK,15.36,OK,15.36,OK,15.36,OK,0,,0,,15.36,OK,15.36,OK,15.36,OK,15.36,OK,15.36,OK,15.36,OK,15.36,OK,0,,0,,15.36,OK,,,,,,,,,,,,,,,,,,,,,,,,,,,,,,,,,,,,,,,,,,,,,,
2406150055C,NEW KAPPA IN 1.0,C,2024-06-15 00:29:22,19.171,29.97,OK,24.04,23.55,OK,23.52,23.06,OK,22.54,22.05,OK,22.52,22.17,OK,21.98,21.84,OK,22.87,22.5,OK,0,0,,0,0,,0,0,,15.36,OK,15.36,OK,15.36,OK,15.36,OK,15.36,OK,15.36,OK,0,,0,,15.36,OK,15.36,OK,15.36,OK,15.36,OK,15.36,OK,15.36,OK,15.36,OK,0,,0,,15.36,OK,,,,,,,,,,,,,,,,,,,,,,,,,,,,,,,,,,,,,,,,,,,,,,
2406150056C,NEW KAPPA IN 1.0,CM4P3,2024-06-15 00:33:14,18.821,29.16,OK,23.42,22.67,OK,23.86,23.11,OK,25.71,25.29,OK,24.37,23.79,OK,24.94,24.94,OK,23.18,22.58,OK,0,0,,0,0,,0,0,,0,OK,0,OK,0,OK,0,OK,0,OK,0,OK,0,,0,,0,OK,0,OK,0,OK,0,OK,0,OK,0,OK,0,OK,0,,0,,0,OK,,,,,,,,,,,,,,,,,,,,,,,,,,,,,,,,,,,,,,,,,,,,,,
2406150057C,NEW KAPPA IN 1.0,CM1P9,2024-06-15 00:34:31,19.113,28.47,OK,20.73,20.52,OK,21.22,21.06,OK,22.67,22.34,OK,21.38,21.2,OK,21.01,20.92,OK,22.34,22.15,OK,0,0,,0,0,,0,0,,5.5,OK,7.06,OK,7.34,OK,7.02,OK,7.33,OK,7.34,OK,0,,0,,0.18,OK,7.63,OK,7.35,OK,8.35,OK,7.91,OK,7.81,OK,7.73,OK,0,,0,,0.26,OK,,,,,,,,,,,,,,,,,,,,,,,,,,,,,,,,,,,,,,,,,,,,,,
2406150058C,NEW KAPPA IN 1.0,CM2P1,2024-06-15 00:34:54,18.965,29.12,OK,24.69,24.13,OK,22.54,22.17,OK,22.96,22.57,OK,23.22,22.87,OK,21.17,21.05,OK,22.64,22.33,OK,0,0,,0,0,,0,0,,15.36,OK,15.36,OK,15.36,OK,15.36,OK,15.36,OK,15.36,OK,0,,0,,15.36,OK,15.36,OK,15.36,OK,15.36,OK,15.36,OK,15.36,OK,15.36,OK,0,,0,,15.36,OK,,,,,,,,,,,,,,,,,,,,,,,,,,,,,,,,,,,,,,,,,,,,,,
2406150059C,NEW KAPPA IN 1.0,CM3P5,2024-06-15 00:35:30,18.603,28.06,OK,25.05,24.39,OK,24.23,23.89,OK,26.86,26.25,OK,28.08,27.38,OK,28.19,28.1,OK,25,24.75,OK,0,0,,0,0,,0,0,,0,OK,0,OK,0,OK,0,OK,0,OK,0,OK,0,,0,,0,OK,0,OK,0,OK,0,OK,0,OK,0,OK,0,OK,0,,0,,0,OK,,,,,,,,,,,,,,,,,,,,,,,,,,,,,,,,,,,,,,,,,,,,,,
22397-D3C,NEW KAPPA IN 1.0,CM3P4,2024-06-15 00:32:28,18.603,28.06,OK,23.58,23.26,OK,24.3,23.96,OK,26.43,25.66,OK,27.36,26.77,OK,28.62,28.56,OK,23.71,23.49,OK,0,0,,0,0,,0,0,,0,OK,0,OK,0,OK,0,OK,0,OK,0,OK,0,,0,,0,OK,0,OK,0,OK,0,OK,0,OK,0,OK,0,OK,0,,0,,0,OK,,,,,,,,,,,,,,,,,,,,,,,,,,,,,,,,,,,,,,,,,,,,,,
2406150060C,NEW KAPPA IN 1.0,CM4P8,2024-06-15 00:36:26,19.031,28.37,OK,25.16,24.3,OK,25.07,24.41,OK,25.64,25.38,OK,25.03,24.32,OK,25.16,24.94,OK,24.04,23.66,OK,0,0,,0,0,,0,0,,0,OK,0,OK,0,OK,0,OK,0,OK,0,OK,0,,0,,0,OK,0,OK,0,OK,0,OK,0,OK,0,OK,0,OK,0,,0,,0,OK,,,,,,,,,,,,,,,,,,,,,,,,,,,,,,,,,,,,,,,,,,,,,,
2406150061C,NEW KAPPA IN 1.0,CM1P6,2024-06-15 00:37:43,19.157,27.48,OK,20.03,19.7,OK,21.01,20.64,OK,21.57,21.15,OK,20.94,20.73,OK,20.92,20.87,OK,21.34,21.24,OK,0,0,,0,0,,0,0,,5.53,OK,7.12,OK,7.08,OK,7.12,OK,7.37,OK,7.46,OK,0,,0,,0.18,OK,7.45,OK,8.29,OK,7.73,OK,7.64,OK,7.66,OK,7.59,OK,0,,0,,0.21,OK,,,,,,,,,,,,,,,,,,,,,,,,,,,,,,,,,,,,,,,,,,,,,,
2406150062C,NEW KAPPA IN 1.0,CM2P2,2024-06-15 00:38:03,18.633,27.46,OK,21.03,20.44,OK,22.52,22.24,OK,22.24,22.01,OK,22.12,21.68,OK,20.44,20.26,OK,20.63,20.26,OK,0,0,,0,0,,0,0,,15.36,OK,15.36,OK,15.36,OK,15.36,OK,15.36,OK,15.36,OK,0,,0,,15.36,OK,15.36,OK,15.36,OK,15.36,OK,15.36,OK,15.36,OK,15.36,OK,0,,0,,15.36,OK,,,,,,,,,,,,,,,,,,,,,,,,,,,,,,,,,,,,,,,,,,,,,,
2406150063C,NEW KAPPA IN 1.0,CM3P4,2024-06-15 00:38:42,19.169,27.97,OK,24.53,23.94,OK,24.75,24.3,OK,25.75,25.12,OK,27.63,26.86,OK,26.14,26.11,OK,24.75,24.55,OK,0,0,,0,0,,0,0,,0,OK,0,OK,0,OK,0,OK,0,OK,0,OK,0,,0,,0,OK,0,OK,0,OK,0,OK,0,OK,0,OK,0,OK,0,,0,,0,OK,,,,,,,,,,,,,,,,,,,,,,,,,,,,,,,,,,,,,,,,,,,,,,
2406150064C,NEW KAPPA IN 1.0,CM4P3,2024-06-15 00:39:28,19.169,29.25,OK,23.42,22.78,OK,24.41,23.71,OK,26.61,26.06,OK,25.29,24.7,OK,23.35,23.2,OK,22.32,21.95,OK,0,0,,0,0,,0,0,,0,OK,0,OK,0,OK,0,OK,0,OK,0,OK,0,,0,,0,OK,0,OK,0,OK,0,OK,0,OK,0,OK,0,OK,0,,0,,0,OK,,,,,,,,,,,,,,,,,,,,,,,,,,,,,,,,,,,,,,,,,,,,,,
2406150065C,NEW KAPPA IN 1.0,CM1P9,2024-06-15 00:40:52,18.747,27.57,OK,20.64,20.43,OK,22.13,21.85,OK,22.36,21.83,OK,22.15,21.87,OK,21.73,21.71,OK,21.2,20.96,OK,0,0,,0,0,,0,0,,5.31,OK,6.9,OK,7,OK,7.15,OK,7.41,OK,7.49,OK,0,,0,,0.17,OK,8.42,OK,7.74,OK,7.53,OK,7.42,OK,7.44,OK,8.6,OK,0,,0,,0.25,OK,,,,,,,,,,,,,,,,,,,,,,,,,,,,,,,,,,,,,,,,,,,,,,
2406150066C,NEW KAPPA IN 1.0,CM2P1,2024-06-15 00:41:18,19.177,28.31,OK,23.83,23.22,OK,22.99,22.54,OK,21.75,21.35,OK,23.94,23.48,OK,23.71,23.64,OK,20.51,20.23,OK,0,0,,0,0,,0,0,,15.36,OK,15.36,OK,15.36,OK,15.36,OK,15.36,OK,15.36,OK,0,,0,,15.36,OK,15.36,OK,15.36,OK,15.36,OK,15.36,OK,15.36,OK,15.36,OK,0,,0,,15.36,OK,,,,,,,,,,,,,,,,,,,,,,,,,,,,,,,,,,,,,,,,,,,,,,
2406150067C,NEW KAPPA IN 1.0,CM3P5,2024-06-15 00:41:57,19.194,28.2,OK,25.39,24.78,OK,24.6,23.94,OK,25.39,24.8,OK,27.02,26.36,OK,27.11,27,OK,23.89,23.71,OK,0,0,,0,0,,0,0,,0,OK,0,OK,0,OK,0,OK,0,OK,0,OK,0,,0,,0,OK,0,OK,0,OK,0,OK,0,OK,0,OK,0,OK,0,,0,,0,OK,,,,,,,,,,,,,,,,,,,,,,,,,,,,,,,,,,,,,,,,,,,,,,
2406150068C,NEW KAPPA IN 1.0,CM4P8,2024-06-15 00:42:43,19.19,28.82,OK,23.2,22.54,OK,23.31,22.61,OK,25.11,24.56,OK,23.49,22.85,OK,22.28,22.21,OK,24.15,23.79,OK,0,0,,0,0,,0,0,,0,OK,0,OK,0,OK,0,OK,0,OK,0,OK,0,,0,,0,OK,0,OK,0,OK,0,OK,0,OK,0,OK,0,OK,0,,0,,0,OK,,,,,,,,,,,,,,,,,,,,,,,,,,,,,,,,,,,,,,,,,,,,,,
2406150069C,NEW KAPPA IN 1.0,CM1P6,2024-06-15 00:44:03,19.199,29.95,OK,19.54,19.47,OK,21.73,21.45,OK,22.25,21.76,OK,21.01,20.66,OK,21.55,21.45,OK,20.94,20.8,OK,0,0,,0,0,,0,0,,5.49,OK,6.93,OK,7.26,OK,7.4,OK,7.23,OK,7.33,OK,0,,0,,0.25,OK,7.78,OK,7.4,OK,7.38,OK,8.24,OK,7.99,OK,7.87,OK,0,,0,,0.24,OK,,,,,,,,,,,,,,,,,,,,,,,,,,,,,,,,,,,,,,,,,,,,,,
2406150070C,NEW KAPPA IN 1.0,CM2P2,2024-06-15 00:44:26,18.584,28.01,OK,23.15,22.4,OK,23.62,23.24,OK,22.01,21.45,OK,22.47,22.05,OK,22.29,22.17,OK,21,20.63,OK,0,0,,0,0,,0,0,,15.36,OK,15.36,OK,15.36,OK,15.36,OK,15.36,OK,15.36,OK,0,,0,,15.36,OK,15.36,OK,15.36,OK,15.36,OK,15.36,OK,15.36,OK,15.36,OK,0,,0,,15.36,OK,,,,,,,,,,,,,,,,,,,,,,,,,,,,,,,,,,,,,,,,,,,,,,
2406150071C,NEW KAPPA IN 1.0,CM3P4,2024-06-15 00:45:02,19.019,28.37,OK,23.35,22.58,OK,23.6,23.31,OK,27.27,26.59,OK,28.19,27.45,OK,27.76,27.72,OK,23.69,23.44,OK,0,0,,0,0,,0,0,,0,OK,0,OK,0,OK,0,OK,0,OK,0,OK,0,,0,,0,OK,0,OK,0,OK,0,OK,0,OK,0,OK,0,OK,0,,0,,0,OK,,,,,,,,,,,,,,,,,,,,,,,,,,,,,,,,,,,,,,,,,,,,,,
2406150072C,NEW KAPPA IN 1.0,CM4P3,2024-06-15 00:45:54,18.537,27.41,OK,24.21,23.53,OK,25.44,24.72,OK,25.84,25.11,OK,26.08,25.69,OK,24.1,23.95,OK,22.34,21.99,OK,0,0,,0,0,,0,0,,0,OK,0,OK,0,OK,0,OK,0,OK,0,OK,0,,0,,0,OK,0,OK,0,OK,0,OK,0,OK,0,OK,0,OK,0,,0,,0,OK,,,,,,,,,,,,,,,,,,,,,,,,,,,,,,,,,,,,,,,,,,,,,,
2406150073C,NEW KAPPA IN 1.0,CM1P9,2024-06-15 00:47:15,18.808,27.82,OK,19.68,19.52,OK,21.57,21.34,OK,21.62,21.1,OK,20.68,20.52,OK,20.54,20.47,OK,21.45,21.31,OK,0,0,,0,0,,0,0,,5.49,OK,7.01,OK,7.62,OK,7.08,OK,7.33,OK,7.35,OK,0,,0,,0.16,OK,7.47,OK,8.08,OK,7.82,OK,7.6,OK,7.58,OK,7.67,OK,0,,0,,0.21,OK,,,,,,,,,,,,,,,,,,,,,,,,,,,,,,,,,,,,,,,,,,,,,,
2406150074C,NEW KAPPA IN 1.0,CM2P1,2024-06-15 00:47:38,18.85,28.81,OK,22.99,22.19,OK,22.52,22.08,OK,23.76,23.48,OK,22.75,22.29,OK,21.1,20.93,OK,22.71,22.43,OK,0,0,,0,0,,0,0,,15.36,OK,15.36,OK,15.36,OK,15.36,OK,15.36,OK,15.36,OK,0,,0,,15.36,OK,15.36,OK,15.36,OK,15.36,OK,15.36,OK,15.36,OK,15.36,OK,0,,0,,15.36,OK,,,,,,,,,,,,,,,,,,,,,,,,,,,,,,,,,,,,,,,,,,,,,,
2406150075C,NEW KAPPA IN 1.0,CM3P5,2024-06-15 00:48:14,19.084,28.18,OK,25.05,24.57,OK,24.42,24.08,OK,26.52,25.8,OK,27.06,26.47,OK,27.29,27.24,OK,24.44,24.17,OK,0,0,,0,0,,0,0,,0,OK,0,OK,0,OK,0,OK,0,OK,0,OK,0,,0,,0,OK,0,OK,0,OK,0,OK,0,OK,0,OK,0,OK,0,,0,,0,OK,,,,,,,,,,,,,,,,,,,,,,,,,,,,,,,,,,,,,,,,,,,,,,
2406150076C,NEW KAPPA IN 1.0,CM4P8,2024-06-15 00:49:09,19.004,27.85,OK,21.51,20.93,OK,22.56,21.92,OK,24.23,23.6,OK,24.94,24.37,OK,22.12,22.01,OK,22.8,22.23,OK,0,0,,0,0,,0,0,,0,OK,0,OK,0,OK,0,OK,0,OK,0,OK,0,,0,,0,OK,0,OK,0,OK,0,OK,0,OK,0,OK,0,OK,0,,0,,0,OK,,,,,,,,,,,,,,,,,,,,,,,,,,,,,,,,,,,,,,,,,,,,,,
2406150077C,NEW KAPPA IN 1.0,C,2024-06-15 00:46:49,18.792,28.5,OK,21.51,20.93,OK,22.56,21.92,OK,24.23,23.6,OK,24.94,24.37,OK,22.12,22.01,OK,22.8,22.23,OK,0,0,,0,0,,0,0,,0,OK,0,OK,0,OK,0,OK,0,OK,0,OK,0,,0,,0,OK,0,OK,0,OK,0,OK,0,OK,0,OK,0,OK,0,,0,,0,OK,,,,,,,,,,,,,,,,,,,,,,,,,,,,,,,,,,,,,,,,,,,,,,
2406150078C,NEW KAPPA IN 1.0,CM2P2,2024-06-15 00:50:50,18.793,28.81,OK,23.76,23.36,OK,22.99,22.61,OK,23.9,23.43,OK,22.45,22.01,OK,21.68,21.56,OK,22.01,21.59,OK,0,0,,0,0,,0,0,,15.36,OK,15.36,OK,15.36,OK,15.36,OK,15.36,OK,15.36,OK,0,,0,,15.36,OK,15.36,OK,15.36,OK,15.36,OK,15.36,OK,15.36,OK,15.36,OK,0,,0,,15.36,OK,,,,,,,,,,,,,,,,,,,,,,,,,,,,,,,,,,,,,,,,,,,,,,
2406150079C,NEW KAPPA IN 1.0,CM3P4,2024-06-15 00:51:23,19.064,29.01,OK,24.64,23.83,OK,24.23,23.78,OK,26.86,26.29,OK,26.7,26.07,OK,26.27,26.2,OK,22.85,22.65,OK,0,0,,0,0,,0,0,,0,OK,0,OK,0,OK,0,OK,0,OK,0,OK,0,,0,,0,OK,0,OK,0,OK,0,OK,0,OK,0,OK,0,OK,0,,0,,0,OK,,,,,,,,,,,,,,,,,,,,,,,,,,,,,,,,,,,,,,,,,,,,,,
2406150080C,NEW KAPPA IN 1.0,CM4P3,2024-06-15 00:52:11,18.493,27.82,OK,23.09,22.43,OK,24.89,24.19,OK,26.1,25.73,OK,24.54,23.99,OK,24.26,24.15,OK,23.49,23.13,OK,0,0,,0,0,,0,0,,0,OK,0,OK,0,OK,0,OK,0,OK,0,OK,0,,0,,0,OK,0,OK,0,OK,0,OK,0,OK,0,OK,0,OK,0,,0,,0,OK,,,,,,,,,,,,,,,,,,,,,,,,,,,,,,,,,,,,,,,,,,,,,,
2406150081C,NEW KAPPA IN 1.0,CM1P9,2024-06-15 00:53:35,18.734,28.02,OK,19.28,19.14,OK,21.73,21.48,OK,20.99,20.68,OK,22.01,21.76,OK,20.52,20.43,OK,20.61,20.43,OK,0,0,,0,0,,0,0,,5.51,OK,6.96,OK,7.26,OK,7.5,OK,7.33,OK,7.37,OK,0,,0,,0.23,OK,7.83,OK,7.36,OK,7.51,OK,8.3,OK,7.96,OK,7.73,OK,0,,0,,0.23,OK,,,,,,,,,,,,,,,,,,,,,,,,,,,,,,,,,,,,,,,,,,,,,,
-30519-D1C,NEW KAPPA IN 1.0,CM1P6,2024-06-15 00:50:24,18.734,28.02,OK,20.5,20.22,OK,22.29,22.08,OK,22.29,21.83,OK,21.36,21.15,OK,21.59,21.52,OK,21.34,20.99,OK,0,0,,0,0,,0,0,,5.48,OK,6.9,OK,7.11,OK,7.27,OK,7.44,OK,7.56,OK,0,,0,,0.19,OK,8.18,OK,7.54,OK,7.57,OK,7.48,OK,7.5,OK,8.03,OK,0,,0,,0.27,OK,,,,,,,,,,,,,,,,,,,,,,,,,,,,,,,,,,,,,,,,,,,,,,
2406150082C,NEW KAPPA IN 1.0,CM2P1,2024-06-15 00:54:02,18.86,27.26,OK,22.19,21.52,OK,22.36,22.03,OK,22.59,22.24,OK,21.77,21.38,OK,20.56,20.37,OK,20.89,20.58,OK,0,0,,0,0,,0,0,,15.36,OK,15.36,OK,15.36,OK,15.36,OK,15.36,OK,15.36,OK,0,,0,,15.36,OK,15.36,OK,15.36,OK,15.36,OK,15.36,OK,15.36,OK,15.36,OK,0,,0,,15.36,OK,,,,,,,,,,,,,,,,,,,,,,,,,,,,,,,,,,,,,,,,,,,,,,
2406150083C,NEW KAPPA IN 1.0,CM3P5,2024-06-15 00:54:47,19.187,29.8,OK,24.32,23.65,OK,24.62,24.12,OK,27.04,26.2,OK,28.31,27.45,OK,27.79,27.72,OK,24.64,24.53,OK,0,0,,0,0,,0,0,,0,OK,0,OK,0,OK,0,OK,0,OK,0,OK,0,,0,,0,OK,0,OK,0,OK,0,OK,0,OK,0,OK,0,OK,0,,0,,0,OK,,,,,,,,,,,,,,,,,,,,,,,,,,,,,,,,,,,,,,,,,,,,,,
2406150084C,NEW KAPPA IN 1.0,CM4P8,2024-06-15 00:55:49,18.478,26.3,OK,21.07,20.41,OK,23.27,22.65,OK,23.82,23.27,OK,22.72,22.06,OK,21.46,21.29,OK,22.72,22.34,OK,0,0,,0,0,,0,0,,0,OK,0,OK,0,OK,0,OK,0,OK,0,OK,0,,0,,0,OK,0,OK,0,OK,0,OK,0,OK,0,OK,0,OK,0,,0,,0,OK,,,,,,,,,,,,,,,,,,,,,,,,,,,,,,,,,,,,,,,,,,,,,,
2406150085C,NEW KAPPA IN 1.0,C,2024-06-15 00:53:29,19.149,27.53,OK,21.07,20.41,OK,23.27,22.65,OK,23.82,23.27,OK,22.72,22.06,OK,21.46,21.29,OK,22.72,22.34,OK,0,0,,0,0,,0,0,,0,OK,0,OK,0,OK,0,OK,0,OK,0,OK,0,,0,,0,OK,0,OK,0,OK,0,OK,0,OK,0,OK,0,OK,0,,0,,0,OK,,,,,,,,,,,,,,,,,,,,,,,,,,,,,,,,,,,,,,,,,,,,,,
2406150086C,NEW KAPPA IN 1.0,CM2P2,2024-06-15 00:57:36,19.168,28.15,OK,23.17,22.61,OK,22.94,22.59,OK,21.89,21.49,OK,22.26,21.91,OK,21.19,20.96,OK,21.49,21.05,OK,0,0,,0,0,,0,0,,15.36,OK,15.36,OK,15.36,OK,15.36,OK,15.36,OK,15.36,OK,0,,0,,15.36,OK,15.36,OK,15.36,OK,15.36,OK,15.36,OK,15.36,OK,15.36,OK,0,,0,,15.36,OK,,,,,,,,,,,,,,,,,,,,,,,,,,,,,,,,,,,,,,,,,,,,,,
2406150087C,NEW KAPPA IN 1.0,CM3P4,2024-06-15 00:58:22,19.154,29.13,OK,24.8,24.1,OK,24.01,23.65,OK,26.23,25.55,OK,26.95,26.27,OK,27.38,27.33,OK,24.51,24.3,OK,0,0,,0,0,,0,0,,0,OK,0,OK,0,OK,0,OK,0,OK,0,OK,0,,0,,0,OK,0,OK,0,OK,0,OK,0,OK,0,OK,0,OK,0,,0,,0,OK,,,,,,,,,,,,,,,,,,,,,,,,,,,,,,,,,,,,,,,,,,,,,,
2406150088C,NEW KAPPA IN 1.0,CM4P3,2024-06-15 00:59:20,18.869,27.68,OK,24.04,23.44,OK,25.11,24.45,OK,25.62,25.18,OK,24.23,23.57,OK,23.77,23.66,OK,23.53,23.09,OK,0,0,,0,0,,0,0,,0,OK,0,OK,0,OK,0,OK,0,OK,0,OK,0,,0,,0,OK,0,OK,0,OK,0,OK,0,OK,0,OK,0,OK,0,,0,,0,OK,,,,,,,,,,,,,,,,,,,,,,,,,,,,,,,,,,,,,,,,,,,,,,
2406150089C,NEW KAPPA IN 1.0,CM1P9,2024-06-15 01:00:31,19.109,28.58,OK,20.57,20.22,OK,22.53,22.18,OK,21.38,21.08,OK,21.2,21.03,OK,20.8,20.73,OK,21.66,21.48,OK,0,0,,0,0,,0,0,,5.65,OK,7.09,OK,6.95,OK,7.1,OK,7.29,OK,7.39,OK,0,,0,,0.17,OK,7.48,OK,7.77,OK,7.7,OK,7.49,OK,7.52,OK,7.49,OK,0,,0,,0.18,OK,,,,,,,,,,,,,,,,,,,,,,,,,,,,,,,,,,,,,,,,,,,,,,
-30517-D1C,NEW KAPPA IN 1.0,CM1P6,2024-06-15 00:57:03,19.109,28.58,OK,20.75,20.59,OK,21.52,21.15,OK,22.39,21.99,OK,20.75,20.5,OK,21.15,21.13,OK,21.59,21.36,OK,0,0,,0,0,,0,0,,5.49,OK,7.28,OK,7.09,OK,7.16,OK,7.45,OK,7.53,OK,0,,0,,0.15,OK,8.31,OK,7.65,OK,7.52,OK,7.42,OK,7.51,OK,7.63,OK,0,,0,,0.17,OK,,,,,,,,,,,,,,,,,,,,,,,,,,,,,,,,,,,,,,,,,,,,,,
2406150090C,NEW KAPPA IN 1.0,CM2P1,2024-06-15 01:01:07,19.172,28.23,OK,24.15,23.62,OK,22.75,22.33,OK,22.73,22.38,OK,21.77,21.33,OK,21.28,21.14,OK,21.12,20.7,OK,0,0,,0,0,,0,0,,15.36,OK,15.36,OK,15.36,OK,15.36,OK,15.36,OK,15.36,OK,0,,0,,15.36,OK,15.36,OK,15.36,OK,15.36,OK,15.36,OK,15.36,OK,15.36,OK,0,,0,,15.36,OK,,,,,,,,,,,,,,,,,,,,,,,,,,,,,,,,,,,,,,,,,,,,,,
2406150091C,NEW KAPPA IN 1.0,CM3P5,2024-06-15 01:01:56,19.127,28.48,OK,25,24.12,OK,24.12,23.76,OK,26.43,25.77,OK,27.7,27,OK,28.62,28.56,OK,23.53,23.33,OK,0,0,,0,0,,0,0,,0,OK,0,OK,0,OK,0,OK,0,OK,0,OK,0,,0,,0,OK,0,OK,0,OK,0,OK,0,OK,0,OK,0,OK,0,,0,,0,OK,,,,,,,,,,,,,,,,,,,,,,,,,,,,,,,,,,,,,,,,,,,,,,
2406150092C,NEW KAPPA IN 1.0,CM4P8,2024-06-15 01:02:55,19.199,29.08,OK,23.33,22.83,OK,22.23,21.68,OK,24.08,23.42,OK,22.91,22.43,OK,23.13,22.94,OK,22.69,22.3,OK,0,0,,0,0,,0,0,,0,OK,0,OK,0,OK,0,OK,0,OK,0,OK,0,,0,,0,OK,0,OK,0,OK,0,OK,0,OK,0,OK,0,OK,0,,0,,0,OK,,,,,,,,,,,,,,,,,,,,,,,,,,,,,,,,,,,,,,,,,,,,,,
2406150093C,NEW KAPPA IN 1.0,C,2024-06-15 01:00:25,19.035,27.22,OK,23.33,22.83,OK,22.23,21.68,OK,24.08,23.42,OK,22.91,22.43,OK,23.13,22.94,OK,22.69,22.3,OK,0,0,,0,0,,0,0,,0,OK,0,OK,0,OK,0,OK,0,OK,0,OK,0,,0,,0,OK,0,OK,0,OK,0,OK,0,OK,0,OK,0,OK,0,,0,,0,OK,,,,,,,,,,,,,,,,,,,,,,,,,,,,,,,,,,,,,,,,,,,,,,
2406150094C,NEW KAPPA IN 1.0,CM2P2,2024-06-15 01:04:42,18.617,26.58,OK,23.5,22.92,OK,23.08,22.71,OK,21.89,21.49,OK,20.98,20.56,OK,20.89,20.77,OK,21.56,21.17,OK,0,0,,0,0,,0,0,,15.36,OK,15.36,OK,15.36,OK,15.36,OK,15.36,OK,15.36,OK,0,,0,,15.36,OK,15.36,OK,15.36,OK,15.36,OK,15.36,OK,15.36,OK,15.36,OK,0,,0,,15.36,OK,,,,,,,,,,,,,,,,,,,,,,,,,,,,,,,,,,,,,,,,,,,,,,
2406150095C,NEW KAPPA IN 1.0,CM3P4,2024-06-15 01:05:34,18.834,27.86,OK,23.56,22.56,OK,24.28,23.87,OK,26.59,25.93,OK,26.95,26.27,OK,28.24,28.24,OK,23.6,23.44,OK,0,0,,0,0,,0,0,,0,OK,0,OK,0,OK,0,OK,0,OK,0,OK,0,,0,,0,OK,0,OK,0,OK,0,OK,0,OK,0,OK,0,OK,0,,0,,0,OK,,,,,,,,,,,,,,,,,,,,,,,,,,,,,,,,,,,,,,,,,,,,,,
2406150096C,NEW KAPPA IN 1.0,CM4P3,2024-06-15 01:06:33,19.185,29.51,OK,23.4,22.72,OK,24.23,23.51,OK,26.61,26.02,OK,25.44,24.89,OK,24.83,24.67,OK,23.6,23,OK,0,0,,0,0,,0,0,,0,OK,0,OK,0,OK,0,OK,0,OK,0,OK,0,,0,,0,OK,0,OK,0,OK,0,OK,0,OK,0,OK,0,OK,0,,0,,0,OK,,,,,,,,,,,,,,,,,,,,,,,,,,,,,,,,,,,,,,,,,,,,,,
-30515-D1C,NEW KAPPA IN 1.0,CM1P6,2024-06-15 01:04:06,19.185,29.51,OK,21.1,20.8,OK,22.34,22.11,OK,21.85,21.34,OK,21.55,21.15,OK,21.83,21.83,OK,21.29,21.01,OK,0,0,,0,0,,0,0,,5.39,OK,6.84,OK,7.11,OK,7.13,OK,7.47,OK,7.85,OK,0,,0,,0.22,OK,7.7,OK,7.34,OK,7.28,OK,7.23,OK,7.91,OK,8.09,OK,0,,0,,0.26,OK,,,,,,,,,,,,,,,,,,,,,,,,,,,,,,,,,,,,,,,,,,,,,,
2406150097C,NEW KAPPA IN 1.0,C,2024-06-15 01:04:09,19.15,29.37,OK,21.1,20.8,OK,22.34,22.11,OK,21.85,21.34,OK,21.55,21.15,OK,21.83,21.83,OK,21.29,21.01,OK,0,0,,0,0,,0,0,,5.39,OK,6.84,OK,7.11,OK,7.13,OK,7.47,OK,7.85,OK,0,,0,,0.22,OK,7.7,OK,7.34,OK,7.28,OK,7.23,OK,7.91,OK,8.09,OK,0,,0,,0.26,OK,,,,,,,,,,,,,,,,,,,,,,,,,,,,,,,,,,,,,,,,,,,,,,
2406150098C,NEW KAPPA IN 1.0,CM2P1,2024-06-15 01:17:48,18.866,28.08,OK,23.31,22.68,OK,21.89,21.52,OK,22.61,22.19,OK,21.91,21.54,OK,21.38,21.31,OK,20.93,20.63,OK,0,0,,0,0,,0,0,,15.36,OK,15.36,OK,15.36,OK,15.36,OK,15.36,OK,15.36,OK,0,,0,,15.36,OK,15.36,OK,15.36,OK,15.36,OK,15.36,OK,15.36,OK,15.36,OK,0,,0,,15.36,OK,,,,,,,,,,,,,,,,,,,,,,,,,,,,,,,,,,,,,,,,,,,,,,
2406150099C,NEW KAPPA IN 1.0,CM3P5,2024-06-15 01:18:21,19.196,28.06,OK,24.26,23.6,OK,23.03,22.63,OK,24.57,24.21,OK,26.79,26.2,OK,26.88,26.79,OK,24.73,24.51,OK,0,0,,0,0,,0,0,,0,OK,0,OK,0,OK,0,OK,0,OK,0,OK,0,,0,,0,OK,0,OK,0,OK,0,OK,0,OK,0,OK,0,OK,0,,0,,0,OK,,,,,,,,,,,,,,,,,,,,,,,,,,,,,,,,,,,,,,,,,,,,,,
2406150100C,NEW KAPPA IN 1.0,CM4P8,2024-06-15 01:19:10,19.04,28.11,OK,23.38,22.67,OK,23.18,22.67,OK,24.28,23.55,OK,23.4,23,OK,22.83,22.56,OK,21.75,21.29,OK,0,0,,0,0,,0,0,,0,OK,0,OK,0,OK,0,OK,0,OK,0,OK,0,,0,,0,OK,0,OK,0,OK,0,OK,0,OK,0,OK,0,OK,0,,0,,0,OK,,,,,,,,,,,,,,,,,,,,,,,,,,,,,,,,,,,,,,,,,,,,,,
2406150101C,NEW KAPPA IN 1.0,C,2024-06-15 01:07:40,18.555,26.81,OK,23.38,22.67,OK,23.18,22.67,OK,24.28,23.55,OK,23.4,23,OK,22.83,22.56,OK,21.75,21.29,OK,0,0,,0,0,,0,0,,0,OK,0,OK,0,OK,0,OK,0,OK,0,OK,0,,0,,0,OK,0,OK,0,OK,0,OK,0,OK,0,OK,0,OK,0,,0,,0,OK,,,,,,,,,,,,,,,,,,,,,,,,,,,,,,,,,,,,,,,,,,,,,,
2406150102C,NEW KAPPA IN 1.0,CM2P2,2024-06-15 01:20:41,19.185,31.43,OK,23.43,22.82,OK,23.9,23.45,OK,23.48,22.99,OK,22.31,21.87,OK,22.08,21.91,OK,22.24,21.89,OK,0,0,,0,0,,0,0,,15.36,OK,15.36,OK,15.36,OK,15.36,OK,15.36,OK,15.36,OK,0,,0,,15.36,OK,15.36,OK,15.36,OK,15.36,OK,15.36,OK,15.36,OK,15.36,OK,0,,0,,15.36,OK,,,,,,,,,,,,,,,,,,,,,,,,,,,,,,,,,,,,,,,,,,,,,,
-30514-D1C,NEW KAPPA IN 1.0,CM1P9,2024-06-15 01:12:59,19.185,31.43,OK,19.38,19.31,OK,21.57,21.45,OK,22.15,21.59,OK,22.11,21.97,OK,22.32,22.29,OK,20.78,20.54,OK,0,0,,0,0,,0,0,,5.52,OK,7.04,OK,7.3,OK,7.39,OK,8.01,OK,7.43,OK,0,,0,,0.24,OK,7.73,OK,7.4,OK,7.56,OK,8.13,OK,8.27,OK,8.02,OK,0,,0,,0.16,OK,,,,,,,,,,,,,,,,,,,,,,,,,,,,,,,,,,,,,,,,,,,,,,
2406150103C,NEW KAPPA IN 1.0,CM3P4,2024-06-15 01:21:17,19.133,31.32,OK,24.32,23.49,OK,24.08,23.71,OK,25.86,25.07,OK,25.68,25,OK,27.97,27.92,OK,23.76,23.56,OK,0,0,,0,0,,0,0,,0,OK,0,OK,0,OK,0,OK,0,OK,0,OK,0,,0,,0,OK,0,OK,0,OK,0,OK,0,OK,0,OK,0,OK,0,,0,,0,OK,,,,,,,,,,,,,,,,,,,,,,,,,,,,,,,,,,,,,,,,,,,,,,
2406150104C,NEW KAPPA IN 1.0,CM4P3,2024-06-15 01:22:06,19.181,31.8,OK,22.87,22.03,OK,24.87,24.12,OK,25.51,25.07,OK,24.26,23.55,OK,24.41,24.28,OK,23.9,23.51,OK,0,0,,0,0,,0,0,,0,OK,0,OK,0,OK,0,OK,0,OK,0,OK,0,,0,,0,OK,0,OK,0,OK,0,OK,0,OK,0,OK,0,OK,0,,0,,0,OK,,,,,,,,,,,,,,,,,,,,,,,,,,,,,,,,,,,,,,,,,,,,,,
2406150105C,NEW KAPPA IN 1.0,CM1P9,2024-06-15 01:28:22,19.17,31.77,OK,20.54,20.45,OK,22.53,22.41,OK,22.53,21.83,OK,21.76,21.57,OK,21.17,21.13,OK,22.01,21.59,OK,0,0,,0,0,,0,0,,5.61,OK,6.96,OK,7.19,OK,7.3,OK,7.75,OK,8.05,OK,0,,0,,0.16,OK,7.92,OK,7.45,OK,7.41,OK,7.57,OK,8.56,OK,8.3,OK,0,,0,,0.19,OK,,,,,,,,,,,,,,,,,,,,,,,,,,,,,,,,,,,,,,,,,,,,,,
-30513-D1C,NEW KAPPA IN 1.0,CM1P6,2024-06-15 01:20:14,19.17,31.77,OK,20.75,20.47,OK,21.5,21.24,OK,21.38,21.13,OK,21.62,21.55,OK,21.01,20.82,OK,21.38,21.06,OK,0,0,,0,0,,0,0,,5.52,OK,6.96,OK,7.18,OK,7.3,OK,7.67,OK,7.89,OK,0,,0,,0.16,OK,7.72,OK,7.53,OK,7.41,OK,7.39,OK,7.43,OK,8.6,OK,0,,0,,0.22,OK,,,,,,,,,,,,,,,,,,,,,,,,,,,,,,,,,,,,,,,,,,,,,,
2406150106C,NEW KAPPA IN 1.0,CM2P1,2024-06-15 01:31:40,18.951,30.28,OK,24.71,23.99,OK,22.43,22.05,OK,20.47,20.12,OK,22.33,21.94,OK,21.82,21.7,OK,21.98,21.75,OK,0,0,,0,0,,0,0,,15.36,OK,15.36,OK,15.36,OK,15.36,OK,15.36,OK,15.36,OK,0,,0,,15.36,OK,15.36,OK,15.36,OK,15.36,OK,15.36,OK,15.36,OK,15.36,OK,0,,0,,15.36,OK,,,,,,,,,,,,,,,,,,,,,,,,,,,,,,,,,,,,,,,,,,,,,,
2406150107C,NEW KAPPA IN 1.0,CM3P5,2024-06-15 01:32:13,19.183,31.65,OK,24.87,24.21,OK,23.33,23.01,OK,26.32,25.55,OK,27.31,26.63,OK,28.06,28.04,OK,24.12,23.94,OK,0,0,,0,0,,0,0,,0,OK,0,OK,0,OK,0,OK,0,OK,0,OK,0,,0,,0,OK,0,OK,0,OK,0,OK,0,OK,0,OK,0,OK,0,,0,,0,OK,,,,,,,,,,,,,,,,,,,,,,,,,,,,,,,,,,,,,,,,,,,,,,
2406150108C,NEW KAPPA IN 1.0,CM4P8,2024-06-15 01:32:59,18.922,28.96,OK,22.34,21.64,OK,24.01,23.44,OK,25.09,24.65,OK,23.49,22.87,OK,23.13,22.94,OK,23.68,23.18,OK,0,0,,0,0,,0,0,,0,OK,0,OK,0,OK,0,OK,0,OK,0,OK,0,,0,,0,OK,0,OK,0,OK,0,OK,0,OK,0,OK,0,OK,0,,0,,0,OK,,,,,,,,,,,,,,,,,,,,,,,,,,,,,,,,,,,,,,,,,,,,,,
2406150109C,NEW KAPPA IN 1.0,CM1P6,2024-06-15 01:34:03,18.922,28.8,OK,21.52,21.1,OK,22.64,22.36,OK,22.18,21.87,OK,21.01,20.73,OK,20.61,20.52,OK,21.01,20.85,OK,0,0,,0,0,,0,0,,5.68,OK,6.98,OK,7.38,OK,6.98,OK,7.33,OK,7.34,OK,0,,0,,0.14,OK,7.56,OK,7.45,OK,8.12,OK,7.79,OK,7.77,OK,7.74,OK,0,,0,,0.23,OK,,,,,,,,,,,,,,,,,,,,,,,,,,,,,,,,,,,,,,,,,,,,,,
2406150110C,NEW KAPPA IN 1.0,CM2P2,2024-06-15 01:34:33,19.171,31.26,OK,24.97,24.48,OK,22.45,22.03,OK,23.71,23.34,OK,23.29,22.85,OK,21.17,21.03,OK,21.17,20.75,OK,0,0,,0,0,,0,0,,15.36,OK,15.36,OK,15.36,OK,15.36,OK,15.36,OK,15.36,OK,0,,0,,15.36,OK,15.36,OK,15.36,OK,15.36,OK,15.36,OK,15.36,OK,15.36,OK,0,,0,,15.36,OK,,,,,,,,,,,,,,,,,,,,,,,,,,,,,,,,,,,,,,,,,,,,,,
2406150111C,NEW KAPPA IN 1.0,CM3P4,2024-06-15 01:35:05,18.876,28.32,OK,23.31,22.63,OK,22.97,22.72,OK,24.26,23.71,OK,26.95,26.14,OK,26.5,26.45,OK,24.37,24.1,OK,0,0,,0,0,,0,0,,0,OK,0,OK,0,OK,0,OK,0,OK,0,OK,0,,0,,0,OK,0,OK,0,OK,0,OK,0,OK,0,OK,0,OK,0,,0,,0,OK,,,,,,,,,,,,,,,,,,,,,,,,,,,,,,,,,,,,,,,,,,,,,,
2406150112C,NEW KAPPA IN 1.0,CM4P3,2024-06-15 01:36:01,18.923,29.78,OK,24.15,23.51,OK,25.25,24.65,OK,27.75,27.23,OK,24.63,24.23,OK,24.3,24.15,OK,22.78,22.3,OK,0,0,,0,0,,0,0,,0,OK,0,OK,0,OK,0,OK,0,OK,0,OK,0,,0,,0,OK,0,OK,0,OK,0,OK,0,OK,0,OK,0,OK,0,,0,,0,OK,,,,,,,,,,,,,,,,,,,,,,,,,,,,,,,,,,,,,,,,,,,,,,
2406150113C,NEW KAPPA IN 1.0,CM1P9,2024-06-15 01:37:12,19.198,31.36,OK,21.01,20.82,OK,21.87,21.62,OK,21.5,21.1,OK,21.9,21.57,OK,21.64,21.55,OK,21.71,21.45,OK,0,0,,0,0,,0,0,,5.49,OK,6.72,OK,7.12,OK,7.6,OK,7.11,OK,7.11,OK,0,,0,,0.26,OK,7.37,OK,7.14,OK,7.94,OK,7.77,OK,7.74,OK,7.48,OK,0,,0,,0.19,OK,,,,,,,,,,,,,,,,,,,,,,,,,,,,,,,,,,,,,,,,,,,,,,
2406150114C,NEW KAPPA IN 1.0,CM2P1,2024-06-15 01:37:35,19.198,31.36,OK,22.03,21.38,OK,22.57,22.1,OK,23.31,22.99,OK,22.38,21.96,OK,21.45,21.33,OK,21.03,20.7,OK,0,0,,0,0,,0,0,,15.36,OK,15.36,OK,15.36,OK,15.36,OK,15.36,OK,15.36,OK,0,,0,,15.36,OK,15.36,OK,15.36,OK,15.36,OK,15.36,OK,15.36,OK,15.36,OK,0,,0,,15.36,OK,,,,,,,,,,,,,,,,,,,,,,,,,,,,,,,,,,,,,,,,,,,,,,
2406150115C,NEW KAPPA IN 1.0,CM3P5,2024-06-15 01:38:14,18.759,28.37,OK,24.57,23.85,OK,24.73,24.48,OK,26.79,26.29,OK,27.38,26.86,OK,27.54,27.54,OK,25.23,25.07,OK,0,0,,0,0,,0,0,,0,OK,0,OK,0,OK,0,OK,0,OK,0,OK,0,,0,,0,OK,0,OK,0,OK,0,OK,0,OK,0,OK,0,OK,0,,0,,0,OK,,,,,,,,,,,,,,,,,,,,,,,,,,,,,,,,,,,,,,,,,,,,,,
2406150116C,NEW KAPPA IN 1.0,CM4P8,2024-06-15 01:39:00,19.089,29.82,OK,23.51,22.96,OK,21.73,21.13,OK,26.08,25.36,OK,22.5,22.08,OK,23.24,23.09,OK,23.82,23.46,OK,0,0,,0,0,,0,0,,0,OK,0,OK,0,OK,0,OK,0,OK,0,OK,0,,0,,0,OK,0,OK,0,OK,0,OK,0,OK,0,OK,0,OK,0,,0,,0,OK,,,,,,,,,,,,,,,,,,,,,,,,,,,,,,,,,,,,,,,,,,,,,,
2406150117C,NEW KAPPA IN 1.0,CM1P6,2024-06-15 01:40:23,19.18,30.73,OK,21.69,21.45,OK,22.92,22.62,OK,22.22,21.97,OK,22.95,22.62,OK,20.43,20.43,OK,20.78,20.47,OK,0,0,,0,0,,0,0,,5.69,OK,6.97,OK,7.31,OK,7.77,OK,7.34,OK,7.28,OK,0,,0,,0.21,OK,7.51,OK,7.31,OK,7.45,OK,8.11,OK,8.02,OK,7.72,OK,0,,0,,0.19,OK,,,,,,,,,,,,,,,,,,,,,,,,,,,,,,,,,,,,,,,,,,,,,,
2406150118C,NEW KAPPA IN 1.0,CM2P2,2024-06-15 01:40:46,19.193,30.62,OK,22.24,21.63,OK,23.06,22.66,OK,23.34,22.94,OK,22.08,21.7,OK,22.24,22.08,OK,21.05,20.63,OK,0,0,,0,0,,0,0,,15.36,OK,15.36,OK,15.36,OK,15.36,OK,15.36,OK,15.36,OK,0,,0,,15.36,OK,15.36,OK,15.36,OK,15.36,OK,15.36,OK,15.36,OK,15.36,OK,0,,0,,15.36,OK,,,,,,,,,,,,,,,,,,,,,,,,,,,,,,,,,,,,,,,,,,,,,,
2406150119C,NEW KAPPA IN 1.0,CM3P4,2024-06-15 01:41:19,19.181,30.65,OK,24.94,24.1,OK,22.88,22.6,OK,25.32,24.73,OK,26.97,26.34,OK,26.81,26.81,OK,24.26,23.99,OK,0,0,,0,0,,0,0,,0,OK,0,OK,0,OK,0,OK,0,OK,0,OK,0,,0,,0,OK,0,OK,0,OK,0,OK,0,OK,0,OK,0,OK,0,,0,,0,OK,,,,,,,,,,,,,,,,,,,,,,,,,,,,,,,,,,,,,,,,,,,,,,
2406150120C,NEW KAPPA IN 1.0,CM4P3,2024-06-15 01:42:08,18.986,28.93,OK,23.79,23.29,OK,24.39,23.73,OK,23.49,22.91,OK,24.61,24.23,OK,23.62,23.53,OK,22.96,22.54,OK,0,0,,0,0,,0,0,,0,OK,0,OK,0,OK,0,OK,0,OK,0,OK,0,,0,,0,OK,0,OK,0,OK,0,OK,0,OK,0,OK,0,OK,0,,0,,0,OK,,,,,,,,,,,,,,,,,,,,,,,,,,,,,,,,,,,,,,,,,,,,,,
2406150121C,NEW KAPPA IN 1.0,CM1P9,2024-06-15 01:43:32,19.159,30.7,OK,21.15,21.01,OK,21.97,21.69,OK,21.38,20.96,OK,22.06,21.73,OK,19.98,19.91,OK,21.41,21.17,OK,0,0,,0,0,,0,0,,5.55,OK,6.84,OK,7.09,OK,7.26,OK,7.22,OK,7.26,OK,0,,0,,0.25,OK,7.46,OK,7.11,OK,7.25,OK,8.32,OK,7.97,OK,7.71,OK,0,,0,,0.17,OK,,,,,,,,,,,,,,,,,,,,,,,,,,,,,,,,,,,,,,,,,,,,,,
2406150122C,NEW KAPPA IN 1.0,CM2P1,2024-06-15 01:43:55,19.198,31.42,OK,23.41,22.87,OK,22.54,22.19,OK,21.56,21.31,OK,21.75,21.35,OK,21.45,21.31,OK,21.52,21.12,OK,0,0,,0,0,,0,0,,15.36,OK,15.36,OK,15.36,OK,15.36,OK,15.36,OK,15.36,OK,0,,0,,15.36,OK,15.36,OK,15.36,OK,15.36,OK,15.36,OK,15.36,OK,15.36,OK,0,,0,,15.36,OK,,,,,,,,,,,,,,,,,,,,,,,,,,,,,,,,,,,,,,,,,,,,,,
2406150123C,NEW KAPPA IN 1.0,CM3P5,2024-06-15 01:44:37,19.013,29.35,OK,23.71,23.08,OK,23.17,22.79,OK,25.89,25.18,OK,27.06,26.41,OK,26.04,26.02,OK,24.37,24.19,OK,0,0,,0,0,,0,0,,0,OK,0,OK,0,OK,0,OK,0,OK,0,OK,0,,0,,0,OK,0,OK,0,OK,0,OK,0,OK,0,OK,0,OK,0,,0,,0,OK,,,,,,,,,,,,,,,,,,,,,,,,,,,,,,,,,,,,,,,,,,,,,,
2406150124C,NEW KAPPA IN 1.0,CM4P8,2024-06-15 01:45:30,18.924,28.7,OK,23,22.34,OK,24.63,23.9,OK,24.34,23.99,OK,23.42,22.96,OK,24.43,24.37,OK,22.72,22.25,OK,0,0,,0,0,,0,0,,0,OK,0,OK,0,OK,0,OK,0,OK,0,OK,0,,0,,0,OK,0,OK,0,OK,0,OK,0,OK,0,OK,0,OK,0,,0,,0,OK,,,,,,,,,,,,,,,,,,,,,,,,,,,,,,,,,,,,,,,,,,,,,,
2406150125C,NEW KAPPA IN 1.0,CM1P6,2024-06-15 01:46:44,19.055,29.68,OK,22.15,21.97,OK,22.27,21.87,OK,23.41,23.06,OK,22.48,22.08,OK,21.01,20.94,OK,21.34,21.1,OK,0,0,,0,0,,0,0,,5.57,OK,6.86,OK,7.2,OK,7.47,OK,7.21,OK,7.14,OK,0,,0,,0.25,OK,7.51,OK,7.17,OK,7.32,OK,7.94,OK,7.79,OK,7.62,OK,0,,0,,0.17,OK,,,,,,,,,,,,,,,,,,,,,,,,,,,,,,,,,,,,,,,,,,,,,,
2406150126C,NEW KAPPA IN 1.0,CM2P2,2024-06-15 01:47:10,19.067,29.51,OK,23.38,22.85,OK,23.29,22.87,OK,22.45,22.03,OK,23.34,22.87,OK,22.24,22.12,OK,21.21,20.77,OK,0,0,,0,0,,0,0,,15.36,OK,15.36,OK,15.36,OK,15.36,OK,15.36,OK,15.36,OK,0,,0,,15.36,OK,15.36,OK,15.36,OK,15.36,OK,15.36,OK,15.36,OK,15.36,OK,0,,0,,15.36,OK,,,,,,,,,,,,,,,,,,,,,,,,,,,,,,,,,,,,,,,,,,,,,,
2406150127C,NEW KAPPA IN 1.0,CM3P4,2024-06-15 01:47:56,19.011,30.01,OK,25.73,25,OK,24.64,24.3,OK,26.63,26.04,OK,28.72,27.9,OK,28.17,28.13,OK,25.41,25.23,OK,0,0,,0,0,,0,0,,0,OK,0,OK,0,OK,0,OK,0,OK,0,OK,0,,0,,0,OK,0,OK,0,OK,0,OK,0,OK,0,OK,0,OK,0,,0,,0,OK,,,,,,,,,,,,,,,,,,,,,,,,,,,,,,,,,,,,,,,,,,,,,,
2406150128C,NEW KAPPA IN 1.0,CM4P3,2024-06-15 01:48:41,18.954,28.52,OK,22.41,21.59,OK,23.31,22.61,OK,23.97,23.53,OK,24.52,24.12,OK,23.02,22.74,OK,21.07,20.58,OK,0,0,,0,0,,0,0,,0,OK,0,OK,0,OK,0,OK,0,OK,0,OK,0,,0,,0,OK,0,OK,0,OK,0,OK,0,OK,0,OK,0,OK,0,,0,,0,OK,,,,,,,,,,,,,,,,,,,,,,,,,,,,,,,,,,,,,,,,,,,,,,
2406150129C,NEW KAPPA IN 1.0,C,2024-06-15 01:46:21,19.194,30.55,OK,22.41,21.59,OK,23.31,22.61,OK,23.97,23.53,OK,24.52,24.12,OK,23.02,22.74,OK,21.07,20.58,OK,0,0,,0,0,,0,0,,0,OK,0,OK,0,OK,0,OK,0,OK,0,OK,0,,0,,0,OK,0,OK,0,OK,0,OK,0,OK,0,OK,0,OK,0,,0,,0,OK,,,,,,,,,,,,,,,,,,,,,,,,,,,,,,,,,,,,,,,,,,,,,,
2406150130C,NEW KAPPA IN 1.0,CM2P1,2024-06-15 01:50:22,19.105,28.4,OK,23.62,22.87,OK,22.54,21.98,OK,22.61,22.33,OK,23.2,22.82,OK,21.49,21.38,OK,22.47,22.24,OK,0,0,,0,0,,0,0,,15.36,OK,15.36,OK,15.36,OK,15.36,OK,15.36,OK,15.36,OK,0,,0,,15.36,OK,15.36,OK,15.36,OK,15.36,OK,15.36,OK,15.36,OK,15.36,OK,0,,0,,15.36,OK,,,,,,,,,,,,,,,,,,,,,,,,,,,,,,,,,,,,,,,,,,,,,,
2406150131C,NEW KAPPA IN 1.0,CM3P5,2024-06-15 01:51:04,19.181,28.3,OK,24.26,23.44,OK,24.26,23.87,OK,27.29,26.57,OK,28.74,28.01,OK,28.67,28.62,OK,25.59,25.37,OK,0,0,,0,0,,0,0,,0,OK,0,OK,0,OK,0,OK,0,OK,0,OK,0,,0,,0,OK,0,OK,0,OK,0,OK,0,OK,0,OK,0,OK,0,,0,,0,OK,,,,,,,,,,,,,,,,,,,,,,,,,,,,,,,,,,,,,,,,,,,,,,
2406150132C,NEW KAPPA IN 1.0,CM4P8,2024-06-15 01:51:56,19.149,28.07,OK,22.34,21.88,OK,24.04,23.42,OK,24.28,23.75,OK,25.47,25.09,OK,23.35,23.18,OK,22.98,22.56,OK,0,0,,0,0,,0,0,,0,OK,0,OK,0,OK,0,OK,0,OK,0,OK,0,,0,,0,OK,0,OK,0,OK,0,OK,0,OK,0,OK,0,OK,0,,0,,0,OK,,,,,,,,,,,,,,,,,,,,,,,,,,,,,,,,,,,,,,,,,,,,,,
2406150133C,NEW KAPPA IN 1.0,CM1P6,2024-06-15 01:53:04,19.151,27.78,OK,20.03,19.82,OK,22.81,22.5,OK,21.9,21.57,OK,21.43,21.24,OK,21.08,21.03,OK,21.45,21.24,OK,0,0,,0,0,,0,0,,5.68,OK,7.13,OK,7.43,OK,7.24,OK,7.36,OK,7.47,OK,0,,0,,0.18,OK,7.41,OK,7.32,OK,8.13,OK,7.8,OK,7.65,OK,7.57,OK,0,,0,,0.17,OK,,,,,,,,,,,,,,,,,,,,,,,,,,,,,,,,,,,,,,,,,,,,,,
-30506-D1C,NEW KAPPA IN 1.0,CM1P9,2024-06-15 01:49:55,19.151,27.78,OK,19.56,19.49,OK,22.2,21.99,OK,23.13,22.74,OK,21.64,21.48,OK,21.1,21.01,OK,21.36,21.1,OK,0,0,,0,0,,0,0,,5.73,OK,7.06,OK,7.41,OK,7.57,OK,7.43,OK,7.48,OK,0,,0,,0.17,OK,7.65,OK,7.45,OK,8.61,OK,7.96,OK,7.96,OK,7.77,OK,0,,0,,0.16,OK,,,,,,,,,,,,,,,,,,,,,,,,,,,,,,,,,,,,,,,,,,,,,,
2406150134C,NEW KAPPA IN 1.0,CM2P2,2024-06-15 01:53:30,19.187,32.88,OK,24.6,24.01,OK,24.27,23.8,OK,23.41,22.94,OK,23.59,23.13,OK,23.52,23.36,OK,21.75,21.35,OK,0,0,,0,0,,0,0,,15.36,OK,15.36,OK,15.36,OK,15.36,OK,15.36,OK,15.36,OK,0,,0,,15.36,OK,15.36,OK,15.36,OK,15.36,OK,15.36,OK,15.36,OK,15.36,OK,0,,0,,15.36,OK,,,,,,,,,,,,,,,,,,,,,,,,,,,,,,,,,,,,,,,,,,,,,,
2406150135C,NEW KAPPA IN 1.0,CM3P4,2024-06-15 01:54:06,19.17,33.61,OK,25.93,25.28,OK,26.16,25.75,OK,27.13,26.32,OK,27.81,27.2,OK,29.39,29.26,OK,25.64,25.43,OK,0,0,,0,0,,0,0,,0,OK,0,OK,0,OK,0,OK,0,OK,0,OK,0,,0,,0,OK,0,OK,0,OK,0,OK,0,OK,0,OK,0,OK,0,,0,,0,OK,,,,,,,,,,,,,,,,,,,,,,,,,,,,,,,,,,,,,,,,,,,,,,
2406150136C,NEW KAPPA IN 1.0,CM4P3,2024-06-15 01:55:02,19.033,27.46,OK,23.16,22.3,OK,26.57,25.8,OK,26.35,26.04,OK,25.33,24.81,OK,25.18,25.05,OK,24.21,23.68,OK,0,0,,0,0,,0,0,,0,OK,0,OK,0,OK,0,OK,0,OK,0,OK,0,,0,,0,OK,0,OK,0,OK,0,OK,0,OK,0,OK,0,OK,0,,0,,0,OK,,,,,,,,,,,,,,,,,,,,,,,,,,,,,,,,,,,,,,,,,,,,,,
2406150137C,NEW KAPPA IN 1.0,CM1P9,2024-06-15 01:56:16,18.98,28.78,OK,21.29,21.06,OK,22.34,22.11,OK,23.39,22.78,OK,22.39,22.2,OK,20.08,20.01,OK,21.73,21.52,OK,0,0,,0,0,,0,0,,5.79,OK,7.13,OK,7.88,OK,7.2,OK,7.47,OK,7.46,OK,0,,0,,0.2,OK,7.57,OK,7.96,OK,7.93,OK,7.75,OK,7.6,OK,7.59,OK,0,,0,,0.22,OK,,,,,,,,,,,,,,,,,,,,,,,,,,,,,,,,,,,,,,,,,,,,,,
2406150138C,NEW KAPPA IN 1.0,CM2P1,2024-06-15 01:56:39,19.011,28.17,OK,24.18,23.62,OK,22.64,22.22,OK,23.08,22.68,OK,23.2,22.89,OK,21.73,21.56,OK,21.35,20.91,OK,0,0,,0,0,,0,0,,15.36,OK,15.36,OK,15.36,OK,15.36,OK,15.36,OK,15.36,OK,0,,0,,15.36,OK,15.36,OK,15.36,OK,15.36,OK,15.36,OK,15.36,OK,15.36,OK,0,,0,,15.36,OK,,,,,,,,,,,,,,,,,,,,,,,,,,,,,,,,,,,,,,,,,,,,,,
2406150139C,NEW KAPPA IN 1.0,CM3P5,2024-06-15 01:57:24,19.138,27.35,OK,24.51,23.74,OK,23.67,23.35,OK,27.38,26.75,OK,27.27,26.47,OK,28.08,28.04,OK,25.3,25.16,OK,0,0,,0,0,,0,0,,0,OK,0,OK,0,OK,0,OK,0,OK,0,OK,0,,0,,0,OK,0,OK,0,OK,0,OK,0,OK,0,OK,0,OK,0,,0,,0,OK,,,,,,,,,,,,,,,,,,,,,,,,,,,,,,,,,,,,,,,,,,,,,,
2406150140C,NEW KAPPA IN 1.0,CM4P8,2024-06-15 01:58:20,19,28.11,OK,24.56,23.86,OK,24.65,24.1,OK,25.44,24.85,OK,25,24.52,OK,25.11,25.05,OK,22.58,21.97,OK,0,0,,0,0,,0,0,,0,OK,0,OK,0,OK,0,OK,0,OK,0,OK,0,,0,,0,OK,0,OK,0,OK,0,OK,0,OK,0,OK,0,OK,0,,0,,0,OK,,,,,,,,,,,,,,,,,,,,,,,,,,,,,,,,,,,,,,,,,,,,,,
2406150141C,NEW KAPPA IN 1.0,CM1P6,2024-06-15 01:59:24,19.114,28.4,OK,21.92,21.73,OK,22.57,22.32,OK,23.37,22.9,OK,22.2,22.01,OK,21.29,21.17,OK,22.27,22.04,OK,0,0,,0,0,,0,0,,6.02,OK,7.16,OK,7.23,OK,7.25,OK,7.42,OK,7.6,OK,0,,0,,0.16,OK,7.56,OK,7.94,OK,7.72,OK,7.54,OK,7.65,OK,7.59,OK,0,,0,,0.26,OK,,,,,,,,,,,,,,,,,,,,,,,,,,,,,,,,,,,,,,,,,,,,,,
2406150142C,NEW KAPPA IN 1.0,CM2P2,2024-06-15 01:59:50,19.193,33.07,OK,24.2,23.64,OK,23.27,22.85,OK,21.61,21.17,OK,23.57,23.1,OK,20.3,20.16,OK,21.84,21.4,OK,0,0,,0,0,,0,0,,15.36,OK,15.36,OK,15.36,OK,15.36,OK,15.36,OK,15.36,OK,0,,0,,15.36,OK,15.36,OK,15.36,OK,15.36,OK,15.36,OK,15.36,OK,15.36,OK,0,,0,,15.36,OK,,,,,,,,,,,,,,,,,,,,,,,,,,,,,,,,,,,,,,,,,,,,,,
2406150143C,NEW KAPPA IN 1.0,CM3P4,2024-06-15 02:00:23,19.096,32.16,OK,27.24,26.66,OK,22.65,22.33,OK,26.86,26.16,OK,27.83,27.02,OK,27.9,27.88,OK,23.94,23.58,OK,0,0,,0,0,,0,0,,0,OK,0,OK,0,OK,0,OK,0,OK,0,OK,0,,0,,0,OK,0,OK,0,OK,0,OK,0,OK,0,OK,0,OK,0,,0,,0,OK,,,,,,,,,,,,,,,,,,,,,,,,,,,,,,,,,,,,,,,,,,,,,,
2406150144C,NEW KAPPA IN 1.0,CM4P3,2024-06-15 02:01:12,19.169,28.11,OK,24.01,23.38,OK,24.41,23.75,OK,26.48,26.06,OK,24.12,23.62,OK,25.16,25.05,OK,23.64,23.31,OK,0,0,,0,0,,0,0,,0,OK,0,OK,0,OK,0,OK,0,OK,0,OK,0,,0,,0,OK,0,OK,0,OK,0,OK,0,OK,0,OK,0,OK,0,,0,,0,OK,,,,,,,,,,,,,,,,,,,,,,,,,,,,,,,,,,,,,,,,,,,,,,
2406150145C,NEW KAPPA IN 1.0,CM1P9,2024-06-15 02:02:36,19.119,28.3,OK,21.29,21.1,OK,22.25,21.99,OK,22.67,22.39,OK,21.34,21.1,OK,22.85,22.76,OK,21.01,20.87,OK,0,0,,0,0,,0,0,,5.6,OK,7.42,OK,7.15,OK,7.19,OK,7.49,OK,7.47,OK,0,,0,,0.13,OK,7.5,OK,7.63,OK,7.52,OK,7.52,OK,7.66,OK,7.46,OK,0,,0,,0.23,OK,,,,,,,,,,,,,,,,,,,,,,,,,,,,,,,,,,,,,,,,,,,,,,
2406150146C,NEW KAPPA IN 1.0,CM1P1,2024-06-15 02:09:55,19.199,28.97,OK,22.62,22.41,OK,21.73,21.55,OK,22.27,21.99,OK,22.32,22.01,OK,21.8,21.76,OK,22.64,22.34,OK,0,0,,0,0,,0,0,,5.43,OK,6.77,OK,7,OK,7.09,OK,7.32,OK,7.46,OK,0,,0,,0.16,OK,8.02,OK,7.4,OK,7.23,OK,7.27,OK,7.51,OK,7.33,OK,0,,0,,0.23,OK,,,,,,,,,,,,,,,,,,,,,,,,,,,,,,,,,,,,,,,,,,,,,,
2406150147C,NEW KAPPA IN 1.0,CM1P5,2024-06-15 02:14:31,19.141,27.91,OK,21.71,21.52,OK,24.56,24.25,OK,23.95,23.32,OK,22.99,22.55,OK,21.48,21.36,OK,21.27,21.06,OK,0,0,,0,0,,0,0,,5.71,OK,7.06,OK,7.32,OK,7.96,OK,7.42,OK,7.39,OK,0,,0,,0.25,OK,7.7,OK,7.48,OK,7.73,OK,8.19,OK,8.02,OK,7.86,OK,0,,0,,0.18,OK,,,,,,,,,,,,,,,,,,,,,,,,,,,,,,,,,,,,,,,,,,,,,,
2406150148C,NEW KAPPA IN 1.0,CM2P8,2024-06-15 02:14:57,19.183,28.91,OK,25.72,25.3,OK,21.77,21.42,OK,22.96,22.64,OK,21.68,21.31,OK,21.1,20.98,OK,19.56,19.18,OK,0,0,,0,0,,0,0,,15.36,OK,15.36,OK,15.36,OK,15.36,OK,15.36,OK,15.36,OK,0,,0,,15.36,OK,15.36,OK,15.36,OK,15.36,OK,15.36,OK,15.36,OK,15.36,OK,0,,0,,15.36,OK,,,,,,,,,,,,,,,,,,,,,,,,,,,,,,,,,,,,,,,,,,,,,,
2406150149C,NEW KAPPA IN 1.0,CM3P6,2024-06-15 02:15:40,19.19,27.81,OK,24.19,23.56,OK,25.23,24.82,OK,27.67,26.9,OK,27.95,27.33,OK,28.42,28.38,OK,25.77,25.64,OK,0,0,,0,0,,0,0,,0,OK,0,OK,0,OK,0,OK,0,OK,0,OK,0,,0,,0,OK,0,OK,0,OK,0,OK,0,OK,0,OK,0,OK,0,,0,,0,OK,,,,,,,,,,,,,,,,,,,,,,,,,,,,,,,,,,,,,,,,,,,,,,
2406150150C,NEW KAPPA IN 1.0,CM4P9,2024-06-15 02:16:32,19.112,27.92,OK,24.48,23.64,OK,25.71,25.18,OK,26.43,26.02,OK,26.13,25.64,OK,24.5,24.45,OK,22.94,22.41,OK,0,0,,0,0,,0,0,,0,OK,0,OK,0,OK,0,OK,0,OK,0,OK,0,,0,,0,OK,0,OK,0,OK,0,OK,0,OK,0,OK,0,OK,0,,0,,0,OK,,,,,,,,,,,,,,,,,,,,,,,,,,,,,,,,,,,,,,,,,,,,,,
2406150151C,NEW KAPPA IN 1.0,CM1P1,2024-06-15 02:17:43,18.975,28.76,OK,21.15,20.94,OK,22.62,22.41,OK,23.34,22.97,OK,22.2,21.87,OK,22.69,22.64,OK,21.34,21.06,OK,0,0,,0,0,,0,0,,5.67,OK,7.01,OK,7.37,OK,7.86,OK,7.33,OK,7.36,OK,0,,0,,0.24,OK,7.61,OK,7.38,OK,8.3,OK,7.96,OK,7.87,OK,7.57,OK,0,,0,,0.23,OK,,,,,,,,,,,,,,,,,,,,,,,,,,,,,,,,,,,,,,,,,,,,,,
2406150152C,NEW KAPPA IN 1.0,CM2P2,2024-06-15 02:18:06,19.169,27.9,OK,23.38,22.73,OK,24.67,24.29,OK,21.47,21.21,OK,23.5,22.96,OK,20.96,20.75,OK,21.07,20.68,OK,0,0,,0,0,,0,0,,15.36,OK,15.36,OK,15.36,OK,15.36,OK,15.36,OK,15.36,OK,0,,0,,15.36,OK,15.36,OK,15.36,OK,15.36,OK,15.36,OK,15.36,OK,15.36,OK,0,,0,,15.36,OK,,,,,,,,,,,,,,,,,,,,,,,,,,,,,,,,,,,,,,,,,,,,,,
2406150153C,NEW KAPPA IN 1.0,CM3P4,2024-06-15 02:18:48,19.184,32.73,OK,27.31,26.72,OK,25.09,24.73,OK,26.84,26.18,OK,28.24,27.65,OK,27.61,27.54,OK,25.41,25.23,OK,0,0,,0,0,,0,0,,0,OK,0,OK,0,OK,0,OK,0,OK,0,OK,0,,0,,0,OK,0,OK,0,OK,0,OK,0,OK,0,OK,0,OK,0,,0,,0,OK,,,,,,,,,,,,,,,,,,,,,,,,,,,,,,,,,,,,,,,,,,,,,,
2406150154C,NEW KAPPA IN 1.0,CM4P3,2024-06-15 02:19:40,19.191,28.83,OK,24.7,23.99,OK,24.63,23.99,OK,24.52,23.79,OK,21.68,21.31,OK,23.75,23.64,OK,22.41,22.03,OK,0,0,,0,0,,0,0,,0,OK,0,OK,0,OK,0,OK,0,OK,0,OK,0,,0,,0,OK,0,OK,0,OK,0,OK,0,OK,0,OK,0,OK,0,,0,,0,OK,,,,,,,,,,,,,,,,,,,,,,,,,,,,,,,,,,,,,,,,,,,,,,
2406150155C,NEW KAPPA IN 1.0,CM1P5,2024-06-15 02:20:54,19.089,32.6,OK,21.38,21.17,OK,23.55,23.25,OK,24.23,23.83,OK,22.62,22.32,OK,21.06,21.06,OK,22.18,21.85,OK,0,0,,0,0,,0,0,,5.67,OK,6.96,OK,7.39,OK,7.62,OK,7.34,OK,7.32,OK,0,,0,,0.17,OK,7.55,OK,7.32,OK,8.56,OK,7.94,OK,7.85,OK,7.72,OK,0,,0,,0.2,OK,,,,,,,,,,,,,,,,,,,,,,,,,,,,,,,,,,,,,,,,,,,,,,
2406150156C,NEW KAPPA IN 1.0,CM2P8,2024-06-15 02:21:17,19.131,29.02,OK,21.8,21.28,OK,21.66,21.31,OK,22.8,22.5,OK,22.12,21.77,OK,21.96,21.87,OK,20.56,20.19,OK,0,0,,0,0,,0,0,,15.36,OK,15.36,OK,15.36,OK,15.36,OK,15.36,OK,15.36,OK,0,,0,,15.36,OK,15.36,OK,15.36,OK,15.36,OK,15.36,OK,15.36,OK,15.36,OK,0,,0,,15.36,OK,,,,,,,,,,,,,,,,,,,,,,,,,,,,,,,,,,,,,,,,,,,,,,
2406150157C,NEW KAPPA IN 1.0,CM3P6,2024-06-15 02:22:00,18.781,28.9,OK,25.07,24.23,OK,24.48,24.23,OK,28.22,27.43,OK,27.29,26.59,OK,28.33,28.26,OK,25.86,25.59,OK,0,0,,0,0,,0,0,,0,OK,0,OK,0,OK,0,OK,0,OK,0,OK,0,,0,,0,OK,0,OK,0,OK,0,OK,0,OK,0,OK,0,OK,0,,0,,0,OK,,,,,,,,,,,,,,,,,,,,,,,,,,,,,,,,,,,,,,,,,,,,,,
2406150158C,NEW KAPPA IN 1.0,CM4P9,2024-06-15 02:22:49,18.904,28.11,OK,23.49,22.78,OK,25.27,24.72,OK,23.68,23.22,OK,23.18,22.74,OK,24.1,23.95,OK,24.06,23.66,OK,0,0,,0,0,,0,0,,0,OK,0,OK,0,OK,0,OK,0,OK,0,OK,0,,0,,0,OK,0,OK,0,OK,0,OK,0,OK,0,OK,0,OK,0,,0,,0,OK,,,,,,,,,,,,,,,,,,,,,,,,,,,,,,,,,,,,,,,,,,,,,,
2406150159C,NEW KAPPA IN 1.0,CM1P1,2024-06-15 02:24:06,19.063,28.78,OK,22.04,21.64,OK,23.44,23.16,OK,23.34,22.83,OK,21.55,21.22,OK,22.01,21.99,OK,21.55,21.27,OK,0,0,,0,0,,0,0,,5.45,OK,6.83,OK,7.71,OK,6.9,OK,7.06,OK,7.08,OK,0,,0,,0.2,OK,7.35,OK,7.18,OK,7.66,OK,7.59,OK,7.28,OK,7.41,OK,0,,0,,0.19,OK,,,,,,,,,,,,,,,,,,,,,,,,,,,,,,,,,,,,,,,,,,,,,,
2406150160C,NEW KAPPA IN 1.0,CM2P2,2024-06-15 02:24:26,18.969,27.95,OK,24.06,23.31,OK,22.73,22.31,OK,22.31,21.94,OK,22.29,21.82,OK,22.61,22.47,OK,22.12,21.7,OK,0,0,,0,0,,0,0,,15.36,OK,15.36,OK,15.36,OK,15.36,OK,15.36,OK,15.36,OK,0,,0,,15.36,OK,15.36,OK,15.36,OK,15.36,OK,15.36,OK,15.36,OK,15.36,OK,0,,0,,15.36,OK,,,,,,,,,,,,,,,,,,,,,,,,,,,,,,,,,,,,,,,,,,,,,,
2406150161C,NEW KAPPA IN 1.0,CM3P4,2024-06-15 02:25:08,19.094,29.6,OK,24.05,23.33,OK,22.67,22.29,OK,25.18,24.62,OK,26.36,25.77,OK,26.25,26.2,OK,24.6,24.32,OK,0,0,,0,0,,0,0,,0,OK,0,OK,0,OK,0,OK,0,OK,0,OK,0,,0,,0,OK,0,OK,0,OK,0,OK,0,OK,0,OK,0,OK,0,,0,,0,OK,,,,,,,,,,,,,,,,,,,,,,,,,,,,,,,,,,,,,,,,,,,,,,
2406150162C,NEW KAPPA IN 1.0,CM4P3,2024-06-15 02:26:04,18.727,28.25,OK,23.07,22.41,OK,24.08,23.27,OK,26.43,26.04,OK,24.83,24.45,OK,25.77,25.6,OK,23.02,22.63,OK,0,0,,0,0,,0,0,,0,OK,0,OK,0,OK,0,OK,0,OK,0,OK,0,,0,,0,OK,0,OK,0,OK,0,OK,0,OK,0,OK,0,OK,0,,0,,0,OK,,,,,,,,,,,,,,,,,,,,,,,,,,,,,,,,,,,,,,,,,,,,,,
2406150163C,NEW KAPPA IN 1.0,CM1P5,2024-06-15 02:27:15,18.842,27.82,OK,21.03,20.78,OK,23.39,23.04,OK,21.97,21.55,OK,22.2,21.99,OK,20.47,20.33,OK,22.01,21.71,OK,0,0,,0,0,,0,0,,5.78,OK,7.03,OK,7.03,OK,7.15,OK,7.33,OK,7.26,OK,0,,0,,0.24,OK,7.53,OK,8.37,OK,7.69,OK,7.58,OK,7.37,OK,7.51,OK,0,,0,,0.17,OK,,,,,,,,,,,,,,,,,,,,,,,,,,,,,,,,,,,,,,,,,,,,,,
2406150164C,NEW KAPPA IN 1.0,CM2P8,2024-06-15 02:27:38,19.137,27.61,OK,22.68,22.03,OK,22.73,22.26,OK,21.31,20.93,OK,21.21,20.93,OK,20.75,20.63,OK,22.54,22.29,OK,0,0,,0,0,,0,0,,15.36,OK,15.36,OK,15.36,OK,15.36,OK,15.36,OK,15.36,OK,0,,0,,15.36,OK,15.36,OK,15.36,OK,15.36,OK,15.36,OK,15.36,OK,15.36,OK,0,,0,,15.36,OK,,,,,,,,,,,,,,,,,,,,,,,,,,,,,,,,,,,,,,,,,,,,,,
2406150165C,NEW KAPPA IN 1.0,CM3P6,2024-06-15 02:28:20,19.137,27.61,OK,24.62,23.96,OK,26.11,25.64,OK,25,24.3,OK,28.35,27.52,OK,27.13,27.04,OK,24.03,23.78,OK,0,0,,0,0,,0,0,,0,OK,0,OK,0,OK,0,OK,0,OK,0,OK,0,,0,,0,OK,0,OK,0,OK,0,OK,0,OK,0,OK,0,OK,0,,0,,0,OK,,,,,,,,,,,,,,,,,,,,,,,,,,,,,,,,,,,,,,,,,,,,,,
2406150166C,NEW KAPPA IN 1.0,CM4P9,2024-06-15 02:29:16,19.168,28.42,OK,24.7,24.01,OK,24.39,23.71,OK,26.13,25.6,OK,23.9,23.53,OK,22.91,22.74,OK,22.52,21.92,OK,0,0,,0,0,,0,0,,0,OK,0,OK,0,OK,0,OK,0,OK,0,OK,0,,0,,0,OK,0,OK,0,OK,0,OK,0,OK,0,OK,0,OK,0,,0,,0,OK,,,,,,,,,,,,,,,,,,,,,,,,,,,,,,,,,,,,,,,,,,,,,,
2406150167C,NEW KAPPA IN 1.0,CM1P1,2024-06-15 02:30:26,18.993,26.61,OK,21.38,21.01,OK,22.41,22.08,OK,21.73,21.31,OK,20.08,19.8,OK,20.43,20.38,OK,21.45,21.24,OK,0,0,,0,0,,0,0,,5.57,OK,6.9,OK,6.96,OK,6.88,OK,6.98,OK,7.08,OK,0,,0,,0.17,OK,7.27,OK,8.06,OK,7.59,OK,7.41,OK,7.4,OK,7.4,OK,0,,0,,0.25,OK,,,,,,,,,,,,,,,,,,,,,,,,,,,,,,,,,,,,,,,,,,,,,,
2406150168C,NEW KAPPA IN 1.0,CM2P2,2024-06-15 02:30:49,19.185,28.93,OK,22.99,22.26,OK,22.05,21.68,OK,22.17,21.63,OK,22.61,22.15,OK,20.58,20.49,OK,20.3,19.72,OK,0,0,,0,0,,0,0,,15.36,OK,15.36,OK,15.36,OK,15.36,OK,15.36,OK,15.36,OK,0,,0,,15.36,OK,15.36,OK,15.36,OK,15.36,OK,15.36,OK,15.36,OK,15.36,OK,0,,0,,15.36,OK,,,,,,,,,,,,,,,,,,,,,,,,,,,,,,,,,,,,,,,,,,,,,,
2406150169C,NEW KAPPA IN 1.0,CM3P4,2024-06-15 02:31:29,18.842,28.5,OK,23.24,22.36,OK,24.26,23.99,OK,27.24,26.61,OK,26.36,25.86,OK,27.02,26.88,OK,24.73,24.46,OK,0,0,,0,0,,0,0,,0,OK,0,OK,0,OK,0,OK,0,OK,0,OK,0,,0,,0,OK,0,OK,0,OK,0,OK,0,OK,0,OK,0,OK,0,,0,,0,OK,,,,,,,,,,,,,,,,,,,,,,,,,,,,,,,,,,,,,,,,,,,,,,
2406150170C,NEW KAPPA IN 1.0,CM4P3,2024-06-15 02:32:21,19.063,33.68,OK,26.98,26.28,OK,25.77,25.18,OK,26.37,26.04,OK,25.31,24.74,OK,24.89,24.85,OK,24.19,23.73,OK,0,0,,0,0,,0,0,,0,OK,0,OK,0,OK,0,OK,0,OK,0,OK,0,,0,,0,OK,0,OK,0,OK,0,OK,0,OK,0,OK,0,OK,0,,0,,0,OK,,,,,,,,,,,,,,,,,,,,,,,,,,,,,,,,,,,,,,,,,,,,,,
2406150171C,NEW KAPPA IN 1.0,CM1P5,2024-06-15 02:33:35,19.081,29.25,OK,24.56,24.25,OK,22.48,22.08,OK,21.69,21.22,OK,21.22,21.01,OK,21.29,21.24,OK,22.6,22.34,OK,0,0,,0,0,,0,0,,5.91,OK,7.04,OK,6.99,OK,7.1,OK,7.35,OK,7.33,OK,0,,0,,0.17,OK,7.54,OK,8.05,OK,7.73,OK,7.69,OK,7.72,OK,7.63,OK,0,,0,,0.25,OK,,,,,,,,,,,,,,,,,,,,,,,,,,,,,,,,,,,,,,,,,,,,,,
2406150172C,NEW KAPPA IN 1.0,CM2P8,2024-06-15 02:34:01,19.165,29.96,OK,24.25,23.73,OK,23.8,23.27,OK,23.36,22.89,OK,24.83,24.41,OK,21.89,21.8,OK,19.88,19.56,OK,0,0,,0,0,,0,0,,15.36,OK,15.36,OK,15.36,OK,15.36,OK,15.36,OK,15.36,OK,0,,0,,15.36,OK,15.36,OK,15.36,OK,15.36,OK,15.36,OK,15.36,OK,15.36,OK,0,,0,,15.36,OK,,,,,,,,,,,,,,,,,,,,,,,,,,,,,,,,,,,,,,,,,,,,,,
2406150173C,NEW KAPPA IN 1.0,CM3P6,2024-06-15 02:34:40,19.159,30,OK,27.45,26.72,OK,24.3,23.92,OK,27.33,26.84,OK,28.33,27.72,OK,27.04,27.04,OK,23.37,23.1,OK,0,0,,0,0,,0,0,,0,OK,0,OK,0,OK,0,OK,0,OK,0,OK,0,,0,,0,OK,0,OK,0,OK,0,OK,0,OK,0,OK,0,OK,0,,0,,0,OK,,,,,,,,,,,,,,,,,,,,,,,,,,,,,,,,,,,,,,,,,,,,,,
2406150174C,NEW KAPPA IN 1.0,CM4P9,2024-06-15 02:35:33,19,29.05,OK,22.8,22.21,OK,25,24.32,OK,26.17,25.73,OK,23.44,22.94,OK,23.88,23.77,OK,23.71,23.29,OK,0,0,,0,0,,0,0,,0,OK,0,OK,0,OK,0,OK,0,OK,0,OK,0,,0,,0,OK,0,OK,0,OK,0,OK,0,OK,0,OK,0,OK,0,,0,,0,OK,,,,,,,,,,,,,,,,,,,,,,,,,,,,,,,,,,,,,,,,,,,,,,
2406150175C,NEW KAPPA IN 1.0,CM1P1,2024-06-15 02:36:47,19.145,30.15,OK,21.43,21.15,OK,22.27,21.92,OK,21.66,21.27,OK,20.52,20.15,OK,22.62,22.55,OK,20.94,20.78,OK,0,0,,0,0,,0,0,,5.48,OK,7.55,OK,7.04,OK,7.08,OK,7.25,OK,7.32,OK,0,,0,,0.18,OK,8.01,OK,7.61,OK,7.54,OK,7.46,OK,7.6,OK,7.53,OK,0,,0,,0.17,OK,,,,,,,,,,,,,,,,,,,,,,,,,,,,,,,,,,,,,,,,,,,,,,
2406150176C,NEW KAPPA IN 1.0,CM2P2,2024-06-15 02:37:10,19.198,29.58,OK,25.55,24.97,OK,23.29,22.82,OK,20.86,20.58,OK,23.71,23.31,OK,22.99,22.89,OK,22.1,21.59,OK,0,0,,0,0,,0,0,,15.36,OK,15.36,OK,15.36,OK,15.36,OK,15.36,OK,15.36,OK,0,,0,,15.36,OK,15.36,OK,15.36,OK,15.36,OK,15.36,OK,15.36,OK,15.36,OK,0,,0,,15.36,OK,,,,,,,,,,,,,,,,,,,,,,,,,,,,,,,,,,,,,,,,,,,,,,
2406150177C,NEW KAPPA IN 1.0,CM3P4,2024-06-15 02:37:52,18.582,28.08,OK,24.42,23.8,OK,22.72,22.22,OK,27.4,26.86,OK,27.74,27,OK,27.02,27.02,OK,25.07,24.8,OK,0,0,,0,0,,0,0,,0,OK,0,OK,0,OK,0,OK,0,OK,0,OK,0,,0,,0,OK,0,OK,0,OK,0,OK,0,OK,0,OK,0,OK,0,,0,,0,OK,,,,,,,,,,,,,,,,,,,,,,,,,,,,,,,,,,,,,,,,,,,,,,
2406150178C,NEW KAPPA IN 1.0,CM4P3,2024-06-15 02:38:48,19.08,30.56,OK,25.29,24.52,OK,23.62,22.96,OK,26.19,25.64,OK,24.39,24.08,OK,25.29,25.22,OK,23.33,22.83,OK,0,0,,0,0,,0,0,,0,OK,0,OK,0,OK,0,OK,0,OK,0,OK,0,,0,,0,OK,0,OK,0,OK,0,OK,0,OK,0,OK,0,OK,0,,0,,0,OK,,,,,,,,,,,,,,,,,,,,,,,,,,,,,,,,,,,,,,,,,,,,,,
2406150179C,NEW KAPPA IN 1.0,CM1P5,2024-06-15 02:39:58,18.721,27.68,OK,21.59,21.31,OK,22.69,22.29,OK,22.6,22.18,OK,21.64,21.29,OK,19.8,19.75,OK,20.66,20.4,OK,0,0,,0,0,,0,0,,5.43,OK,7.02,OK,6.98,OK,7.17,OK,7.36,OK,7.41,OK,0,,0,,0.17,OK,8.35,OK,7.5,OK,7.52,OK,7.32,OK,7.46,OK,7.38,OK,0,,0,,0.17,OK,,,,,,,,,,,,,,,,,,,,,,,,,,,,,,,,,,,,,,,,,,,,,,
2406150180C,NEW KAPPA IN 1.0,CM2P8,2024-06-15 02:40:21,19.181,29.72,OK,23.41,22.68,OK,22.54,22.05,OK,22.92,22.54,OK,22.96,22.5,OK,22.64,22.47,OK,20.89,20.58,OK,0,0,,0,0,,0,0,,15.36,OK,15.36,OK,15.36,OK,15.36,OK,15.36,OK,15.36,OK,0,,0,,15.36,OK,15.36,OK,15.36,OK,15.36,OK,15.36,OK,15.36,OK,15.36,OK,0,,0,,15.36,OK,,,,,,,,,,,,,,,,,,,,,,,,,,,,,,,,,,,,,,,,,,,,,,
2406150181C,NEW KAPPA IN 1.0,CM3P6,2024-06-15 02:41:01,18.74,27.15,OK,24.32,23.49,OK,21.72,21.36,OK,24.37,23.96,OK,27.22,26.45,OK,27.97,27.86,OK,24.75,24.44,OK,0,0,,0,0,,0,0,,0,OK,0,OK,0,OK,0,OK,0,OK,0,OK,0,,0,,0,OK,0,OK,0,OK,0,OK,0,OK,0,OK,0,OK,0,,0,,0,OK,,,,,,,,,,,,,,,,,,,,,,,,,,,,,,,,,,,,,,,,,,,,,,
2406150182C,NEW KAPPA IN 1.0,CM4P9,2024-06-15 02:41:46,19.103,29.41,OK,22.28,21.57,OK,22.1,21.31,OK,23.38,22.89,OK,23.33,22.94,OK,24.3,24.21,OK,23.46,22.87,OK,0,0,,0,0,,0,0,,0,OK,0,OK,0,OK,0,OK,0,OK,0,OK,0,,0,,0,OK,0,OK,0,OK,0,OK,0,OK,0,OK,0,OK,0,,0,,0,OK,,,,,,,,,,,,,,,,,,,,,,,,,,,,,,,,,,,,,,,,,,,,,,
2406150183C,NEW KAPPA IN 1.0,CM1P1,2024-06-15 02:43:10,18.856,28.37,OK,23.02,22.69,OK,23.25,23.04,OK,22.27,21.9,OK,21.87,21.64,OK,21.24,21.24,OK,21.66,21.41,OK,0,0,,0,0,,0,0,,5.4,OK,6.71,OK,7.01,OK,7.12,OK,7.27,OK,7.44,OK,0,,0,,0.13,OK,7.93,OK,7.35,OK,7.31,OK,7.32,OK,7.31,OK,7.35,OK,0,,0,,0.25,OK,,,,,,,,,,,,,,,,,,,,,,,,,,,,,,,,,,,,,,,,,,,,,,
2406150184C,NEW KAPPA IN 1.0,CM2P2,2024-06-15 02:43:33,18.723,28.23,OK,23.59,22.99,OK,24.18,23.78,OK,21.96,21.45,OK,21.75,21.28,OK,21.96,21.84,OK,21.4,21.1,OK,0,0,,0,0,,0,0,,15.36,OK,15.36,OK,15.36,OK,15.36,OK,15.36,OK,15.36,OK,0,,0,,15.36,OK,15.36,OK,15.36,OK,15.36,OK,15.36,OK,15.36,OK,15.36,OK,0,,0,,15.36,OK,,,,,,,,,,,,,,,,,,,,,,,,,,,,,,,,,,,,,,,,,,,,,,
2406150185C,NEW KAPPA IN 1.0,CM3P4,2024-06-15 02:44:09,18.855,28.33,OK,23.26,22.2,OK,24.23,23.78,OK,26.14,25.64,OK,27.52,26.68,OK,26.9,26.86,OK,23.78,23.53,OK,0,0,,0,0,,0,0,,0,OK,0,OK,0,OK,0,OK,0,OK,0,OK,0,,0,,0,OK,0,OK,0,OK,0,OK,0,OK,0,OK,0,OK,0,,0,,0,OK,,,,,,,,,,,,,,,,,,,,,,,,,,,,,,,,,,,,,,,,,,,,,,
2406150186C,NEW KAPPA IN 1.0,CM4P3,2024-06-15 02:45:01,19.191,32.6,OK,25.07,24.5,OK,24.28,23.57,OK,26.04,25.71,OK,24.83,24.41,OK,24.87,24.81,OK,24.19,23.73,OK,0,0,,0,0,,0,0,,0,OK,0,OK,0,OK,0,OK,0,OK,0,OK,0,,0,,0,OK,0,OK,0,OK,0,OK,0,OK,0,OK,0,OK,0,,0,,0,OK,,,,,,,,,,,,,,,,,,,,,,,,,,,,,,,,,,,,,,,,,,,,,,
2406150187C,NEW KAPPA IN 1.0,CM1P5,2024-06-15 02:46:22,18.467,26.87,OK,20.15,19.87,OK,22.11,21.71,OK,23.51,23.02,OK,21.43,21.13,OK,22.43,22.39,OK,22.01,21.76,OK,0,0,,0,0,,0,0,,5.53,OK,6.86,OK,7.13,OK,7.26,OK,7.54,OK,8.19,OK,0,,0,,0.16,OK,7.63,OK,7.43,OK,7.36,OK,7.33,OK,7.98,OK,8.33,OK,0,,0,,0.2,OK,,,,,,,,,,,,,,,,,,,,,,,,,,,,,,,,,,,,,,,,,,,,,,
2406150188C,NEW KAPPA IN 1.0,CM2P8,2024-06-15 02:46:45,19.169,28.43,OK,23.59,22.82,OK,22.08,21.66,OK,23.03,22.78,OK,20.98,20.58,OK,22.5,22.38,OK,21.47,21.12,OK,0,0,,0,0,,0,0,,15.36,OK,15.36,OK,15.36,OK,15.36,OK,15.36,OK,15.36,OK,0,,0,,15.36,OK,15.36,OK,15.36,OK,15.36,OK,15.36,OK,15.36,OK,15.36,OK,0,,0,,15.36,OK,,,,,,,,,,,,,,,,,,,,,,,,,,,,,,,,,,,,,,,,,,,,,,
2406150189C,NEW KAPPA IN 1.0,CM3P6,2024-06-15 02:47:24,19.18,27.47,OK,22.24,21.22,OK,22.6,22.02,OK,26.84,26.16,OK,25.5,24.85,OK,26.9,26.84,OK,23.19,22.94,OK,0,0,,0,0,,0,0,,0,OK,0,OK,0,OK,0,OK,0,OK,0,OK,0,,0,,0,OK,0,OK,0,OK,0,OK,0,OK,0,OK,0,OK,0,,0,,0,OK,,,,,,,,,,,,,,,,,,,,,,,,,,,,,,,,,,,,,,,,,,,,,,
2406150190C,NEW KAPPA IN 1.0,CM4P9,2024-06-15 02:48:16,19.199,28.37,OK,24.94,24.52,OK,24.43,23.82,OK,25.31,24.89,OK,24.15,23.55,OK,23.51,23.42,OK,24.19,23.79,OK,0,0,,0,0,,0,0,,0,OK,0,OK,0,OK,0,OK,0,OK,0,OK,0,,0,,0,OK,0,OK,0,OK,0,OK,0,OK,0,OK,0,OK,0,,0,,0,OK,,,,,,,,,,,,,,,,,,,,,,,,,,,,,,,,,,,,,,,,,,,,,,
2406150191C,NEW KAPPA IN 1.0,CM1P1,2024-06-15 02:49:30,19.07,28.11,OK,21.57,21.36,OK,22.78,22.48,OK,22.92,22.53,OK,20.73,20.52,OK,22.11,22.04,OK,22.5,22.29,OK,0,0,,0,0,,0,0,,5.58,OK,6.94,OK,7.11,OK,7.33,OK,7.46,OK,7.21,OK,0,,0,,0.19,OK,7.63,OK,7.32,OK,7.36,OK,8.28,OK,8.13,OK,7.82,OK,0,,0,,0.21,OK,,,,,,,,,,,,,,,,,,,,,,,,,,,,,,,,,,,,,,,,,,,,,,
2406150192C,NEW KAPPA IN 1.0,CM2P2,2024-06-15 02:49:53,19.12,31.65,OK,25.04,24.5,OK,22.71,22.29,OK,21.21,20.84,OK,21.73,21.35,OK,22.87,22.78,OK,22.17,21.68,OK,0,0,,0,0,,0,0,,15.36,OK,15.36,OK,15.36,OK,15.36,OK,15.36,OK,15.36,OK,0,,0,,15.36,OK,15.36,OK,15.36,OK,15.36,OK,15.36,OK,15.36,OK,15.36,OK,0,,0,,15.36,OK,,,,,,,,,,,,,,,,,,,,,,,,,,,,,,,,,,,,,,,,,,,,,,
2406150193C,NEW KAPPA IN 1.0,CM3P4,2024-06-15 02:50:39,18.631,27.97,OK,23.26,22.51,OK,24.57,24.03,OK,27.88,27.38,OK,28.42,27.72,OK,27.86,27.79,OK,25.71,25.52,OK,0,0,,0,0,,0,0,,0,OK,0,OK,0,OK,0,OK,0,OK,0,OK,0,,0,,0,OK,0,OK,0,OK,0,OK,0,OK,0,OK,0,OK,0,,0,,0,OK,,,,,,,,,,,,,,,,,,,,,,,,,,,,,,,,,,,,,,,,,,,,,,
2406150194C,NEW KAPPA IN 1.0,CM4P3,2024-06-15 02:51:28,19.194,30.23,OK,23.46,22.67,OK,23.13,22.39,OK,24.72,24.28,OK,22.83,22.21,OK,22.06,21.9,OK,22.17,21.59,OK,0,0,,0,0,,0,0,,0,OK,0,OK,0,OK,0,OK,0,OK,0,OK,0,,0,,0,OK,0,OK,0,OK,0,OK,0,OK,0,OK,0,OK,0,,0,,0,OK,,,,,,,,,,,,,,,,,,,,,,,,,,,,,,,,,,,,,,,,,,,,,,
2406150195C,NEW KAPPA IN 1.0,CM1P5,2024-06-15 02:52:42,19.165,27.4,OK,21.27,21.01,OK,23.41,23.04,OK,22.13,21.64,OK,21.92,21.5,OK,20.73,20.61,OK,20.92,20.66,OK,0,0,,0,0,,0,0,,5.5,OK,6.77,OK,7.17,OK,7.17,OK,7.14,OK,7.15,OK,0,,0,,0.23,OK,7.36,OK,7.14,OK,8.16,OK,7.8,OK,7.46,OK,7.49,OK,0,,0,,0.17,OK,,,,,,,,,,,,,,,,,,,,,,,,,,,,,,,,,,,,,,,,,,,,,,
2406150196C,NEW KAPPA IN 1.0,CM2P8,2024-06-15 02:54:43,19.152,28.82,OK,22.92,22.17,OK,22.38,21.94,OK,23.06,22.61,OK,23.36,23.03,OK,22.73,22.64,OK,21.91,21.59,OK,0,0,,0,0,,0,0,,15.36,OK,15.36,OK,15.36,OK,15.36,OK,15.36,OK,15.36,OK,0,,0,,15.36,OK,15.36,OK,15.36,OK,15.36,OK,15.36,OK,15.36,OK,15.36,OK,0,,0,,15.36,OK,,,,,,,,,,,,,,,,,,,,,,,,,,,,,,,,,,,,,,,,,,,,,,
2406150197C,NEW KAPPA IN 1.0,CM3P6,2024-06-15 02:55:28,18.994,27.36,OK,26.29,25.39,OK,24.57,24.05,OK,27.31,26.75,OK,27.86,27.11,OK,27.86,27.81,OK,24.62,24.42,OK,0,0,,0,0,,0,0,,0,OK,0,OK,0,OK,0,OK,0,OK,0,OK,0,,0,,0,OK,0,OK,0,OK,0,OK,0,OK,0,OK,0,OK,0,,0,,0,OK,,,,,,,,,,,,,,,,,,,,,,,,,,,,,,,,,,,,,,,,,,,,,,
2406150198C,NEW KAPPA IN 1.0,CM1P9,2024-06-15 02:56:39,19.194,32.08,OK,24.14,23.81,OK,23.72,23.37,OK,23.9,23.39,OK,21.45,21.17,OK,22.13,22.04,OK,21.22,20.96,OK,0,0,,0,0,,0,0,,5.64,OK,7.01,OK,7.68,OK,7.05,OK,7.35,OK,7.25,OK,0,,0,,0.16,OK,7.41,OK,7.21,OK,7.81,OK,7.7,OK,7.69,OK,7.52,OK,0,,0,,0.19,OK,,,,,,,,,,,,,,,,,,,,,,,,,,,,,,,,,,,,,,,,,,,,,,
2406150199C,NEW KAPPA IN 1.0,CM4P1,2024-06-15 02:57:09,19.183,32.8,OK,23.4,22.54,OK,24.39,23.82,OK,24.1,23.57,OK,23.07,22.69,OK,23.07,22.85,OK,21.84,21.4,OK,0,0,,0,0,,0,0,,0,OK,0,OK,0,OK,0,OK,0,OK,0,OK,0,,0,,0,OK,0,OK,0,OK,0,OK,0,OK,0,OK,0,OK,0,,0,,0,OK,,,,,,,,,,,,,,,,,,,,,,,,,,,,,,,,,,,,,,,,,,,,,,
2406150200C,NEW KAPPA IN 1.0,CM2P2,2024-06-15 02:57:58,18.949,28.48,OK,25.53,25.11,OK,23.48,23.13,OK,22.94,22.57,OK,22.75,22.36,OK,21.73,21.52,OK,22.85,22.38,OK,0,0,,0,0,,0,0,,15.36,OK,15.36,OK,15.36,OK,15.36,OK,15.36,OK,15.36,OK,0,,0,,15.36,OK,15.36,OK,15.36,OK,15.36,OK,15.36,OK,15.36,OK,15.36,OK,0,,0,,15.36,OK,,,,,,,,,,,,,,,,,,,,,,,,,,,,,,,,,,,,,,,,,,,,,,
2406150201C,NEW KAPPA IN 1.0,CM3P4,2024-06-15 02:58:34,19.067,27.37,OK,25.46,24.62,OK,25.05,24.55,OK,26.43,25.8,OK,27.81,27.22,OK,27.95,27.9,OK,24.66,24.42,OK,0,0,,0,0,,0,0,,0,OK,0,OK,0,OK,0,OK,0,OK,0,OK,0,,0,,0,OK,0,OK,0,OK,0,OK,0,OK,0,OK,0,OK,0,,0,,0,OK,,,,,,,,,,,,,,,,,,,,,,,,,,,,,,,,,,,,,,,,,,,,,,
2406150202C,NEW KAPPA IN 1.0,CM1P5,2024-06-15 02:59:51,18.824,28.25,OK,21.78,21.43,OK,21.78,21.55,OK,22.5,22.04,OK,20.61,20.36,OK,21.78,21.69,OK,21.48,21.29,OK,0,0,,0,0,,0,0,,5.63,OK,6.97,OK,7.2,OK,7.04,OK,7.17,OK,7.34,OK,0,,0,,0.25,OK,7.38,OK,8.17,OK,7.41,OK,7.42,OK,7.37,OK,7.45,OK,0,,0,,0.24,OK,,,,,,,,,,,,,,,,,,,,,,,,,,,,,,,,,,,,,,,,,,,,,,
2406150203C,NEW KAPPA IN 1.0,CM4P3,2024-06-15 03:00:11,18.995,28.15,OK,23.97,23.42,OK,25.05,24.3,OK,26.15,25.82,OK,26.19,25.75,OK,23.73,23.55,OK,23.66,23.07,OK,0,0,,0,0,,0,0,,0,OK,0,OK,0,OK,0,OK,0,OK,0,OK,0,,0,,0,OK,0,OK,0,OK,0,OK,0,OK,0,OK,0,OK,0,,0,,0,OK,,,,,,,,,,,,,,,,,,,,,,,,,,,,,,,,,,,,,,,,,,,,,,
2406150204C,NEW KAPPA IN 1.0,CM2P8,2024-06-15 03:01:00,19.178,32.37,OK,25.81,25.2,OK,22.94,22.61,OK,23.1,22.78,OK,21.8,21.49,OK,22.85,22.75,OK,21.17,20.84,OK,0,0,,0,0,,0,0,,15.36,OK,15.36,OK,15.36,OK,15.36,OK,15.36,OK,15.36,OK,0,,0,,15.36,OK,15.36,OK,15.36,OK,15.36,OK,15.36,OK,15.36,OK,15.36,OK,0,,0,,15.36,OK,,,,,,,,,,,,,,,,,,,,,,,,,,,,,,,,,,,,,,,,,,,,,,
2406150205C,NEW KAPPA IN 1.0,CM3P6,2024-06-15 03:01:39,18.955,28.11,OK,25.03,24.12,OK,25.23,24.62,OK,26.14,25.57,OK,27.15,26.43,OK,28.15,28.08,OK,24.51,24.19,OK,0,0,,0,0,,0,0,,0,OK,0,OK,0,OK,0,OK,0,OK,0,OK,0,,0,,0,OK,0,OK,0,OK,0,OK,0,OK,0,OK,0,OK,0,,0,,0,OK,,,,,,,,,,,,,,,,,,,,,,,,,,,,,,,,,,,,,,,,,,,,,,
2406150206C,NEW KAPPA IN 1.0,CM1P9,2024-06-15 03:03:03,18.992,28.01,OK,20.71,20.4,OK,23.93,23.72,OK,21.8,21.57,OK,20.78,20.52,OK,22.46,22.32,OK,22.69,22.53,OK,0,0,,0,0,,0,0,,5.58,OK,7.36,OK,7.22,OK,7.25,OK,7.49,OK,7.51,OK,0,,0,,0.16,OK,7.4,OK,7.67,OK,7.64,OK,7.4,OK,7.49,OK,7.59,OK,0,,0,,0.16,OK,,,,,,,,,,,,,,,,,,,,,,,,,,,,,,,,,,,,,,,,,,,,,,
2406150207C,NEW KAPPA IN 1.0,CM4P1,2024-06-15 03:03:23,18.899,27.92,OK,24.23,23.51,OK,23.77,23.07,OK,24.98,24.23,OK,22.98,22.43,OK,23.62,23.42,OK,24.21,23.82,OK,0,0,,0,0,,0,0,,0,OK,0,OK,0,OK,0,OK,0,OK,0,OK,0,,0,,0,OK,0,OK,0,OK,0,OK,0,OK,0,OK,0,OK,0,,0,,0,OK,,,,,,,,,,,,,,,,,,,,,,,,,,,,,,,,,,,,,,,,,,,,,,
2406150208C,NEW KAPPA IN 1.0,CM2P2,2024-06-15 03:04:08,19.173,29.25,OK,24.25,23.71,OK,23.87,23.43,OK,21.89,21.49,OK,21.49,21.14,OK,21.82,21.7,OK,22.43,22.01,OK,0,0,,0,0,,0,0,,15.36,OK,15.36,OK,15.36,OK,15.36,OK,15.36,OK,15.36,OK,0,,0,,15.36,OK,15.36,OK,15.36,OK,15.36,OK,15.36,OK,15.36,OK,15.36,OK,0,,0,,15.36,OK,,,,,,,,,,,,,,,,,,,,,,,,,,,,,,,,,,,,,,,,,,,,,,
2406150209C,NEW KAPPA IN 1.0,CM3P4,2024-06-15 03:04:44,19.14,27.97,OK,24.96,24.17,OK,24.17,23.76,OK,29.3,28.51,OK,28.24,27.61,OK,27.18,27.15,OK,24.08,23.8,OK,0,0,,0,0,,0,0,,0,OK,0,OK,0,OK,0,OK,0,OK,0,OK,0,,0,,0,OK,0,OK,0,OK,0,OK,0,OK,0,OK,0,OK,0,,0,,0,OK,,,,,,,,,,,,,,,,,,,,,,,,,,,,,,,,,,,,,,,,,,,,,,
2406150210C,NEW KAPPA IN 1.0,CM1P5,2024-06-15 03:06:15,19.173,28.85,OK,21.99,21.64,OK,21.69,21.38,OK,21.71,21.34,OK,20.8,20.52,OK,22.85,22.81,OK,21.87,21.57,OK,0,0,,0,0,,0,0,,5.55,OK,6.79,OK,7.01,OK,7.17,OK,7.27,OK,7.48,OK,0,,0,,0.14,OK,7.74,OK,7.36,OK,7.15,OK,7.38,OK,7.33,OK,7.4,OK,0,,0,,0.21,OK,,,,,,,,,,,,,,,,,,,,,,,,,,,,,,,,,,,,,,,,,,,,,,
2406150211C,NEW KAPPA IN 1.0,CM4P3,2024-06-15 03:06:35,18.746,27.23,OK,23.84,22.94,OK,26.48,25.82,OK,26.85,26.43,OK,26.17,25.73,OK,24.41,24.19,OK,25.16,24.72,OK,0,0,,0,0,,0,0,,0,OK,0,OK,0,OK,0,OK,0,OK,0,OK,0,,0,,0,OK,0,OK,0,OK,0,OK,0,OK,0,OK,0,OK,0,,0,,0,OK,,,,,,,,,,,,,,,,,,,,,,,,,,,,,,,,,,,,,,,,,,,,,,
2406150212C,NEW KAPPA IN 1.0,CM2P8,2024-06-15 03:07:23,19.098,27.05,OK,21.52,20.84,OK,24.39,24.01,OK,22.1,21.75,OK,22.36,22.03,OK,21.45,21.38,OK,22.54,22.22,OK,0,0,,0,0,,0,0,,15.36,OK,15.36,OK,15.36,OK,15.36,OK,15.36,OK,15.36,OK,0,,0,,15.36,OK,15.36,OK,15.36,OK,15.36,OK,15.36,OK,15.36,OK,15.36,OK,0,,0,,15.36,OK,,,,,,,,,,,,,,,,,,,,,,,,,,,,,,,,,,,,,,,,,,,,,,
2406150213C,NEW KAPPA IN 1.0,CM3P6,2024-06-15 03:07:59,18.858,26.88,OK,25.68,24.8,OK,26.75,26.29,OK,26.93,26.2,OK,28.15,27.52,OK,30.14,30.03,OK,24.89,24.53,OK,0,0,,0,0,,0,0,,0,OK,0,OK,0,OK,0,OK,0,OK,0,OK,0,,0,,0,OK,0,OK,0,OK,0,OK,0,OK,0,OK,0,OK,0,,0,,0,OK,,,,,,,,,,,,,,,,,,,,,,,,,,,,,,,,,,,,,,,,,,,,,,
2406150214C,NEW KAPPA IN 1.0,CM1P9,2024-06-15 03:09:26,18.881,27.5,OK,22.13,21.83,OK,22.2,21.76,OK,21.45,21.15,OK,20.87,20.61,OK,20.5,20.38,OK,21.36,21.13,OK,0,0,,0,0,,0,0,,5.36,OK,6.63,OK,6.96,OK,7.02,OK,7.34,OK,7.84,OK,0,,0,,0.19,OK,7.55,OK,7.14,OK,7.12,OK,7.06,OK,7.2,OK,8.02,OK,0,,0,,0.21,OK,,,,,,,,,,,,,,,,,,,,,,,,,,,,,,,,,,,,,,,,,,,,,,
2406150215C,NEW KAPPA IN 1.0,CM4P1,2024-06-15 03:09:47,19.013,27.61,OK,22.78,21.99,OK,23.75,23.02,OK,25.66,25.22,OK,23.66,23.02,OK,23.97,23.84,OK,22.19,21.66,OK,0,0,,0,0,,0,0,,0,OK,0,OK,0,OK,0,OK,0,OK,0,OK,0,,0,,0,OK,0,OK,0,OK,0,OK,0,OK,0,OK,0,OK,0,,0,,0,OK,,,,,,,,,,,,,,,,,,,,,,,,,,,,,,,,,,,,,,,,,,,,,,
2406150216C,NEW KAPPA IN 1.0,CM2P2,2024-06-15 03:10:38,18.929,28.12,OK,23.43,22.75,OK,23.06,22.68,OK,21.66,21.4,OK,22.89,22.38,OK,22.5,22.36,OK,21.87,21.33,OK,0,0,,0,0,,0,0,,15.36,OK,15.36,OK,15.36,OK,15.36,OK,15.36,OK,15.36,OK,0,,0,,15.36,OK,15.36,OK,15.36,OK,15.36,OK,15.36,OK,15.36,OK,15.36,OK,0,,0,,15.36,OK,,,,,,,,,,,,,,,,,,,,,,,,,,,,,,,,,,,,,,,,,,,,,,
2406150217C,NEW KAPPA IN 1.0,CM3P4,2024-06-15 03:11:17,19.163,27.63,OK,24.44,23.76,OK,23.56,23.26,OK,27.11,26.5,OK,27.36,26.59,OK,27.63,27.58,OK,25.16,24.89,OK,0,0,,0,0,,0,0,,0,OK,0,OK,0,OK,0,OK,0,OK,0,OK,0,,0,,0,OK,0,OK,0,OK,0,OK,0,OK,0,OK,0,OK,0,,0,,0,OK,,,,,,,,,,,,,,,,,,,,,,,,,,,,,,,,,,,,,,,,,,,,,,
2406150218C,NEW KAPPA IN 1.0,CM1P5,2024-06-15 03:12:35,19.043,27.96,OK,22.88,22.46,OK,23.18,22.85,OK,21.55,21.22,OK,21.55,21.17,OK,21.71,21.66,OK,22.39,22.06,OK,0,0,,0,0,,0,0,,5.49,OK,6.77,OK,7.03,OK,7.24,OK,7.62,OK,7.58,OK,0,,0,,0.15,OK,7.62,OK,7.29,OK,7.33,OK,7.23,OK,8.49,OK,7.95,OK,0,,0,,0.28,OK,,,,,,,,,,,,,,,,,,,,,,,,,,,,,,,,,,,,,,,,,,,,,,
2406150219C,NEW KAPPA IN 1.0,CM4P3,2024-06-15 03:12:55,18.645,26.77,OK,23.22,22.65,OK,24.92,24.34,OK,24.7,24.12,OK,24.59,24.21,OK,25.8,25.66,OK,22.61,22.01,OK,0,0,,0,0,,0,0,,0,OK,0,OK,0,OK,0,OK,0,OK,0,OK,0,,0,,0,OK,0,OK,0,OK,0,OK,0,OK,0,OK,0,OK,0,,0,,0,OK,,,,,,,,,,,,,,,,,,,,,,,,,,,,,,,,,,,,,,,,,,,,,,
2406150220C,NEW KAPPA IN 1.0,CM2P8,2024-06-15 03:13:47,18.548,27.02,OK,22.82,22.1,OK,21.73,21.31,OK,22.33,22.01,OK,22.22,21.84,OK,21.89,21.82,OK,21.38,20.98,OK,0,0,,0,0,,0,0,,15.36,OK,15.36,OK,15.36,OK,15.36,OK,15.36,OK,15.36,OK,0,,0,,15.36,OK,15.36,OK,15.36,OK,15.36,OK,15.36,OK,15.36,OK,15.36,OK,0,,0,,15.36,OK,,,,,,,,,,,,,,,,,,,,,,,,,,,,,,,,,,,,,,,,,,,,,,
2406150221C,NEW KAPPA IN 1.0,CM3P6,2024-06-15 03:14:23,18.546,26.77,OK,24.17,23.22,OK,25.05,24.55,OK,26.47,26.04,OK,27.63,27.13,OK,27.29,27.18,OK,24.44,24.26,OK,0,0,,0,0,,0,0,,0,OK,0,OK,0,OK,0,OK,0,OK,0,OK,0,,0,,0,OK,0,OK,0,OK,0,OK,0,OK,0,OK,0,OK,0,,0,,0,OK,,,,,,,,,,,,,,,,,,,,,,,,,,,,,,,,,,,,,,,,,,,,,,
2406150222C,NEW KAPPA IN 1.0,CM1P9,2024-06-15 03:15:47,19.016,28.51,OK,21.1,20.92,OK,22.67,22.34,OK,23.93,23.55,OK,22.18,21.78,OK,22.04,22.01,OK,21.92,21.69,OK,0,0,,0,0,,0,0,,5.45,OK,6.85,OK,7.03,OK,7.4,OK,7.18,OK,7.19,OK,0,,0,,0.21,OK,7.63,OK,7.34,OK,7.37,OK,8.3,OK,7.79,OK,7.62,OK,0,,0,,0.24,OK,,,,,,,,,,,,,,,,,,,,,,,,,,,,,,,,,,,,,,,,,,,,,,
2406150223C,NEW KAPPA IN 1.0,CM4P1,2024-06-15 03:16:07,19.188,28.37,OK,22.08,21.35,OK,24.87,24.19,OK,24.87,24.37,OK,24.08,23.42,OK,22.45,22.28,OK,23.09,22.43,OK,0,0,,0,0,,0,0,,0,OK,0,OK,0,OK,0,OK,0,OK,0,OK,0,,0,,0,OK,0,OK,0,OK,0,OK,0,OK,0,OK,0,OK,0,,0,,0,OK,,,,,,,,,,,,,,,,,,,,,,,,,,,,,,,,,,,,,,,,,,,,,,
2406150224C,NEW KAPPA IN 1.0,CM2P2,2024-06-15 03:16:52,19.069,27.98,OK,26.11,25.41,OK,22.75,22.31,OK,24.06,23.64,OK,22.66,22.29,OK,22.5,22.31,OK,21.82,21.42,OK,0,0,,0,0,,0,0,,15.36,OK,15.36,OK,15.36,OK,15.36,OK,15.36,OK,15.36,OK,0,,0,,15.36,OK,15.36,OK,15.36,OK,15.36,OK,15.36,OK,15.36,OK,15.36,OK,0,,0,,15.36,OK,,,,,,,,,,,,,,,,,,,,,,,,,,,,,,,,,,,,,,,,,,,,,,
2406150225C,NEW KAPPA IN 1.0,CM3P4,2024-06-15 03:17:31,18.71,27.96,OK,26.14,25.43,OK,23.78,23.28,OK,27.43,26.7,OK,28.06,27.45,OK,27.29,27.27,OK,23.76,23.49,OK,0,0,,0,0,,0,0,,0,OK,0,OK,0,OK,0,OK,0,OK,0,OK,0,,0,,0,OK,0,OK,0,OK,0,OK,0,OK,0,OK,0,OK,0,,0,,0,OK,,,,,,,,,,,,,,,,,,,,,,,,,,,,,,,,,,,,,,,,,,,,,,
2406150226C,NEW KAPPA IN 1.0,CM1P5,2024-06-15 03:18:58,19.031,27.86,OK,24.07,23.6,OK,22.53,22.22,OK,23.27,22.76,OK,22.32,22.13,OK,22.34,22.32,OK,22.25,21.85,OK,0,0,,0,0,,0,0,,5.46,OK,6.76,OK,7.19,OK,6.92,OK,7.24,OK,7.21,OK,0,,0,,0.18,OK,7.39,OK,7.18,OK,8.09,OK,7.74,OK,7.6,OK,7.41,OK,0,,0,,0.18,OK,,,,,,,,,,,,,,,,,,,,,,,,,,,,,,,,,,,,,,,,,,,,,,
2406150227C,NEW KAPPA IN 1.0,CM4P3,2024-06-15 03:19:19,18.707,26.68,OK,23.4,22.78,OK,24.7,23.97,OK,25.55,25,OK,25.99,25.62,OK,24.45,24.3,OK,24.32,23.77,OK,0,0,,0,0,,0,0,,0,OK,0,OK,0,OK,0,OK,0,OK,0,OK,0,,0,,0,OK,0,OK,0,OK,0,OK,0,OK,0,OK,0,OK,0,,0,,0,OK,,,,,,,,,,,,,,,,,,,,,,,,,,,,,,,,,,,,,,,,,,,,,,
2406150228C,NEW KAPPA IN 1.0,CM2P8,2024-06-15 03:20:07,18.525,27.41,OK,22.24,21.52,OK,23.06,22.78,OK,22.12,21.66,OK,21.59,21.26,OK,22.36,22.29,OK,19.81,19.49,OK,0,0,,0,0,,0,0,,15.36,OK,15.36,OK,15.36,OK,15.36,OK,15.36,OK,15.36,OK,0,,0,,15.36,OK,15.36,OK,15.36,OK,15.36,OK,15.36,OK,15.36,OK,15.36,OK,0,,0,,15.36,OK,,,,,,,,,,,,,,,,,,,,,,,,,,,,,,,,,,,,,,,,,,,,,,
2406150229C,NEW KAPPA IN 1.0,CM3P6,2024-06-15 03:20:49,18.905,26.5,OK,24.71,23.99,OK,25.84,25.46,OK,26.43,25.8,OK,27.09,26.36,OK,28.24,28.15,OK,23.35,23.08,OK,0,0,,0,0,,0,0,,0,OK,0,OK,0,OK,0,OK,0,OK,0,OK,0,,0,,0,OK,0,OK,0,OK,0,OK,0,OK,0,OK,0,OK,0,,0,,0,OK,,,,,,,,,,,,,,,,,,,,,,,,,,,,,,,,,,,,,,,,,,,,,,
2406150230C,NEW KAPPA IN 1.0,CM1P9,2024-06-15 03:22:10,19.145,27.45,OK,21.24,20.99,OK,20.89,20.66,OK,23.11,22.78,OK,20.75,20.47,OK,21.03,20.99,OK,21.87,21.66,OK,0,0,,0,0,,0,0,,5.59,OK,7,OK,6.92,OK,7.06,OK,7.21,OK,7.31,OK,0,,0,,0.16,OK,7.3,OK,7.96,OK,7.5,OK,7.46,OK,7.53,OK,7.45,OK,0,,0,,0.28,OK,,,,,,,,,,,,,,,,,,,,,,,,,,,,,,,,,,,,,,,,,,,,,,
2406150231C,NEW KAPPA IN 1.0,CM4P1,2024-06-15 03:22:30,19.199,28.5,OK,25.99,25.18,OK,26.15,25.4,OK,25.47,25,OK,24.1,23.46,OK,23.29,23.2,OK,23.62,23.2,OK,0,0,,0,0,,0,0,,0,OK,0,OK,0,OK,0,OK,0,OK,0,OK,0,,0,,0,OK,0,OK,0,OK,0,OK,0,OK,0,OK,0,OK,0,,0,,0,OK,,,,,,,,,,,,,,,,,,,,,,,,,,,,,,,,,,,,,,,,,,,,,,
2406150232C,NEW KAPPA IN 1.0,CM2P2,2024-06-15 03:23:19,18.827,26.61,OK,22.92,22.19,OK,22.26,21.82,OK,22.45,21.96,OK,21.82,21.38,OK,22.78,22.66,OK,21.96,21.47,OK,0,0,,0,0,,0,0,,15.36,OK,15.36,OK,15.36,OK,15.36,OK,15.36,OK,15.36,OK,0,,0,,15.36,OK,15.36,OK,15.36,OK,15.36,OK,15.36,OK,15.36,OK,15.36,OK,0,,0,,15.36,OK,,,,,,,,,,,,,,,,,,,,,,,,,,,,,,,,,,,,,,,,,,,,,,
2406150233C,NEW KAPPA IN 1.0,CM3P4,2024-06-15 03:24:04,18.879,28.43,OK,23.71,23.01,OK,24.71,24.3,OK,27.47,26.84,OK,27.13,26.52,OK,26.63,26.59,OK,24.3,24.08,OK,0,0,,0,0,,0,0,,0,OK,0,OK,0,OK,0,OK,0,OK,0,OK,0,,0,,0,OK,0,OK,0,OK,0,OK,0,OK,0,OK,0,OK,0,,0,,0,OK,,,,,,,,,,,,,,,,,,,,,,,,,,,,,,,,,,,,,,,,,,,,,,
2406150234C,NEW KAPPA IN 1.0,CM1P5,2024-06-15 03:25:22,18.715,26.55,OK,22.11,21.8,OK,23.55,23.11,OK,22.32,21.87,OK,21.24,20.87,OK,21.66,21.66,OK,21.17,20.8,OK,0,0,,0,0,,0,0,,5.27,OK,7.22,OK,6.91,OK,6.91,OK,7.29,OK,7.26,OK,0,,0,,0.16,OK,7.36,OK,7.45,OK,7.24,OK,7.29,OK,7.43,OK,7.22,OK,0,,0,,0.25,OK,,,,,,,,,,,,,,,,,,,,,,,,,,,,,,,,,,,,,,,,,,,,,,
2406150235C,NEW KAPPA IN 1.0,CM4P3,2024-06-15 03:25:42,19.067,27.66,OK,20.87,20.08,OK,24.3,23.62,OK,25.03,24.54,OK,24.61,23.97,OK,26.08,25.93,OK,23.86,23.38,OK,0,0,,0,0,,0,0,,0,OK,0,OK,0,OK,0,OK,0,OK,0,OK,0,,0,,0,OK,0,OK,0,OK,0,OK,0,OK,0,OK,0,OK,0,,0,,0,OK,,,,,,,,,,,,,,,,,,,,,,,,,,,,,,,,,,,,,,,,,,,,,,
2406150236C,NEW KAPPA IN 1.0,CM2P8,2024-06-15 03:26:27,18.75,27.71,OK,24.9,24.39,OK,23.36,22.85,OK,22.78,22.43,OK,22.45,22.01,OK,22.22,22.15,OK,21.26,21,OK,0,0,,0,0,,0,0,,15.36,OK,15.36,OK,15.36,OK,15.36,OK,15.36,OK,15.36,OK,0,,0,,15.36,OK,15.36,OK,15.36,OK,15.36,OK,15.36,OK,15.36,OK,15.36,OK,0,,0,,15.36,OK,,,,,,,,,,,,,,,,,,,,,,,,,,,,,,,,,,,,,,,,,,,,,,
2406150237C,NEW KAPPA IN 1.0,CM3P6,2024-06-15 03:27:13,19.143,28.36,OK,23.6,22.97,OK,27.11,26.7,OK,27.58,26.84,OK,27.88,27.02,OK,27.72,27.67,OK,25.05,24.8,OK,0,0,,0,0,,0,0,,0,OK,0,OK,0,OK,0,OK,0,OK,0,OK,0,,0,,0,OK,0,OK,0,OK,0,OK,0,OK,0,OK,0,OK,0,,0,,0,OK,,,,,,,,,,,,,,,,,,,,,,,,,,,,,,,,,,,,,,,,,,,,,,
2406150238C,NEW KAPPA IN 1.0,CM1P9,2024-06-15 03:28:34,19.184,29.81,OK,21.9,21.57,OK,21.55,21.29,OK,22.34,22.11,OK,23.11,22.74,OK,22.34,22.27,OK,21.73,21.45,OK,0,0,,0,0,,0,0,,5.45,OK,6.66,OK,6.97,OK,7.09,OK,7.4,OK,7.93,OK,0,,0,,0.17,OK,7.57,OK,7.15,OK,7.18,OK,7.22,OK,7.87,OK,7.88,OK,0,,0,,0.19,OK,,,,,,,,,,,,,,,,,,,,,,,,,,,,,,,,,,,,,,,,,,,,,,
2406150239C,NEW KAPPA IN 1.0,CM4P1,2024-06-15 03:28:54,18.752,27.38,OK,23.18,22.5,OK,24.96,24.23,OK,26.04,25.53,OK,23.73,23.24,OK,22.69,22.52,OK,22.8,22.41,OK,0,0,,0,0,,0,0,,0,OK,0,OK,0,OK,0,OK,0,OK,0,OK,0,,0,,0,OK,0,OK,0,OK,0,OK,0,OK,0,OK,0,OK,0,,0,,0,OK,,,,,,,,,,,,,,,,,,,,,,,,,,,,,,,,,,,,,,,,,,,,,,
2406150240C,NEW KAPPA IN 1.0,CM2P2,2024-06-15 03:29:39,19.097,27.1,OK,23.92,23.24,OK,22.85,22.4,OK,24.39,24.01,OK,23.15,22.71,OK,22.47,22.31,OK,22.85,22.54,OK,0,0,,0,0,,0,0,,15.36,OK,15.36,OK,15.36,OK,15.36,OK,15.36,OK,15.36,OK,0,,0,,15.36,OK,15.36,OK,15.36,OK,15.36,OK,15.36,OK,15.36,OK,15.36,OK,0,,0,,15.36,OK,,,,,,,,,,,,,,,,,,,,,,,,,,,,,,,,,,,,,,,,,,,,,,
2406150241C,NEW KAPPA IN 1.0,CM3P4,2024-06-15 03:30:18,18.717,27.31,OK,24.71,23.94,OK,25.59,25.07,OK,26.57,25.84,OK,27.13,26.36,OK,28.35,28.29,OK,24.57,24.32,OK,0,0,,0,0,,0,0,,0,OK,0,OK,0,OK,0,OK,0,OK,0,OK,0,,0,,0,OK,0,OK,0,OK,0,OK,0,OK,0,OK,0,OK,0,,0,,0,OK,,,,,,,,,,,,,,,,,,,,,,,,,,,,,,,,,,,,,,,,,,,,,,
2406150242C,NEW KAPPA IN 1.0,CM1P5,2024-06-15 03:31:45,18.934,27.1,OK,20.5,20.22,OK,23.18,22.83,OK,22.46,22.13,OK,22.11,21.8,OK,23.41,23.25,OK,21.31,21.08,OK,0,0,,0,0,,0,0,,5.31,OK,6.71,OK,6.97,OK,7.06,OK,7.69,OK,7.2,OK,0,,0,,0.22,OK,7.48,OK,7.02,OK,7.25,OK,7.18,OK,8.2,OK,7.83,OK,0,,0,,0.27,OK,,,,,,,,,,,,,,,,,,,,,,,,,,,,,,,,,,,,,,,,,,,,,,
2406150243C,NEW KAPPA IN 1.0,CM4P3,2024-06-15 03:32:06,18.631,27.33,OK,20.43,19.77,OK,23.71,22.85,OK,24.12,23.64,OK,25.22,24.7,OK,22.65,22.39,OK,24.48,23.97,OK,0,0,,0,0,,0,0,,0,OK,0,OK,0,OK,0,OK,0,OK,0,OK,0,,0,,0,OK,0,OK,0,OK,0,OK,0,OK,0,OK,0,OK,0,,0,,0,OK,,,,,,,,,,,,,,,,,,,,,,,,,,,,,,,,,,,,,,,,,,,,,,
2406150244C,NEW KAPPA IN 1.0,CM2P8,2024-06-15 03:32:54,18.755,27.85,OK,20.79,20.07,OK,22.29,21.94,OK,22.24,21.89,OK,22.03,21.59,OK,20.26,20.19,OK,20.61,20.23,OK,0,0,,0,0,,0,0,,15.36,OK,15.36,OK,15.36,OK,15.36,OK,15.36,OK,15.36,OK,0,,0,,15.36,OK,15.36,OK,15.36,OK,15.36,OK,15.36,OK,15.36,OK,15.36,OK,0,,0,,15.36,OK,,,,,,,,,,,,,,,,,,,,,,,,,,,,,,,,,,,,,,,,,,,,,,
2406150245C,NEW KAPPA IN 1.0,CM3P6,2024-06-15 03:33:36,18.714,27.32,OK,22.02,21.11,OK,25.14,24.6,OK,26.84,26.25,OK,28.19,27.63,OK,27,26.97,OK,23.1,22.94,OK,0,0,,0,0,,0,0,,0,OK,0,OK,0,OK,0,OK,0,OK,0,OK,0,,0,,0,OK,0,OK,0,OK,0,OK,0,OK,0,OK,0,OK,0,,0,,0,OK,,,,,,,,,,,,,,,,,,,,,,,,,,,,,,,,,,,,,,,,,,,,,,
2406150246C,NEW KAPPA IN 1.0,CM1P9,2024-06-15 03:34:54,18.798,27.81,OK,20.47,20.01,OK,23.06,22.74,OK,22.64,22.22,OK,22.34,22.04,OK,22.71,22.55,OK,20.45,20.24,OK,0,0,,0,0,,0,0,,5.43,OK,6.7,OK,6.99,OK,7.14,OK,7.91,OK,7.17,OK,0,,0,,0.18,OK,7.42,OK,7.15,OK,7.2,OK,7.44,OK,7.74,OK,7.73,OK,0,,0,,0.25,OK,,,,,,,,,,,,,,,,,,,,,,,,,,,,,,,,,,,,,,,,,,,,,,
2406150247C,NEW KAPPA IN 1.0,CM4P1,2024-06-15 03:35:14,18.925,27.12,OK,21.18,20.43,OK,25.14,24.54,OK,26.04,25.71,OK,24.59,23.9,OK,22.23,22.1,OK,21.73,21,OK,0,0,,0,0,,0,0,,0,OK,0,OK,0,OK,0,OK,0,OK,0,OK,0,,0,,0,OK,0,OK,0,OK,0,OK,0,OK,0,OK,0,OK,0,,0,,0,OK,,,,,,,,,,,,,,,,,,,,,,,,,,,,,,,,,,,,,,,,,,,,,,
2406150248C,NEW KAPPA IN 1.0,CM2P2,2024-06-15 03:36:02,18.917,28.07,OK,21.96,21.45,OK,21.96,21.45,OK,22.78,22.33,OK,21.54,21.07,OK,20.96,20.84,OK,20.07,19.67,OK,0,0,,0,0,,0,0,,15.36,OK,15.36,OK,15.36,OK,15.36,OK,15.36,OK,15.36,OK,0,,0,,15.36,OK,15.36,OK,15.36,OK,15.36,OK,15.36,OK,15.36,OK,15.36,OK,0,,0,,15.36,OK,,,,,,,,,,,,,,,,,,,,,,,,,,,,,,,,,,,,,,,,,,,,,,
2406150249C,NEW KAPPA IN 1.0,CM3P4,2024-06-15 03:36:38,19.187,33.18,OK,26.14,25.52,OK,24.6,24.23,OK,27.36,26.61,OK,27.95,27.29,OK,28.83,28.74,OK,24.94,24.62,OK,0,0,,0,0,,0,0,,0,OK,0,OK,0,OK,0,OK,0,OK,0,OK,0,,0,,0,OK,0,OK,0,OK,0,OK,0,OK,0,OK,0,OK,0,,0,,0,OK,,,,,,,,,,,,,,,,,,,,,,,,,,,,,,,,,,,,,,,,,,,,,,
2406150250C,NEW KAPPA IN 1.0,CM1P5,2024-06-15 03:38:06,18.911,27.06,OK,22.41,22.01,OK,23.2,22.74,OK,23.11,22.62,OK,21.52,21.13,OK,22.41,22.34,OK,21.43,21.15,OK,0,0,,0,0,,0,0,,5.51,OK,6.8,OK,7.05,OK,7.19,OK,8.03,OK,7.17,OK,0,,0,,0.19,OK,7.4,OK,7.21,OK,7.13,OK,7.59,OK,7.97,OK,7.76,OK,0,,0,,0.18,OK,,,,,,,,,,,,,,,,,,,,,,,,,,,,,,,,,,,,,,,,,,,,,,
2406150251C,NEW KAPPA IN 1.0,CM4P3,2024-06-15 03:38:26,18.625,27.27,OK,23.64,22.98,OK,24.17,23.46,OK,25.36,24.83,OK,26.3,25.6,OK,25.09,24.85,OK,23.97,23.55,OK,0,0,,0,0,,0,0,,0,OK,0,OK,0,OK,0,OK,0,OK,0,OK,0,,0,,0,OK,0,OK,0,OK,0,OK,0,OK,0,OK,0,OK,0,,0,,0,OK,,,,,,,,,,,,,,,,,,,,,,,,,,,,,,,,,,,,,,,,,,,,,,
2406150252C,NEW KAPPA IN 1.0,CM2P8,2024-06-15 03:39:14,18.838,26.92,OK,23.41,22.57,OK,22.29,21.89,OK,22.68,22.22,OK,23.97,23.64,OK,22.26,22.15,OK,21.26,20.84,OK,0,0,,0,0,,0,0,,15.36,OK,15.36,OK,15.36,OK,15.36,OK,15.36,OK,15.36,OK,0,,0,,15.36,OK,15.36,OK,15.36,OK,15.36,OK,15.36,OK,15.36,OK,15.36,OK,0,,0,,15.36,OK,,,,,,,,,,,,,,,,,,,,,,,,,,,,,,,,,,,,,,,,,,,,,,
2406150253C,NEW KAPPA IN 1.0,CM3P6,2024-06-15 03:40:00,19.166,27.98,OK,25.05,24.23,OK,24.08,23.56,OK,27.45,26.9,OK,26.66,26.2,OK,27.52,27.47,OK,24.96,24.69,OK,0,0,,0,0,,0,0,,0,OK,0,OK,0,OK,0,OK,0,OK,0,OK,0,,0,,0,OK,0,OK,0,OK,0,OK,0,OK,0,OK,0,OK,0,,0,,0,OK,,,,,,,,,,,,,,,,,,,,,,,,,,,,,,,,,,,,,,,,,,,,,,
2406150254C,NEW KAPPA IN 1.0,CM1P9,2024-06-15 03:41:17,18.92,27.77,OK,22.04,21.78,OK,22.88,22.62,OK,22.85,22.43,OK,23.58,23.34,OK,20.78,20.71,OK,21.13,20.89,OK,0,0,,0,0,,0,0,,5.47,OK,6.83,OK,7.11,OK,7.35,OK,7.22,OK,7.2,OK,0,,0,,0.22,OK,7.27,OK,7.17,OK,7.23,OK,8.4,OK,8.03,OK,7.66,OK,0,,0,,0.17,OK,,,,,,,,,,,,,,,,,,,,,,,,,,,,,,,,,,,,,,,,,,,,,,
2406150255C,NEW KAPPA IN 1.0,CM4P1,2024-06-15 03:41:38,18.541,26.77,OK,24.54,23.73,OK,24.3,23.57,OK,26.83,26.39,OK,24.5,24.19,OK,24.39,24.21,OK,23.62,23.11,OK,0,0,,0,0,,0,0,,0,OK,0,OK,0,OK,0,OK,0,OK,0,OK,0,,0,,0,OK,0,OK,0,OK,0,OK,0,OK,0,OK,0,OK,0,,0,,0,OK,,,,,,,,,,,,,,,,,,,,,,,,,,,,,,,,,,,,,,,,,,,,,,
2406150256C,NEW KAPPA IN 1.0,CM2P2,2024-06-15 03:42:26,18.89,28.03,OK,24.15,23.57,OK,24.04,23.5,OK,22.26,21.8,OK,22.8,22.33,OK,21.94,21.89,OK,21.19,20.82,OK,0,0,,0,0,,0,0,,15.36,OK,15.36,OK,15.36,OK,15.36,OK,15.36,OK,15.36,OK,0,,0,,15.36,OK,15.36,OK,15.36,OK,15.36,OK,15.36,OK,15.36,OK,15.36,OK,0,,0,,15.36,OK,,,,,,,,,,,,,,,,,,,,,,,,,,,,,,,,,,,,,,,,,,,,,,
2406150257C,NEW KAPPA IN 1.0,CM3P4,2024-06-15 03:43:02,19.198,31.61,OK,25.98,25.48,OK,26.16,25.66,OK,28.29,27.81,OK,28.58,27.72,OK,29.12,29.12,OK,25,24.73,OK,0,0,,0,0,,0,0,,0,OK,0,OK,0,OK,0,OK,0,OK,0,OK,0,,0,,0,OK,0,OK,0,OK,0,OK,0,OK,0,OK,0,OK,0,,0,,0,OK,,,,,,,,,,,,,,,,,,,,,,,,,,,,,,,,,,,,,,,,,,,,,,
2406150258C,NEW KAPPA IN 1.0,CM1P5,2024-06-15 03:44:29,18.875,28.38,OK,22.85,22.53,OK,23.37,22.99,OK,21.2,20.78,OK,22.41,21.92,OK,20.73,20.59,OK,20.8,20.64,OK,0,0,,0,0,,0,0,,5.46,OK,6.82,OK,7.05,OK,7.25,OK,7.15,OK,7.09,OK,0,,0,,0.23,OK,7.33,OK,7.1,OK,7.09,OK,8.13,OK,7.71,OK,7.72,OK,0,,0,,0.18,OK,,,,,,,,,,,,,,,,,,,,,,,,,,,,,,,,,,,,,,,,,,,,,,
2406150259C,NEW KAPPA IN 1.0,CM4P3,2024-06-15 03:44:46,18.657,27,OK,23,22.36,OK,24.7,23.99,OK,23.18,22.58,OK,23.51,22.74,OK,23.77,23.49,OK,22.72,22.23,OK,0,0,,0,0,,0,0,,0,OK,0,OK,0,OK,0,OK,0,OK,0,OK,0,,0,,0,OK,0,OK,0,OK,0,OK,0,OK,0,OK,0,OK,0,,0,,0,OK,,,,,,,,,,,,,,,,,,,,,,,,,,,,,,,,,,,,,,,,,,,,,,
2406150260C,NEW KAPPA IN 1.0,CM2P8,2024-06-15 03:45:34,19.051,28.06,OK,22.05,21.49,OK,22.24,21.77,OK,22.59,22.05,OK,21.49,21.14,OK,21.56,21.45,OK,21.61,21.26,OK,0,0,,0,0,,0,0,,15.36,OK,15.36,OK,15.36,OK,15.36,OK,15.36,OK,15.36,OK,0,,0,,15.36,OK,15.36,OK,15.36,OK,15.36,OK,15.36,OK,15.36,OK,15.36,OK,0,,0,,15.36,OK,,,,,,,,,,,,,,,,,,,,,,,,,,,,,,,,,,,,,,,,,,,,,,
2406150261C,NEW KAPPA IN 1.0,CM3P6,2024-06-15 03:46:20,19.191,32.93,OK,26.04,25.41,OK,24.75,24.32,OK,27.74,26.88,OK,29.15,28.76,OK,28.24,28.17,OK,25.05,24.78,OK,0,0,,0,0,,0,0,,0,OK,0,OK,0,OK,0,OK,0,OK,0,OK,0,,0,,0,OK,0,OK,0,OK,0,OK,0,OK,0,OK,0,OK,0,,0,,0,OK,,,,,,,,,,,,,,,,,,,,,,,,,,,,,,,,,,,,,,,,,,,,,,
2406150262C,NEW KAPPA IN 1.0,C,2024-06-15 03:44:03,18.939,27.6,OK,26.04,25.41,OK,24.75,24.32,OK,27.74,26.88,OK,29.15,28.76,OK,28.24,28.17,OK,25.05,24.78,OK,0,0,,0,0,,0,0,,0,OK,0,OK,0,OK,0,OK,0,OK,0,OK,0,,0,,0,OK,0,OK,0,OK,0,OK,0,OK,0,OK,0,OK,0,,0,,0,OK,,,,,,,,,,,,,,,,,,,,,,,,,,,,,,,,,,,,,,,,,,,,,,
2406150263C,NEW KAPPA IN 1.0,CM4P1,2024-06-15 03:48:08,19.084,28.25,OK,21.95,21.31,OK,24.1,23.35,OK,24.81,24.23,OK,23.64,23.13,OK,23.46,23.29,OK,23.57,23.05,OK,0,0,,0,0,,0,0,,0,OK,0,OK,0,OK,0,OK,0,OK,0,OK,0,,0,,0,OK,0,OK,0,OK,0,OK,0,OK,0,OK,0,OK,0,,0,,0,OK,,,,,,,,,,,,,,,,,,,,,,,,,,,,,,,,,,,,,,,,,,,,,,
2406150264C,NEW KAPPA IN 1.0,CM2P2,2024-06-15 03:48:56,18.686,27.55,OK,23.66,23.1,OK,22.92,22.64,OK,22.47,22.03,OK,21.24,20.84,OK,22.45,22.33,OK,21.98,21.54,OK,0,0,,0,0,,0,0,,15.36,OK,15.36,OK,15.36,OK,15.36,OK,15.36,OK,15.36,OK,0,,0,,15.36,OK,15.36,OK,15.36,OK,15.36,OK,15.36,OK,15.36,OK,15.36,OK,0,,0,,15.36,OK,,,,,,,,,,,,,,,,,,,,,,,,,,,,,,,,,,,,,,,,,,,,,,
2406150265C,NEW KAPPA IN 1.0,CM3P4,2024-06-15 03:49:35,19.088,28.6,OK,24.69,23.83,OK,24.37,24.05,OK,27.52,26.95,OK,28.08,27.33,OK,27.79,27.72,OK,24.71,24.48,OK,0,0,,0,0,,0,0,,0,OK,0,OK,0,OK,0,OK,0,OK,0,OK,0,,0,,0,OK,0,OK,0,OK,0,OK,0,OK,0,OK,0,OK,0,,0,,0,OK,,,,,,,,,,,,,,,,,,,,,,,,,,,,,,,,,,,,,,,,,,,,,,
2406150266C,NEW KAPPA IN 1.0,CM1P5,2024-06-15 03:50:49,19.001,27.98,OK,20.8,20.36,OK,23.86,23.55,OK,22.39,21.9,OK,22.62,22.29,OK,21.59,21.52,OK,22.13,21.83,OK,0,0,,0,0,,0,0,,5.63,OK,6.96,OK,7.32,OK,7.48,OK,8.12,OK,7.34,OK,0,,0,,0.15,OK,7.62,OK,7.36,OK,7.55,OK,8.51,OK,8.47,OK,8.07,OK,0,,0,,0.23,OK,,,,,,,,,,,,,,,,,,,,,,,,,,,,,,,,,,,,,,,,,,,,,,
-30471-D1C,NEW KAPPA IN 1.0,CM1P9,2024-06-15 03:47:41,19.001,27.98,OK,23.23,22.95,OK,24.35,23.9,OK,22.95,22.36,OK,22.5,22.29,OK,21.83,21.83,OK,21.76,21.41,OK,0,0,,0,0,,0,0,,5.54,OK,6.89,OK,7.13,OK,7.48,OK,7.21,OK,7.19,OK,0,,0,,0.23,OK,7.41,OK,7.16,OK,7.28,OK,8.03,OK,7.87,OK,7.63,OK,0,,0,,0.24,OK,,,,,,,,,,,,,,,,,,,,,,,,,,,,,,,,,,,,,,,,,,,,,,
2406150267C,NEW KAPPA IN 1.0,CM4P3,2024-06-15 03:51:13,18.849,27.3,OK,24.28,23.51,OK,25.36,24.7,OK,26.15,25.71,OK,24.52,23.86,OK,22.58,22.39,OK,23.42,22.85,OK,0,0,,0,0,,0,0,,0,OK,0,OK,0,OK,0,OK,0,OK,0,OK,0,,0,,0,OK,0,OK,0,OK,0,OK,0,OK,0,OK,0,OK,0,,0,,0,OK,,,,,,,,,,,,,,,,,,,,,,,,,,,,,,,,,,,,,,,,,,,,,,
2406150268C,NEW KAPPA IN 1.0,CM1P8,2024-06-15 03:54:17,19.192,28.18,OK,20.57,20.29,OK,22.92,22.48,OK,22.27,21.73,OK,21.48,21.31,OK,21.48,21.36,OK,21.64,21.38,OK,0,0,,0,0,,0,0,,5.59,OK,6.9,OK,7.25,OK,7.68,OK,7.21,OK,7.3,OK,0,,0,,0.25,OK,7.56,OK,7.31,OK,7.42,OK,7.88,OK,7.72,OK,7.71,OK,0,,0,,0.21,OK,,,,,,,,,,,,,,,,,,,,,,,,,,,,,,,,,,,,,,,,,,,,,,
2406150269C,NEW KAPPA IN 1.0,CM2P6,2024-06-15 03:54:53,19.127,27.67,OK,25.44,24.92,OK,21.91,21.4,OK,24.13,23.73,OK,23.08,22.71,OK,22.05,21.91,OK,20.63,20.28,OK,0,0,,0,0,,0,0,,15.36,OK,15.36,OK,15.36,OK,15.36,OK,15.36,OK,15.36,OK,0,,0,,15.36,OK,15.36,OK,15.36,OK,15.36,OK,15.36,OK,15.36,OK,15.36,OK,0,,0,,15.36,OK,,,,,,,,,,,,,,,,,,,,,,,,,,,,,,,,,,,,,,,,,,,,,,
2406150270C,NEW KAPPA IN 1.0,CM3P9,2024-06-15 03:55:42,18.724,30.93,OK,25.86,25.07,OK,22.9,22.58,OK,27.13,26.47,OK,26.93,26.5,OK,26.68,26.68,OK,24.55,24.39,OK,0,0,,0,0,,0,0,,0,OK,0,OK,0,OK,0,OK,0,OK,0,OK,0,,0,,0,OK,0,OK,0,OK,0,OK,0,OK,0,OK,0,OK,0,,0,,0,OK,,,,,,,,,,,,,,,,,,,,,,,,,,,,,,,,,,,,,,,,,,,,,,
2406150271C,NEW KAPPA IN 1.0,CM4P1,2024-06-15 03:56:41,18.649,31.08,OK,24.21,23.6,OK,24.15,23.51,OK,24.92,24.48,OK,23.22,22.69,OK,21.92,21.77,OK,21.64,21.15,OK,0,0,,0,0,,0,0,,0,OK,0,OK,0,OK,0,OK,0,OK,0,OK,0,,0,,0,OK,0,OK,0,OK,0,OK,0,OK,0,OK,0,OK,0,,0,,0,OK,,,,,,,,,,,,,,,,,,,,,,,,,,,,,,,,,,,,,,,,,,,,,,
2406150272C,NEW KAPPA IN 1.0,CM1P5,2024-06-15 03:57:55,18.317,30.37,OK,21.73,21.34,OK,22.95,22.53,OK,22.53,21.92,OK,21.45,21.13,OK,20.61,20.54,OK,21.45,21.08,OK,0,0,,0,0,,0,0,,5.36,OK,7.46,OK,6.97,OK,7.03,OK,7.36,OK,7.27,OK,0,,0,,0.16,OK,7.98,OK,7.46,OK,7.36,OK,7.31,OK,7.38,OK,7.32,OK,0,,0,,0.16,OK,,,,,,,,,,,,,,,,,,,,,,,,,,,,,,,,,,,,,,,,,,,,,,
2406150273C,NEW KAPPA IN 1.0,CM2P2,2024-06-15 03:58:28,18.789,32.05,OK,25.46,24.88,OK,23.38,22.96,OK,22.89,22.57,OK,21.45,20.96,OK,21.38,21.24,OK,20.96,20.49,OK,0,0,,0,0,,0,0,,15.36,OK,15.36,OK,15.36,OK,15.36,OK,15.36,OK,15.36,OK,0,,0,,15.36,OK,15.36,OK,15.36,OK,15.36,OK,15.36,OK,15.36,OK,15.36,OK,0,,0,,15.36,OK,,,,,,,,,,,,,,,,,,,,,,,,,,,,,,,,,,,,,,,,,,,,,,
2406150274C,NEW KAPPA IN 1.0,CM3P4,2024-06-15 03:59:20,18.796,31.26,OK,27.65,26.88,OK,23.17,22.67,OK,27.2,26.41,OK,28.72,27.86,OK,28.83,28.72,OK,24.96,24.62,OK,0,0,,0,0,,0,0,,0,OK,0,OK,0,OK,0,OK,0,OK,0,OK,0,,0,,0,OK,0,OK,0,OK,0,OK,0,OK,0,OK,0,OK,0,,0,,0,OK,,,,,,,,,,,,,,,,,,,,,,,,,,,,,,,,,,,,,,,,,,,,,,
2406150275C,NEW KAPPA IN 1.0,CM4P3,2024-06-15 04:00:16,18.694,30.75,OK,22.58,21.75,OK,23.09,22.36,OK,23.86,23.16,OK,23.53,22.89,OK,23.27,22.98,OK,22.12,21.57,OK,0,0,,0,0,,0,0,,0,OK,0,OK,0,OK,0,OK,0,OK,0,OK,0,,0,,0,OK,0,OK,0,OK,0,OK,0,OK,0,OK,0,OK,0,,0,,0,OK,,,,,,,,,,,,,,,,,,,,,,,,,,,,,,,,,,,,,,,,,,,,,,
2406150276C,NEW KAPPA IN 1.0,CM1P8,2024-06-15 04:01:30,18.351,28.91,OK,22.6,22.36,OK,24.28,24.02,OK,22.48,21.99,OK,23.39,23.11,OK,22.11,22.04,OK,22.15,21.9,OK,0,0,,0,0,,0,0,,5.61,OK,6.98,OK,7.23,OK,7.86,OK,7.31,OK,7.33,OK,0,,0,,0.22,OK,7.61,OK,7.36,OK,8.34,OK,8.05,OK,7.73,OK,7.73,OK,0,,0,,0.23,OK,,,,,,,,,,,,,,,,,,,,,,,,,,,,,,,,,,,,,,,,,,,,,,
2406150277C,NEW KAPPA IN 1.0,CM2P6,2024-06-15 04:01:59,19.007,30.31,OK,23.34,22.64,OK,22.4,21.87,OK,23.27,22.87,OK,22.26,21.73,OK,21.35,21.21,OK,20.98,20.4,OK,0,0,,0,0,,0,0,,15.36,OK,15.36,OK,15.36,OK,15.36,OK,15.36,OK,15.36,OK,0,,0,,15.36,OK,15.36,OK,15.36,OK,15.36,OK,15.36,OK,15.36,OK,15.36,OK,0,,0,,15.36,OK,,,,,,,,,,,,,,,,,,,,,,,,,,,,,,,,,,,,,,,,,,,,,,
2406150278C,NEW KAPPA IN 1.0,CM3P9,2024-06-15 04:02:51,18.709,31.48,OK,26,25.32,OK,25.12,24.75,OK,27.29,26.57,OK,28.06,27.31,OK,28.62,28.56,OK,25.5,25.23,OK,0,0,,0,0,,0,0,,0,OK,0,OK,0,OK,0,OK,0,OK,0,OK,0,,0,,0,OK,0,OK,0,OK,0,OK,0,OK,0,OK,0,OK,0,,0,,0,OK,,,,,,,,,,,,,,,,,,,,,,,,,,,,,,,,,,,,,,,,,,,,,,
2406150279C,NEW KAPPA IN 1.0,CM4P1,2024-06-15 04:03:47,18.633,31.17,OK,24.08,23.6,OK,24.83,24.3,OK,25.16,24.61,OK,23.62,22.98,OK,26.19,26.08,OK,23.18,22.63,OK,0,0,,0,0,,0,0,,0,OK,0,OK,0,OK,0,OK,0,OK,0,OK,0,,0,,0,OK,0,OK,0,OK,0,OK,0,OK,0,OK,0,OK,0,,0,,0,OK,,,,,,,,,,,,,,,,,,,,,,,,,,,,,,,,,,,,,,,,,,,,,,
2406150280C,NEW KAPPA IN 1.0,C,2024-06-15 04:01:26,18.801,30.46,OK,24.08,23.6,OK,24.83,24.3,OK,25.16,24.61,OK,23.62,22.98,OK,26.19,26.08,OK,23.18,22.63,OK,0,0,,0,0,,0,0,,0,OK,0,OK,0,OK,0,OK,0,OK,0,OK,0,,0,,0,OK,0,OK,0,OK,0,OK,0,OK,0,OK,0,OK,0,,0,,0,OK,,,,,,,,,,,,,,,,,,,,,,,,,,,,,,,,,,,,,,,,,,,,,,
2406150281C,NEW KAPPA IN 1.0,CM2P2,2024-06-15 04:05:37,18.695,29.31,OK,23.8,23.22,OK,24.85,24.41,OK,22.38,21.96,OK,22.99,22.64,OK,23.08,22.92,OK,21.91,21.56,OK,0,0,,0,0,,0,0,,15.36,OK,15.36,OK,15.36,OK,15.36,OK,15.36,OK,15.36,OK,0,,0,,15.36,OK,15.36,OK,15.36,OK,15.36,OK,15.36,OK,15.36,OK,15.36,OK,0,,0,,15.36,OK,,,,,,,,,,,,,,,,,,,,,,,,,,,,,,,,,,,,,,,,,,,,,,
2406150282C,NEW KAPPA IN 1.0,CM3P4,2024-06-15 04:06:26,18.489,28.75,OK,24.75,23.8,OK,23.99,23.58,OK,27.36,26.68,OK,27.22,26.68,OK,28.22,28.15,OK,24.66,24.42,OK,0,0,,0,0,,0,0,,0,OK,0,OK,0,OK,0,OK,0,OK,0,OK,0,,0,,0,OK,0,OK,0,OK,0,OK,0,OK,0,OK,0,OK,0,,0,,0,OK,,,,,,,,,,,,,,,,,,,,,,,,,,,,,,,,,,,,,,,,,,,,,,
2406150283C,NEW KAPPA IN 1.0,CM4P3,2024-06-15 04:07:21,18.231,30,OK,24.39,23.62,OK,27.78,27.36,OK,26.06,25.66,OK,24.56,24.15,OK,24.78,24.72,OK,24.15,23.66,OK,0,0,,0,0,,0,0,,0,OK,0,OK,0,OK,0,OK,0,OK,0,OK,0,,0,,0,OK,0,OK,0,OK,0,OK,0,OK,0,OK,0,OK,0,,0,,0,OK,,,,,,,,,,,,,,,,,,,,,,,,,,,,,,,,,,,,,,,,,,,,,,
2406150284C,NEW KAPPA IN 1.0,CM1P8,2024-06-15 04:08:35,18.32,29.37,OK,20.64,20.33,OK,24.21,23.72,OK,22.39,21.8,OK,20.96,20.73,OK,20.85,20.8,OK,22.34,22.06,OK,0,0,,0,0,,0,0,,5.39,OK,7.38,OK,6.9,OK,6.88,OK,7.19,OK,7.13,OK,0,,0,,0.13,OK,8.12,OK,7.6,OK,7.53,OK,7.33,OK,7.33,OK,7.47,OK,0,,0,,0.21,OK,,,,,,,,,,,,,,,,,,,,,,,,,,,,,,,,,,,,,,,,,,,,,,
-30466-D1C,NEW KAPPA IN 1.0,CM1P5,2024-06-15 04:05:04,18.32,29.37,OK,22.74,22.48,OK,22.78,22.32,OK,22.34,21.66,OK,22.6,22.13,OK,21.83,21.69,OK,21.01,20.68,OK,0,0,,0,0,,0,0,,5.45,OK,6.8,OK,7.08,OK,7.32,OK,7.79,OK,7.17,OK,0,,0,,0.17,OK,7.48,OK,7.1,OK,7.25,OK,8.31,OK,8.2,OK,7.85,OK,0,,0,,0.18,OK,,,,,,,,,,,,,,,,,,,,,,,,,,,,,,,,,,,,,,,,,,,,,,
2406150285C,NEW KAPPA IN 1.0,CM2P6,2024-06-15 04:09:08,18.47,28.78,OK,24.6,24.06,OK,23.69,23.31,OK,22.85,22.57,OK,23.13,22.68,OK,21.33,21.14,OK,21.73,21.4,OK,0,0,,0,0,,0,0,,15.36,OK,15.36,OK,15.36,OK,15.36,OK,15.36,OK,15.36,OK,0,,0,,15.36,OK,15.36,OK,15.36,OK,15.36,OK,15.36,OK,15.36,OK,15.36,OK,0,,0,,15.36,OK,,,,,,,,,,,,,,,,,,,,,,,,,,,,,,,,,,,,,,,,,,,,,,
2406150286C,NEW KAPPA IN 1.0,CM3P9,2024-06-15 04:10:00,18.47,28.78,OK,24.78,23.99,OK,24.89,24.48,OK,27.36,26.84,OK,27.86,27.43,OK,25.82,25.77,OK,25,24.71,OK,0,0,,0,0,,0,0,,0,OK,0,OK,0,OK,0,OK,0,OK,0,OK,0,,0,,0,OK,0,OK,0,OK,0,OK,0,OK,0,OK,0,OK,0,,0,,0,OK,,,,,,,,,,,,,,,,,,,,,,,,,,,,,,,,,,,,,,,,,,,,,,
2406150287C,NEW KAPPA IN 1.0,CM4P1,2024-06-15 04:10:56,18.098,28.25,OK,21.81,21.26,OK,24.48,23.84,OK,23.82,23.4,OK,23.2,22.41,OK,21.33,21.2,OK,21.46,20.87,OK,0,0,,0,0,,0,0,,0,OK,0,OK,0,OK,0,OK,0,OK,0,OK,0,,0,,0,OK,0,OK,0,OK,0,OK,0,OK,0,OK,0,OK,0,,0,,0,OK,,,,,,,,,,,,,,,,,,,,,,,,,,,,,,,,,,,,,,,,,,,,,,
2406150288C,NEW KAPPA IN 1.0,C,2024-06-15 04:08:32,18.566,29.42,OK,21.81,21.26,OK,24.48,23.84,OK,23.82,23.4,OK,23.2,22.41,OK,21.33,21.2,OK,21.46,20.87,OK,0,0,,0,0,,0,0,,0,OK,0,OK,0,OK,0,OK,0,OK,0,OK,0,,0,,0,OK,0,OK,0,OK,0,OK,0,OK,0,OK,0,OK,0,,0,,0,OK,,,,,,,,,,,,,,,,,,,,,,,,,,,,,,,,,,,,,,,,,,,,,,
2406150289C,NEW KAPPA IN 1.0,CM2P2,2024-06-15 04:12:49,18.172,28.42,OK,23.92,23.13,OK,22.94,22.29,OK,21.4,20.82,OK,23.2,22.78,OK,21.73,21.54,OK,21.98,21.52,OK,0,0,,0,0,,0,0,,15.36,OK,15.36,OK,15.36,OK,15.36,OK,15.36,OK,15.36,OK,0,,0,,15.36,OK,15.36,OK,15.36,OK,15.36,OK,15.36,OK,15.36,OK,15.36,OK,0,,0,,15.36,OK,,,,,,,,,,,,,,,,,,,,,,,,,,,,,,,,,,,,,,,,,,,,,,
2406150290C,NEW KAPPA IN 1.0,CM3P4,2024-06-15 04:13:38,18.188,28.91,OK,24.12,23.42,OK,23.85,23.35,OK,25.98,25.5,OK,26.07,25.55,OK,26.7,26.63,OK,25.39,25.07,OK,0,0,,0,0,,0,0,,0,OK,0,OK,0,OK,0,OK,0,OK,0,OK,0,,0,,0,OK,0,OK,0,OK,0,OK,0,OK,0,OK,0,OK,0,,0,,0,OK,,,,,,,,,,,,,,,,,,,,,,,,,,,,,,,,,,,,,,,,,,,,,,
2406150291C,NEW KAPPA IN 1.0,CM4P3,2024-06-15 04:14:34,18.085,27.91,OK,23.16,22.5,OK,24.08,23.27,OK,24.32,23.73,OK,23.22,22.56,OK,23.22,23.05,OK,23.57,23.02,OK,0,0,,0,0,,0,0,,0,OK,0,OK,0,OK,0,OK,0,OK,0,OK,0,,0,,0,OK,0,OK,0,OK,0,OK,0,OK,0,OK,0,OK,0,,0,,0,OK,,,,,,,,,,,,,,,,,,,,,,,,,,,,,,,,,,,,,,,,,,,,,,
2406150292C,NEW KAPPA IN 1.0,CM1P8,2024-06-15 04:15:51,19.183,31.33,OK,20.38,20.19,OK,23.13,22.85,OK,22.85,22.39,OK,21.83,21.57,OK,21.38,21.29,OK,22.36,22.13,OK,0,0,,0,0,,0,0,,5.44,OK,6.68,OK,6.95,OK,7.03,OK,7.18,OK,7.18,OK,0,,0,,0.2,OK,8.02,OK,7.43,OK,7.46,OK,7.22,OK,7.35,OK,7.34,OK,0,,0,,0.22,OK,,,,,,,,,,,,,,,,,,,,,,,,,,,,,,,,,,,,,,,,,,,,,,
-30464-D1C,NEW KAPPA IN 1.0,CM1P5,2024-06-15 04:12:16,19.183,31.33,OK,23.25,22.9,OK,23.62,23.23,OK,24.02,23.62,OK,22.9,22.62,OK,20.92,20.75,OK,22.9,22.55,OK,0,0,,0,0,,0,0,,5.46,OK,6.79,OK,7.02,OK,7.09,OK,7.39,OK,7.57,OK,0,,0,,0.16,OK,7.53,OK,7.2,OK,7.21,OK,7.25,OK,7.23,OK,7.49,OK,0,,0,,0.26,OK,,,,,,,,,,,,,,,,,,,,,,,,,,,,,,,,,,,,,,,,,,,,,,
2406150293C,NEW KAPPA IN 1.0,CM2P6,2024-06-15 04:16:27,18.135,28.07,OK,22.99,22.45,OK,22.87,22.54,OK,22.99,22.5,OK,23.34,22.92,OK,21.63,21.52,OK,23.1,22.73,OK,0,0,,0,0,,0,0,,15.36,OK,15.36,OK,15.36,OK,15.36,OK,15.36,OK,15.36,OK,0,,0,,15.36,OK,15.36,OK,15.36,OK,15.36,OK,15.36,OK,15.36,OK,15.36,OK,0,,0,,15.36,OK,,,,,,,,,,,,,,,,,,,,,,,,,,,,,,,,,,,,,,,,,,,,,,
2406150294C,NEW KAPPA IN 1.0,CM3P9,2024-06-15 04:17:19,18.607,29.62,OK,24.21,23.51,OK,24.44,23.96,OK,28.29,27.43,OK,29.96,28.99,OK,28.4,28.35,OK,24.96,24.73,OK,0,0,,0,0,,0,0,,0,OK,0,OK,0,OK,0,OK,0,OK,0,OK,0,,0,,0,OK,0,OK,0,OK,0,OK,0,OK,0,OK,0,OK,0,,0,,0,OK,,,,,,,,,,,,,,,,,,,,,,,,,,,,,,,,,,,,,,,,,,,,,,
2406150295C,NEW KAPPA IN 1.0,CM4P1,2024-06-15 04:18:15,18.223,29.83,OK,22.28,21.51,OK,23.95,23.16,OK,23.88,23.38,OK,22.94,22.54,OK,23.44,23.13,OK,22.36,21.86,OK,0,0,,0,0,,0,0,,0,OK,0,OK,0,OK,0,OK,0,OK,0,OK,0,,0,,0,OK,0,OK,0,OK,0,OK,0,OK,0,OK,0,OK,0,,0,,0,OK,,,,,,,,,,,,,,,,,,,,,,,,,,,,,,,,,,,,,,,,,,,,,,
2406150296C,NEW KAPPA IN 1.0,CM1P5,2024-06-15 04:19:29,18.134,29.06,OK,20.4,20.05,OK,21.92,21.64,OK,22.08,21.5,OK,21.31,20.99,OK,20.54,20.36,OK,21.27,20.87,OK,0,0,,0,0,,0,0,,5.41,OK,6.71,OK,6.78,OK,6.96,OK,7.2,OK,7.2,OK,0,,0,,0.17,OK,7.64,OK,7.23,OK,7.18,OK,7.18,OK,7.18,OK,7.26,OK,0,,0,,0.18,OK,,,,,,,,,,,,,,,,,,,,,,,,,,,,,,,,,,,,,,,,,,,,,,
2406150297C,NEW KAPPA IN 1.0,CM2P2,2024-06-15 04:20:05,18.321,27.27,OK,21.21,20.42,OK,22.19,21.75,OK,21.21,20.84,OK,21.8,21.54,OK,19.46,19.25,OK,20.49,20.07,OK,0,0,,0,0,,0,0,,15.36,OK,15.36,OK,15.36,OK,15.36,OK,15.36,OK,15.36,OK,0,,0,,15.36,OK,15.36,OK,15.36,OK,15.36,OK,15.36,OK,15.36,OK,15.36,OK,0,,0,,15.36,OK,,,,,,,,,,,,,,,,,,,,,,,,,,,,,,,,,,,,,,,,,,,,,,
2406150298C,NEW KAPPA IN 1.0,CM3P4,2024-06-15 04:20:57,18.746,29.43,OK,24.96,24.3,OK,24.71,24.17,OK,27,26.41,OK,29.46,28.62,OK,26.47,26.38,OK,25.03,24.75,OK,0,0,,0,0,,0,0,,0,OK,0,OK,0,OK,0,OK,0,OK,0,OK,0,,0,,0,OK,0,OK,0,OK,0,OK,0,OK,0,OK,0,OK,0,,0,,0,OK,,,,,,,,,,,,,,,,,,,,,,,,,,,,,,,,,,,,,,,,,,,,,,
2406150299C,NEW KAPPA IN 1.0,CM1P3,2024-06-15 08:02:00,19.136,29.01,OK,23.69,23.18,OK,23.3,22.76,OK,22.97,22.22,OK,22.6,21.97,OK,21.55,21.38,OK,22.04,21.66,OK,0,0,,0,0,,0,0,,5.27,OK,6.69,OK,7.06,OK,7.52,OK,7.02,OK,7.03,OK,0,,0,,0.17,OK,7.6,OK,7.27,OK,7.19,OK,7.73,OK,7.52,OK,7.43,OK,0,,0,,0.18,OK,,,,,,,,,,,,,,,,,,,,,,,,,,,,,,,,,,,,,,,,,,,,,,
2406150300C,NEW KAPPA IN 1.0,CM2P8,2024-06-15 08:02:19,18.391,28.92,OK,23.38,22.85,OK,22.82,22.47,OK,21.63,21.28,OK,21.14,20.72,OK,21.4,21.35,OK,20.47,20.07,OK,0,0,,0,0,,0,0,,15.36,OK,15.36,OK,15.36,OK,15.36,OK,15.36,OK,15.36,OK,0,,0,,15.36,OK,15.36,OK,15.36,OK,15.36,OK,15.36,OK,15.36,OK,15.36,OK,0,,0,,15.36,OK,,,,,,,,,,,,,,,,,,,,,,,,,,,,,,,,,,,,,,,,,,,,,,
2406150301C,NEW KAPPA IN 1.0,CM3P6,2024-06-15 08:03:05,18.66,31.98,OK,23.42,22.94,OK,23.65,23.17,OK,23.78,22.99,OK,25.14,24.35,OK,24.62,24.44,OK,23.71,23.37,OK,0,0,,0,0,,0,0,,0,OK,0,OK,0,OK,0,OK,0,OK,0,OK,0,,0,,0,OK,0,OK,0,OK,0,OK,0,OK,0,OK,0,OK,0,,0,,0,OK,,,,,,,,,,,,,,,,,,,,,,,,,,,,,,,,,,,,,,,,,,,,,,
2406150302C,NEW KAPPA IN 1.0,CM4P9,2024-06-15 08:03:51,18.501,31.25,OK,23.33,22.83,OK,25.38,24.85,OK,24.78,24.21,OK,25.16,24.67,OK,24.52,24.41,OK,24.72,24.39,OK,0,0,,0,0,,0,0,,0,OK,0,OK,0,OK,0,OK,0,OK,0,OK,0,,0,,0,OK,0,OK,0,OK,0,OK,0,OK,0,OK,0,OK,0,,0,,0,OK,,,,,,,,,,,,,,,,,,,,,,,,,,,,,,,,,,,,,,,,,,,,,,
2406150303C,NEW KAPPA IN 1.0,CM1P5,2024-06-15 08:05:08,19.171,29.16,OK,22.29,21.59,OK,22.13,21.41,OK,22.01,21.48,OK,21.85,21.41,OK,21.62,21.48,OK,21.29,20.8,OK,0,0,,0,0,,0,0,,5.67,OK,6.97,OK,6.83,OK,6.87,OK,7.12,OK,7.26,OK,0,,0,,0.2,OK,7.35,OK,7.6,OK,7.45,OK,7.37,OK,7.38,OK,7.3,OK,0,,0,,0.25,OK,,,,,,,,,,,,,,,,,,,,,,,,,,,,,,,,,,,,,,,,,,,,,,
2406150304C,NEW KAPPA IN 1.0,CM2P2,2024-06-15 08:05:34,18.614,31.51,OK,23.36,22.66,OK,23.31,22.85,OK,23.71,23.38,OK,21.89,21.45,OK,21.49,21.42,OK,21.24,20.79,OK,0,0,,0,0,,0,0,,15.36,OK,15.36,OK,15.36,OK,15.36,OK,15.36,OK,15.36,OK,0,,0,,15.36,OK,15.36,OK,15.36,OK,15.36,OK,15.36,OK,15.36,OK,15.36,OK,0,,0,,15.36,OK,,,,,,,,,,,,,,,,,,,,,,,,,,,,,,,,,,,,,,,,,,,,,,
2406150305C,NEW KAPPA IN 1.0,CM3P4,2024-06-15 08:06:14,18.461,29.48,OK,22.47,21.9,OK,22.99,22.56,OK,24.89,24.05,OK,25.12,24.48,OK,25.28,25.09,OK,23.06,22.72,OK,0,0,,0,0,,0,0,,0,OK,0,OK,0,OK,0,OK,0,OK,0,OK,0,,0,,0,OK,0,OK,0,OK,0,OK,0,OK,0,OK,0,OK,0,,0,,0,OK,,,,,,,,,,,,,,,,,,,,,,,,,,,,,,,,,,,,,,,,,,,,,,
2406150306C,NEW KAPPA IN 1.0,CM4P1,2024-06-15 08:06:59,18.461,29.48,OK,22.12,21.53,OK,24.52,23.93,OK,25.33,24.87,OK,22.85,22.3,OK,23.57,23.53,OK,22.14,21.81,OK,0,0,,0,0,,0,0,,0,OK,0,OK,0,OK,0,OK,0,OK,0,OK,0,,0,,0,OK,0,OK,0,OK,0,OK,0,OK,0,OK,0,OK,0,,0,,0,OK,,,,,,,,,,,,,,,,,,,,,,,,,,,,,,,,,,,,,,,,,,,,,,
2406150307C,NEW KAPPA IN 1.0,CM1P3,2024-06-15 08:08:20,18.516,29.45,OK,22.85,22.27,OK,23.74,23.23,OK,22.99,22.43,OK,22.39,22.15,OK,22.78,22.53,OK,22.69,22.06,OK,0,0,,0,0,,0,0,,5.54,OK,6.85,OK,7.1,OK,7.26,OK,7.26,OK,7.3,OK,0,,0,,0.22,OK,7.8,OK,7.37,OK,7.35,OK,8.72,OK,7.86,OK,7.63,OK,0,,0,,0.18,OK,,,,,,,,,,,,,,,,,,,,,,,,,,,,,,,,,,,,,,,,,,,,,,
2406150308C,NEW KAPPA IN 1.0,CM2P8,2024-06-15 08:08:43,18.682,28.48,OK,25.44,24.9,OK,23.41,22.94,OK,22.71,22.33,OK,22.57,22.1,OK,22.87,22.8,OK,21.63,21.33,OK,0,0,,0,0,,0,0,,15.36,OK,15.36,OK,15.36,OK,15.36,OK,15.36,OK,15.36,OK,0,,0,,15.36,OK,15.36,OK,15.36,OK,15.36,OK,15.36,OK,15.36,OK,15.36,OK,0,,0,,15.36,OK,,,,,,,,,,,,,,,,,,,,,,,,,,,,,,,,,,,,,,,,,,,,,,
2406150309C,NEW KAPPA IN 1.0,CM3P6,2024-06-15 08:09:25,18.172,28.12,OK,25.32,24.8,OK,26.29,26,OK,25.07,24.32,OK,25.48,24.75,OK,28.29,28.17,OK,24.8,24.53,OK,0,0,,0,0,,0,0,,0,OK,0,OK,0,OK,0,OK,0,OK,0,OK,0,,0,,0,OK,0,OK,0,OK,0,OK,0,OK,0,OK,0,OK,0,,0,,0,OK,,,,,,,,,,,,,,,,,,,,,,,,,,,,,,,,,,,,,,,,,,,,,,
2406150310C,NEW KAPPA IN 1.0,CM4P9,2024-06-15 08:10:08,18.327,29.98,OK,22.56,21.97,OK,23.42,22.87,OK,24.67,24.23,OK,22.83,22.34,OK,24.45,24.34,OK,24.43,24.06,OK,0,0,,0,0,,0,0,,0,OK,0,OK,0,OK,0,OK,0,OK,0,OK,0,,0,,0,OK,0,OK,0,OK,0,OK,0,OK,0,OK,0,OK,0,,0,,0,OK,,,,,,,,,,,,,,,,,,,,,,,,,,,,,,,,,,,,,,,,,,,,,,
2406150311C,NEW KAPPA IN 1.0,CM1P5,2024-06-15 08:11:28,18.253,27.67,OK,22.55,21.92,OK,23.32,22.71,OK,23.48,22.9,OK,21.5,21.29,OK,22.83,22.74,OK,21.1,20.89,OK,0,0,,0,0,,0,0,,5.56,OK,7.02,OK,7.01,OK,7.07,OK,7.4,OK,7.45,OK,0,,0,,0.19,OK,7.47,OK,8.26,OK,7.6,OK,7.5,OK,7.61,OK,7.54,OK,0,,0,,0.19,OK,,,,,,,,,,,,,,,,,,,,,,,,,,,,,,,,,,,,,,,,,,,,,,
2406150312C,NEW KAPPA IN 1.0,CM2P2,2024-06-15 08:11:51,18.36,29.6,OK,22.54,21.66,OK,23.8,23.43,OK,22.89,22.5,OK,22.08,21.61,OK,22.38,22.19,OK,20.28,19.86,OK,0,0,,0,0,,0,0,,15.36,OK,15.36,OK,15.36,OK,15.36,OK,15.36,OK,15.36,OK,0,,0,,15.36,OK,15.36,OK,15.36,OK,15.36,OK,15.36,OK,15.36,OK,15.36,OK,0,,0,,15.36,OK,,,,,,,,,,,,,,,,,,,,,,,,,,,,,,,,,,,,,,,,,,,,,,
2406150313C,NEW KAPPA IN 1.0,CM3P4,2024-06-15 08:12:34,18.281,28.41,OK,24.48,23.8,OK,24.26,23.92,OK,25.34,24.51,OK,26.97,26.09,OK,26.95,26.77,OK,24.96,24.73,OK,0,0,,0,0,,0,0,,0,OK,0,OK,0,OK,0,OK,0,OK,0,OK,0,,0,,0,OK,0,OK,0,OK,0,OK,0,OK,0,OK,0,OK,0,,0,,0,OK,,,,,,,,,,,,,,,,,,,,,,,,,,,,,,,,,,,,,,,,,,,,,,
2406150314C,NEW KAPPA IN 1.0,CM4P1,2024-06-15 08:13:16,18.147,30.47,OK,21.77,21.26,OK,23.57,23.07,OK,25.25,24.63,OK,23.38,23,OK,22.67,22.61,OK,22.12,21.7,OK,0,0,,0,0,,0,0,,0,OK,0,OK,0,OK,0,OK,0,OK,0,OK,0,,0,,0,OK,0,OK,0,OK,0,OK,0,OK,0,OK,0,OK,0,,0,,0,OK,,,,,,,,,,,,,,,,,,,,,,,,,,,,,,,,,,,,,,,,,,,,,,
2406150315C,NEW KAPPA IN 1.0,CM1P3,2024-06-15 08:14:40,18.364,31.01,OK,25.96,25.49,OK,23.58,23.06,OK,23.74,23.06,OK,23.16,22.78,OK,21.97,21.8,OK,22.71,22.41,OK,0,0,,0,0,,0,0,,5.46,OK,6.83,OK,7.02,OK,7.23,OK,7.15,OK,7.21,OK,0,,0,,0.21,OK,7.8,OK,7.23,OK,7.33,OK,7.99,OK,7.54,OK,7.52,OK,0,,0,,0.25,OK,,,,,,,,,,,,,,,,,,,,,,,,,,,,,,,,,,,,,,,,,,,,,,
2406150316C,NEW KAPPA IN 1.0,CM2P8,2024-06-15 08:15:03,18.999,32.3,OK,22.73,22.22,OK,21.56,21.03,OK,23.01,22.54,OK,21.7,21.28,OK,21.1,21,OK,21.19,20.79,OK,0,0,,0,0,,0,0,,15.36,OK,15.36,OK,15.36,OK,15.36,OK,15.36,OK,15.36,OK,0,,0,,15.36,OK,15.36,OK,15.36,OK,15.36,OK,15.36,OK,15.36,OK,15.36,OK,0,,0,,15.36,OK,,,,,,,,,,,,,,,,,,,,,,,,,,,,,,,,,,,,,,,,,,,,,,
2406150317C,NEW KAPPA IN 1.0,CM3P6,2024-06-15 08:15:46,18.349,29.12,OK,24.03,23.49,OK,23.53,23.13,OK,27.13,26.27,OK,25.84,24.91,OK,25.95,25.84,OK,23.99,23.76,OK,0,0,,0,0,,0,0,,0,OK,0,OK,0,OK,0,OK,0,OK,0,OK,0,,0,,0,OK,0,OK,0,OK,0,OK,0,OK,0,OK,0,OK,0,,0,,0,OK,,,,,,,,,,,,,,,,,,,,,,,,,,,,,,,,,,,,,,,,,,,,,,
2406150318C,NEW KAPPA IN 1.0,CM4P9,2024-06-15 08:16:31,18.736,31.12,OK,22.63,22.1,OK,22.01,21.35,OK,26.37,25.93,OK,23.88,23.42,OK,23.02,22.89,OK,23.99,23.71,OK,0,0,,0,0,,0,0,,0,OK,0,OK,0,OK,0,OK,0,OK,0,OK,0,,0,,0,OK,0,OK,0,OK,0,OK,0,OK,0,OK,0,OK,0,,0,,0,OK,,,,,,,,,,,,,,,,,,,,,,,,,,,,,,,,,,,,,,,,,,,,,,
2406150319C,NEW KAPPA IN 1.0,CM1P5,2024-06-15 08:17:52,18.298,29.56,OK,22.6,22.13,OK,23.34,22.81,OK,22.95,22.34,OK,23.13,22.76,OK,21.27,21.17,OK,21.85,21.41,OK,0,0,,0,0,,0,0,,5.51,OK,6.97,OK,6.88,OK,6.99,OK,7.26,OK,7.32,OK,0,,0,,0.19,OK,7.28,OK,7.72,OK,7.37,OK,7.24,OK,7.46,OK,7.3,OK,0,,0,,0.23,OK,,,,,,,,,,,,,,,,,,,,,,,,,,,,,,,,,,,,,,,,,,,,,,
2406150320C,NEW KAPPA IN 1.0,CM2P2,2024-06-15 08:18:15,18.109,27.57,OK,24.25,23.62,OK,24.18,23.9,OK,24.2,23.83,OK,22.96,22.61,OK,22.71,22.61,OK,22.1,21.7,OK,0,0,,0,0,,0,0,,15.36,OK,15.36,OK,15.36,OK,15.36,OK,15.36,OK,15.36,OK,0,,0,,15.36,OK,15.36,OK,15.36,OK,15.36,OK,15.36,OK,15.36,OK,15.36,OK,0,,0,,15.36,OK,,,,,,,,,,,,,,,,,,,,,,,,,,,,,,,,,,,,,,,,,,,,,,
2406150321C,NEW KAPPA IN 1.0,CM3P4,2024-06-15 08:18:51,18.334,29.92,OK,25,24.57,OK,24.62,24.3,OK,26.68,25.91,OK,26.16,25.34,OK,28.08,27.81,OK,23.94,23.58,OK,0,0,,0,0,,0,0,,0,OK,0,OK,0,OK,0,OK,0,OK,0,OK,0,,0,,0,OK,0,OK,0,OK,0,OK,0,OK,0,OK,0,OK,0,,0,,0,OK,,,,,,,,,,,,,,,,,,,,,,,,,,,,,,,,,,,,,,,,,,,,,,
2406150357D,ATKINSON 3.8 OCV,DM2P7,2024-06-15 08:20:49,18.988,23.77,OK,26.81,26.71,OK,26.98,26.83,OK,26.42,26.32,OK,27.9,27.8,OK,25.04,25.01,OK,25.62,25.62,OK,25.47,25.45,OK,0,0,,0,0,,11.28,OK,10.86,OK,10.97,OK,10.85,OK,10.84,OK,10.84,OK,10.86,OK,0,,0,OK,9.87,OK,10.02,OK,9.86,OK,9.94,OK,9.95,OK,10,OK,9.95,OK,0,,0,OK,,,,,,,,,,,,,,,,,,,,,,,,,,,,,,,,,,,,,,,,,,,,,,
2406150322C,NEW KAPPA IN 1.0,CM4P1,2024-06-15 08:19:40,18.242,29.73,OK,21.88,21,OK,23.07,22.5,OK,24.48,23.82,OK,26.35,25.88,OK,21.57,21.48,OK,22.43,22.14,OK,0,0,OK,0,0,,0,0,,0,OK,0,OK,0,OK,0,OK,0,OK,0,OK,0,OK,0,,0,OK,0,OK,0,OK,0,OK,0,OK,0,OK,0,OK,0,OK,0,,0,OK,,,,,,,,,,,,,,,,,,,,,,,,,,,,,,,,,,,,,,,,,,,,,,
2406150358D,ATKINSON 3.8 OCV,DM3P4,2024-06-15 08:21:35,18.991,23.75,OK,25.1,25.08,OK,24.54,23.85,OK,23.62,23.41,OK,23.43,23.15,OK,24.61,24.43,OK,24.94,24.8,OK,24.15,23.82,OK,0,0,,0,0,,11.77,OK,11.82,OK,11.68,OK,11.77,OK,11.8,OK,11.93,OK,11.93,OK,0,,0,OK,12.81,OK,12.81,OK,12.8,OK,12.76,OK,12.77,OK,12.75,OK,12.78,OK,0,,0,OK,,,,,,,,,,,,,,,,,,,,,,,,,,,,,,,,,,,,,,,,,,,,,,
2406150323C,NEW KAPPA IN 1.0,CM1P3,2024-06-15 08:30:26,18.744,29.18,OK,22.08,21.71,OK,21.41,21.08,OK,22.62,21.87,OK,23.04,22.62,OK,22.46,22.22,OK,21.71,21.27,OK,0,0,OK,0,0,,0,0,,5.3,OK,6.69,OK,6.86,OK,7,OK,7.28,OK,7.33,OK,0,OK,0,,0.2,OK,8.38,OK,7.47,OK,7.26,OK,7.38,OK,8.56,OK,7.7,OK,0,OK,0,,0.22,OK,,,,,,,,,,,,,,,,,,,,,,,,,,,,,,,,,,,,,,,,,,,,,,
2406150324C,NEW KAPPA IN 1.0,CM2P8,2024-06-15 08:30:55,19.197,28.15,OK,23.73,23.31,OK,21.75,21.4,OK,22.85,22.45,OK,21.45,21,OK,22.05,21.98,OK,21.42,21.17,OK,0,0,OK,0,0,,0,0,,15.36,OK,15.36,OK,15.36,OK,15.36,OK,15.36,OK,15.36,OK,0,OK,0,,15.36,OK,15.36,OK,15.36,OK,15.36,OK,15.36,OK,15.36,OK,15.36,OK,0,OK,0,,15.36,OK,,,,,,,,,,,,,,,,,,,,,,,,,,,,,,,,,,,,,,,,,,,,,,
2406150325C,NEW KAPPA IN 1.0,CM3P6,2024-06-15 08:31:38,18.258,30.25,OK,23.65,22.85,OK,23.17,22.74,OK,24.73,24.05,OK,25.12,24.48,OK,28.01,27.86,OK,23.87,23.51,OK,0,0,OK,0,0,,0,0,,0,OK,0,OK,0,OK,0,OK,0,OK,0,OK,0,OK,0,,0,OK,0,OK,0,OK,0,OK,0,OK,0,OK,0,OK,0,OK,0,,0,OK,,,,,,,,,,,,,,,,,,,,,,,,,,,,,,,,,,,,,,,,,,,,,,
2406150326C,NEW KAPPA IN 1.0,CM4P9,2024-06-15 08:32:20,18.618,27.91,OK,23.09,22.67,OK,23.73,23.35,OK,24.56,24.28,OK,23.22,22.76,OK,23.42,23.38,OK,21.44,21.15,OK,0,0,OK,0,0,,0,0,,0,OK,0,OK,0,OK,0,OK,0,OK,0,OK,0,OK,0,,0,OK,0,OK,0,OK,0,OK,0,OK,0,OK,0,OK,0,OK,0,,0,OK,,,,,,,,,,,,,,,,,,,,,,,,,,,,,,,,,,,,,,,,,,,,,,
2406150327C,NEW KAPPA IN 1.0,CM1P5,2024-06-15 08:33:38,18.699,29.65,OK,21.27,20.92,OK,22.46,22.04,OK,22.74,22.2,OK,22.13,21.78,OK,21.34,21.2,OK,22.06,21.59,OK,0,0,OK,0,0,,0,0,,5.47,OK,6.87,OK,6.98,OK,6.87,OK,7.27,OK,7.3,OK,0,OK,0,,0.19,OK,7.3,OK,8.15,OK,7.52,OK,7.36,OK,7.23,OK,7.4,OK,0,OK,0,,0.29,OK,,,,,,,,,,,,,,,,,,,,,,,,,,,,,,,,,,,,,,,,,,,,,,
2406150328C,NEW KAPPA IN 1.0,CM2P2,2024-06-15 08:34:01,18.774,29.6,OK,25.37,24.74,OK,23.69,23.24,OK,23.36,22.94,OK,22.61,22.12,OK,22.15,21.96,OK,22.73,22.26,OK,0,0,OK,0,0,,0,0,,15.36,OK,15.36,OK,15.36,OK,15.36,OK,15.36,OK,15.36,OK,0,OK,0,,15.36,OK,15.36,OK,15.36,OK,15.36,OK,15.36,OK,15.36,OK,15.36,OK,0,OK,0,,15.36,OK,,,,,,,,,,,,,,,,,,,,,,,,,,,,,,,,,,,,,,,,,,,,,,
2406150329C,NEW KAPPA IN 1.0,CM3P4,2024-06-15 08:34:40,19.043,27.63,OK,23.44,22.79,OK,23.26,22.88,OK,27.15,26.25,OK,26.18,25.37,OK,25.82,25.71,OK,23.35,23.06,OK,0,0,OK,0,0,,0,0,,0,OK,0,OK,0,OK,0,OK,0,OK,0,OK,0,OK,0,,0,OK,0,OK,0,OK,0,OK,0,OK,0,OK,0,OK,0,OK,0,,0,OK,,,,,,,,,,,,,,,,,,,,,,,,,,,,,,,,,,,,,,,,,,,,,,
2406150330C,NEW KAPPA IN 1.0,CM4P1,2024-06-15 08:35:26,18.299,28.01,OK,21,20.21,OK,23.53,23.07,OK,23.71,23.02,OK,23.22,22.83,OK,24.76,24.7,OK,22.28,21.92,OK,0,0,OK,0,0,,0,0,,0,OK,0,OK,0,OK,0,OK,0,OK,0,OK,0,OK,0,,0,OK,0,OK,0,OK,0,OK,0,OK,0,OK,0,OK,0,OK,0,,0,OK,,,,,,,,,,,,,,,,,,,,,,,,,,,,,,,,,,,,,,,,,,,,,,
2406150331C,NEW KAPPA IN 1.0,CM1P3,2024-06-15 08:36:49,18.481,26.98,OK,24,23.44,OK,22.99,22.57,OK,24.11,23.62,OK,22.67,22.27,OK,22.04,21.97,OK,22.71,22.32,OK,0,0,OK,0,0,,0,0,,5.47,OK,6.87,OK,7.21,OK,7.02,OK,7.41,OK,7.37,OK,0,OK,0,,0.17,OK,7.64,OK,7.4,OK,8.53,OK,7.77,OK,7.72,OK,7.59,OK,0,OK,0,,0.19,OK,,,,,,,,,,,,,,,,,,,,,,,,,,,,,,,,,,,,,,,,,,,,,,
2406150332C,NEW KAPPA IN 1.0,CM2P8,2024-06-15 08:37:12,18.222,27.62,OK,23.78,23.43,OK,21.94,21.59,OK,22.5,22.15,OK,22.96,22.57,OK,22.01,21.96,OK,21.89,21.61,OK,0,0,OK,0,0,,0,0,,15.36,OK,15.36,OK,15.36,OK,15.36,OK,15.36,OK,15.36,OK,0,OK,0,,15.36,OK,15.36,OK,15.36,OK,15.36,OK,15.36,OK,15.36,OK,15.36,OK,0,OK,0,,15.36,OK,,,,,,,,,,,,,,,,,,,,,,,,,,,,,,,,,,,,,,,,,,,,,,
2406150333C,NEW KAPPA IN 1.0,CM3P6,2024-06-15 08:37:48,18.697,28.28,OK,23.35,22.79,OK,23.87,23.44,OK,26.04,25.28,OK,26.27,25.3,OK,25.55,25.39,OK,23.87,23.42,OK,0,0,OK,0,0,,0,0,,0,OK,0,OK,0,OK,0,OK,0,OK,0,OK,0,OK,0,,0,OK,0,OK,0,OK,0,OK,0,OK,0,OK,0,OK,0,OK,0,,0,OK,,,,,,,,,,,,,,,,,,,,,,,,,,,,,,,,,,,,,,,,,,,,,,
2406150334C,NEW KAPPA IN 1.0,CM4P9,2024-06-15 08:38:34,18.046,26.38,OK,22.01,21.46,OK,23.66,23.18,OK,25.07,24.45,OK,23.64,23.11,OK,24.52,24.39,OK,23.55,23.27,OK,0,0,OK,0,0,,0,0,,0,OK,0,OK,0,OK,0,OK,0,OK,0,OK,0,OK,0,,0,OK,0,OK,0,OK,0,OK,0,OK,0,OK,0,OK,0,OK,0,,0,OK,,,,,,,,,,,,,,,,,,,,,,,,,,,,,,,,,,,,,,,,,,,,,,
2406150335C,NEW KAPPA IN 1.0,CM1P5,2024-06-15 08:40:01,18.095,25.11,OK,21.9,21.52,OK,22.48,21.92,OK,23.06,22.62,OK,22.39,21.99,OK,22.25,22.13,OK,21.97,21.57,OK,0,0,OK,0,0,,0,0,,5.49,OK,6.85,OK,7.15,OK,7.33,OK,7.31,OK,7.26,OK,0,OK,0,,0.23,OK,7.87,OK,7.37,OK,7.36,OK,8.18,OK,7.73,OK,7.61,OK,0,OK,0,,0.23,OK,,,,,,,,,,,,,,,,,,,,,,,,,,,,,,,,,,,,,,,,,,,,,,
2406150336C,NEW KAPPA IN 1.0,CM2P2,2024-06-15 08:40:24,18.283,28.2,OK,23.06,22.47,OK,23.01,22.52,OK,23.83,23.43,OK,22.82,22.45,OK,22.78,22.57,OK,22.01,21.61,OK,0,0,OK,0,0,,0,0,,15.36,OK,15.36,OK,15.36,OK,15.36,OK,15.36,OK,15.36,OK,0,OK,0,,15.36,OK,15.36,OK,15.36,OK,15.36,OK,15.36,OK,15.36,OK,15.36,OK,0,OK,0,,15.36,OK,,,,,,,,,,,,,,,,,,,,,,,,,,,,,,,,,,,,,,,,,,,,,,
2406150337C,NEW KAPPA IN 1.0,CM3P4,2024-06-15 08:41:03,18.232,28.55,OK,21.38,21.02,OK,21.45,21.18,OK,25.32,24.53,OK,24.85,23.99,OK,26.43,26.2,OK,23.76,23.46,OK,0,0,OK,0,0,,0,0,,0,OK,0,OK,0,OK,0,OK,0,OK,0,OK,0,OK,0,,0,OK,0,OK,0,OK,0,OK,0,OK,0,OK,0,OK,0,OK,0,,0,OK,,,,,,,,,,,,,,,,,,,,,,,,,,,,,,,,,,,,,,,,,,,,,,
2406150338C,NEW KAPPA IN 1.0,CM4P1,2024-06-15 08:41:56,18.191,26.26,OK,21.4,20.85,OK,24.43,23.95,OK,26.28,25.69,OK,23.84,23.49,OK,24.41,24.28,OK,22.76,22.45,OK,0,0,OK,0,0,,0,0,,0,OK,0,OK,0,OK,0,OK,0,OK,0,OK,0,OK,0,,0,OK,0,OK,0,OK,0,OK,0,OK,0,OK,0,OK,0,OK,0,,0,OK,,,,,,,,,,,,,,,,,,,,,,,,,,,,,,,,,,,,,,,,,,,,,,
2406150339C,NEW KAPPA IN 1.0,CM1P3,2024-06-15 08:43:10,18.201,28.31,OK,22.32,21.97,OK,23.81,23.34,OK,23.11,22.48,OK,22.39,21.9,OK,22.43,22.22,OK,22.95,22.48,OK,0,0,OK,0,0,,0,0,,5.5,OK,6.86,OK,7.08,OK,7.2,OK,8.1,OK,7.4,OK,0,OK,0,,0.29,OK,8.34,OK,7.59,OK,7.43,OK,7.47,OK,7.89,OK,7.89,OK,0,OK,0,,0.25,OK,,,,,,,,,,,,,,,,,,,,,,,,,,,,,,,,,,,,,,,,,,,,,,
2406150340C,NEW KAPPA IN 1.0,CM2P8,2024-06-15 08:43:36,18.397,29.03,OK,24.15,23.52,OK,24.48,24.08,OK,23.52,23.06,OK,21.4,21.07,OK,21.59,21.54,OK,22.38,22.1,OK,0,0,OK,0,0,,0,0,,15.36,OK,15.36,OK,15.36,OK,15.36,OK,15.36,OK,15.36,OK,0,OK,0,,15.36,OK,15.36,OK,15.36,OK,15.36,OK,15.36,OK,15.36,OK,15.36,OK,0,OK,0,,15.36,OK,,,,,,,,,,,,,,,,,,,,,,,,,,,,,,,,,,,,,,,,,,,,,,
2406150341C,NEW KAPPA IN 1.0,CM3P6,2024-06-15 08:44:08,18.351,29.42,OK,22.81,22.17,OK,23.46,23.08,OK,25.03,24.44,OK,25.71,24.78,OK,26.29,26.14,OK,23.46,23.24,OK,0,0,OK,0,0,,0,0,,0,OK,0,OK,0,OK,0,OK,0,OK,0,OK,0,OK,0,,0,OK,0,OK,0,OK,0,OK,0,OK,0,OK,0,OK,0,OK,0,,0,OK,,,,,,,,,,,,,,,,,,,,,,,,,,,,,,,,,,,,,,,,,,,,,,
2406150342C,NEW KAPPA IN 1.0,CM4P9,2024-06-15 08:45:01,18.752,27.63,OK,22.36,21.79,OK,23.38,22.69,OK,25.33,25.03,OK,24.59,24.15,OK,24.21,24.08,OK,23.05,22.65,OK,0,0,OK,0,0,,0,0,,0,OK,0,OK,0,OK,0,OK,0,OK,0,OK,0,OK,0,,0,OK,0,OK,0,OK,0,OK,0,OK,0,OK,0,OK,0,OK,0,,0,OK,,,,,,,,,,,,,,,,,,,,,,,,,,,,,,,,,,,,,,,,,,,,,,
2406150343C,NEW KAPPA IN 1.0,CM1P5,2024-06-15 08:46:21,18.911,30.21,OK,23.83,23.23,OK,22.74,22.34,OK,23.18,22.78,OK,22.01,21.55,OK,22.22,21.99,OK,22.83,22.43,OK,0,0,OK,0,0,,0,0,,5.62,OK,7.08,OK,6.97,OK,7.11,OK,7.68,OK,7.15,OK,0,OK,0,,0.21,OK,7.44,OK,7.65,OK,7.31,OK,7.33,OK,8,OK,7.61,OK,0,OK,0,,0.17,OK,,,,,,,,,,,,,,,,,,,,,,,,,,,,,,,,,,,,,,,,,,,,,,
2406150344C,NEW KAPPA IN 1.0,CM2P2,2024-06-15 08:46:44,19.067,28.53,OK,22.87,22.22,OK,22.33,21.94,OK,21.91,21.47,OK,21.66,21.24,OK,22.99,22.78,OK,22.45,22.01,OK,0,0,OK,0,0,,0,0,,15.36,OK,15.36,OK,15.36,OK,15.36,OK,15.36,OK,15.36,OK,0,OK,0,,15.36,OK,15.36,OK,15.36,OK,15.36,OK,15.36,OK,15.36,OK,15.36,OK,0,OK,0,,15.36,OK,,,,,,,,,,,,,,,,,,,,,,,,,,,,,,,,,,,,,,,,,,,,,,
2406150345C,NEW KAPPA IN 1.0,CM3P4,2024-06-15 08:47:27,18.58,28.16,OK,22.56,21.74,OK,23.17,22.7,OK,26.07,25.18,OK,25.66,25.03,OK,26.61,26.41,OK,24.17,23.8,OK,0,0,OK,0,0,,0,0,,0,OK,0,OK,0,OK,0,OK,0,OK,0,OK,0,OK,0,,0,OK,0,OK,0,OK,0,OK,0,OK,0,OK,0,OK,0,OK,0,,0,OK,,,,,,,,,,,,,,,,,,,,,,,,,,,,,,,,,,,,,,,,,,,,,,
2406150346C,NEW KAPPA IN 1.0,CM4P1,2024-06-15 08:48:19,18.465,28.38,OK,21.64,21.18,OK,23.66,23,OK,24.65,24.32,OK,23.6,23.02,OK,23.27,23.11,OK,23.2,22.91,OK,0,0,OK,0,0,,0,0,,0,OK,0,OK,0,OK,0,OK,0,OK,0,OK,0,OK,0,,0,OK,0,OK,0,OK,0,OK,0,OK,0,OK,0,OK,0,OK,0,,0,OK,,,,,,,,,,,,,,,,,,,,,,,,,,,,,,,,,,,,,,,,,,,,,,
2406150347C,NEW KAPPA IN 1.0,CM1P3,2024-06-15 08:49:36,18.479,29.67,OK,23.11,22.48,OK,23.25,22.71,OK,22.2,21.66,OK,23.09,22.62,OK,24.18,23.97,OK,21.31,21.01,OK,0,0,OK,0,0,,0,0,,5.65,OK,7.2,OK,7.06,OK,7.09,OK,8.06,OK,7.25,OK,0,OK,0,,0.3,OK,7.35,OK,7.53,OK,7.39,OK,7.45,OK,7.9,OK,7.63,OK,0,OK,0,,0.18,OK,,,,,,,,,,,,,,,,,,,,,,,,,,,,,,,,,,,,,,,,,,,,,,
2406150348C,NEW KAPPA IN 1.0,CM2P8,2024-06-15 08:49:56,18.34,28.82,OK,19.79,19.02,OK,22.17,21.84,OK,22.75,22.45,OK,23.1,22.73,OK,22.52,22.45,OK,20.86,20.63,OK,0,0,OK,0,0,,0,0,,15.36,OK,15.36,OK,15.36,OK,15.36,OK,15.36,OK,15.36,OK,0,OK,0,,15.36,OK,15.36,OK,15.36,OK,15.36,OK,15.36,OK,15.36,OK,15.36,OK,0,OK,0,,15.36,OK,,,,,,,,,,,,,,,,,,,,,,,,,,,,,,,,,,,,,,,,,,,,,,
2406150349C,NEW KAPPA IN 1.0,CM3P6,2024-06-15 08:50:32,18.905,28.8,OK,24.64,24.1,OK,22.79,22.49,OK,24.96,24.08,OK,25.18,24.23,OK,25.59,25.41,OK,24.37,23.89,OK,0,0,OK,0,0,,0,0,,0,OK,0,OK,0,OK,0,OK,0,OK,0,OK,0,OK,0,,0,OK,0,OK,0,OK,0,OK,0,OK,0,OK,0,OK,0,OK,0,,0,OK,,,,,,,,,,,,,,,,,,,,,,,,,,,,,,,,,,,,,,,,,,,,,,
2406150350C,NEW KAPPA IN 1.0,CM4P9,2024-06-15 08:51:24,18.493,28.65,OK,22.14,21.57,OK,24.15,23.6,OK,25.88,25.11,OK,24.85,24.32,OK,23.29,23.24,OK,23.53,23.2,OK,0,0,OK,0,0,,0,0,,0,OK,0,OK,0,OK,0,OK,0,OK,0,OK,0,OK,0,,0,OK,0,OK,0,OK,0,OK,0,OK,0,OK,0,OK,0,OK,0,,0,OK,,,,,,,,,,,,,,,,,,,,,,,,,,,,,,,,,,,,,,,,,,,,,,
2406150351C,NEW KAPPA IN 1.0,CM1P5,2024-06-15 08:52:45,18.596,30.35,OK,22.2,21.66,OK,22.29,21.83,OK,22.01,21.36,OK,20.75,20.38,OK,22.18,21.97,OK,21.45,21.17,OK,0,0,OK,0,0,,0,0,,5.84,OK,7.38,OK,7,OK,7.12,OK,8.08,OK,7.17,OK,0,OK,0,,0.24,OK,7.6,OK,7.49,OK,7.35,OK,7.27,OK,7.89,OK,7.56,OK,0,OK,0,,0.19,OK,,,,,,,,,,,,,,,,,,,,,,,,,,,,,,,,,,,,,,,,,,,,,,
2406150352C,NEW KAPPA IN 1.0,CM2P2,2024-06-15 08:53:08,18.445,28.77,OK,23.69,23.15,OK,22.96,22.68,OK,21.38,20.93,OK,23.2,22.61,OK,22.29,22.15,OK,22.96,22.52,OK,0,0,OK,0,0,,0,0,,15.36,OK,15.36,OK,15.36,OK,15.36,OK,15.36,OK,15.36,OK,0,OK,0,,15.36,OK,15.36,OK,15.36,OK,15.36,OK,15.36,OK,15.36,OK,15.36,OK,0,OK,0,,15.36,OK,,,,,,,,,,,,,,,,,,,,,,,,,,,,,,,,,,,,,,,,,,,,,,
2406150353C,NEW KAPPA IN 1.0,CM3P4,2024-06-15 08:53:50,19.001,29.18,OK,22.06,21.29,OK,23.28,22.88,OK,23.92,23.1,OK,25.07,24.17,OK,26.57,26.41,OK,22.54,22.27,OK,0,0,OK,0,0,,0,0,,0,OK,0,OK,0,OK,0,OK,0,OK,0,OK,0,OK,0,,0,OK,0,OK,0,OK,0,OK,0,OK,0,OK,0,OK,0,OK,0,,0,OK,,,,,,,,,,,,,,,,,,,,,,,,,,,,,,,,,,,,,,,,,,,,,,
2406150354C,NEW KAPPA IN 1.0,CM4P1,2024-06-15 08:54:36,18.812,27.72,OK,21.86,21.4,OK,26.26,25.69,OK,27.89,27.16,OK,25.88,25.36,OK,23.73,23.62,OK,24.76,24.28,OK,0,0,OK,0,0,,0,0,,0,OK,0,OK,0,OK,0,OK,0,OK,0,OK,0,OK,0,,0,OK,0,OK,0,OK,0,OK,0,OK,0,OK,0,OK,0,OK,0,,0,OK,,,,,,,,,,,,,,,,,,,,,,,,,,,,,,,,,,,,,,,,,,,,,,
2406150355C,NEW KAPPA IN 1.0,CM1P3,2024-06-15 08:55:57,18.497,30.36,OK,23.39,23.02,OK,23.6,22.9,OK,22.15,21.55,OK,21.99,21.45,OK,23.46,23.34,OK,22.01,21.76,OK,0,0,OK,0,0,,0,0,,5.72,OK,7.41,OK,6.97,OK,7.2,OK,7.98,OK,7.19,OK,0,OK,0,,0.18,OK,7.76,OK,7.44,OK,7.35,OK,7.26,OK,7.88,OK,7.58,OK,0,OK,0,,0.17,OK,,,,,,,,,,,,,,,,,,,,,,,,,,,,,,,,,,,,,,,,,,,,,,
2406150356C,NEW KAPPA IN 1.0,CM2P8,2024-06-15 08:56:20,18.281,28.2,OK,22.92,22.26,OK,24.11,23.8,OK,22.52,22.19,OK,23.71,23.31,OK,22.03,21.91,OK,21.73,21.31,OK,0,0,OK,0,0,,0,0,,15.36,OK,15.36,OK,15.36,OK,15.36,OK,15.36,OK,15.36,OK,0,OK,0,,15.36,OK,15.36,OK,15.36,OK,15.36,OK,15.36,OK,15.36,OK,15.36,OK,0,OK,0,,15.36,OK,,,,,,,,,,,,,,,,,,,,,,,,,,,,,,,,,,,,,,,,,,,,,,
2406150357C,NEW KAPPA IN 1.0,CM3P6,2024-06-15 08:56:59,18.374,29.58,OK,23.99,23.26,OK,22.83,22.49,OK,26.09,25.34,OK,26.18,25.43,OK,26.97,26.63,OK,23.51,23.19,OK,0,0,OK,0,0,,0,0,,0,OK,0,OK,0,OK,0,OK,0,OK,0,OK,0,OK,0,,0,OK,0,OK,0,OK,0,OK,0,OK,0,OK,0,OK,0,OK,0,,0,OK,,,,,,,,,,,,,,,,,,,,,,,,,,,,,,,,,,,,,,,,,,,,,,
2406150358C,NEW KAPPA IN 1.0,CM4P9,2024-06-15 08:57:48,18.451,27.95,OK,22.43,21.92,OK,25.33,24.83,OK,25.91,25.64,OK,23.95,23.53,OK,22.85,22.67,OK,23.07,22.72,OK,0,0,OK,0,0,,0,0,,0,OK,0,OK,0,OK,0,OK,0,OK,0,OK,0,OK,0,,0,OK,0,OK,0,OK,0,OK,0,OK,0,OK,0,OK,0,OK,0,,0,OK,,,,,,,,,,,,,,,,,,,,,,,,,,,,,,,,,,,,,,,,,,,,,,
2406150359C,NEW KAPPA IN 1.0,CM1P5,2024-06-15 08:59:08,18.451,27.95,OK,21.55,20.99,OK,22.97,22.46,OK,22.62,21.94,OK,21.5,21.03,OK,21.85,21.73,OK,21.45,21.13,OK,0,0,OK,0,0,,0,0,,5.48,OK,6.95,OK,7.02,OK,7.19,OK,7.24,OK,7.19,OK,0,OK,0,,0.19,OK,8.22,OK,7.44,OK,7.36,OK,7.98,OK,7.83,OK,7.57,OK,0,OK,0,,0.22,OK,,,,,,,,,,,,,,,,,,,,,,,,,,,,,,,,,,,,,,,,,,,,,,
2406150360C,NEW KAPPA IN 1.0,CM2P2,2024-06-15 08:59:31,19.178,29.75,OK,24.29,23.78,OK,23.38,23.03,OK,23.24,22.85,OK,20.82,20.44,OK,22.29,22.19,OK,20.42,20.02,OK,0,0,OK,0,0,,0,0,,15.36,OK,15.36,OK,15.36,OK,15.36,OK,15.36,OK,15.36,OK,0,OK,0,,15.36,OK,15.36,OK,15.36,OK,15.36,OK,15.36,OK,15.36,OK,15.36,OK,0,OK,0,,15.36,OK,,,,,,,,,,,,,,,,,,,,,,,,,,,,,,,,,,,,,,,,,,,,,,
2406150361C,NEW KAPPA IN 1.0,CM3P4,2024-06-15 09:00:14,18.41,29.11,OK,25.32,24.51,OK,23.24,22.92,OK,25.18,24.26,OK,25.64,24.75,OK,25.71,25.64,OK,22.65,22.36,OK,0,0,OK,0,0,,0,0,,0,OK,0,OK,0,OK,0,OK,0,OK,0,OK,0,OK,0,,0,OK,0,OK,0,OK,0,OK,0,OK,0,OK,0,OK,0,OK,0,,0,OK,,,,,,,,,,,,,,,,,,,,,,,,,,,,,,,,,,,,,,,,,,,,,,
2406150362C,NEW KAPPA IN 1.0,CM4P1,2024-06-15 09:01:06,19.009,28.15,OK,21.02,20.49,OK,22.72,22.12,OK,24.04,23.6,OK,22.43,21.9,OK,23.57,23.42,OK,23.07,22.76,OK,0,0,OK,0,0,,0,0,,0,OK,0,OK,0,OK,0,OK,0,OK,0,OK,0,OK,0,,0,OK,0,OK,0,OK,0,OK,0,OK,0,OK,0,OK,0,OK,0,,0,OK,,,,,,,,,,,,,,,,,,,,,,,,,,,,,,,,,,,,,,,,,,,,,,
2406150363C,NEW KAPPA IN 1.0,CM1P3,2024-06-15 09:02:20,18.629,28.61,OK,21.06,20.52,OK,22.71,22.43,OK,23.76,23.2,OK,23.06,22.41,OK,21.69,21.57,OK,21.69,21.43,OK,0,0,OK,0,0,,0,0,,5.45,OK,6.81,OK,7.11,OK,7.39,OK,7.23,OK,7.31,OK,0,OK,0,,0.19,OK,8.11,OK,7.4,OK,7.4,OK,7.85,OK,7.45,OK,7.56,OK,0,OK,0,,0.2,OK,,,,,,,,,,,,,,,,,,,,,,,,,,,,,,,,,,,,,,,,,,,,,,
2406150364C,NEW KAPPA IN 1.0,CM2P8,2024-06-15 09:02:46,18.354,29.06,OK,20.79,20.09,OK,21.4,21.07,OK,21.49,21.07,OK,21.96,21.56,OK,20.61,20.4,OK,20.65,20.21,OK,0,0,OK,0,0,,0,0,,15.36,OK,15.36,OK,15.36,OK,15.36,OK,15.36,OK,15.36,OK,0,OK,0,,15.36,OK,15.36,OK,15.36,OK,15.36,OK,15.36,OK,15.36,OK,15.36,OK,0,OK,0,,15.36,OK,,,,,,,,,,,,,,,,,,,,,,,,,,,,,,,,,,,,,,,,,,,,,,
2406150365C,NEW KAPPA IN 1.0,CM3P6,2024-06-15 09:03:29,18.399,27.46,OK,23.37,22.72,OK,24.53,24.1,OK,25.3,24.6,OK,25.86,25.28,OK,27.74,27.47,OK,25,24.75,OK,0,0,OK,0,0,,0,0,,0,OK,0,OK,0,OK,0,OK,0,OK,0,OK,0,OK,0,,0,OK,0,OK,0,OK,0,OK,0,OK,0,OK,0,OK,0,OK,0,,0,OK,,,,,,,,,,,,,,,,,,,,,,,,,,,,,,,,,,,,,,,,,,,,,,
2406150366C,NEW KAPPA IN 1.0,CM4P9,2024-06-15 09:04:21,18.397,28.77,OK,21.29,20.85,OK,23.9,23.29,OK,24.39,23.82,OK,23.93,23.46,OK,22.94,22.87,OK,23.51,23.18,OK,0,0,OK,0,0,,0,0,,0,OK,0,OK,0,OK,0,OK,0,OK,0,OK,0,OK,0,,0,OK,0,OK,0,OK,0,OK,0,OK,0,OK,0,OK,0,OK,0,,0,OK,,,,,,,,,,,,,,,,,,,,,,,,,,,,,,,,,,,,,,,,,,,,,,
2406150367C,NEW KAPPA IN 1.0,CM1P5,2024-06-15 09:05:32,18.37,28.26,OK,21.97,21.71,OK,23.41,23.02,OK,23.16,22.5,OK,22.08,21.76,OK,23.11,22.95,OK,22.69,22.41,OK,0,0,OK,0,0,,0,0,,5.63,OK,6.97,OK,7.3,OK,7.46,OK,7.4,OK,7.54,OK,0,OK,0,,0.18,OK,7.91,OK,7.45,OK,8.15,OK,7.79,OK,7.69,OK,7.48,OK,0,OK,0,,0.16,OK,,,,,,,,,,,,,,,,,,,,,,,,,,,,,,,,,,,,,,,,,,,,,,
2406150368C,NEW KAPPA IN 1.0,CM2P2,2024-06-15 09:05:52,18.757,32.7,OK,23.71,23.24,OK,23.24,22.8,OK,22.1,21.77,OK,22.03,21.8,OK,21.82,21.68,OK,21.63,21.26,OK,0,0,OK,0,0,,0,0,,15.36,OK,15.36,OK,15.36,OK,15.36,OK,15.36,OK,15.36,OK,0,OK,0,,15.36,OK,15.36,OK,15.36,OK,15.36,OK,15.36,OK,15.36,OK,15.36,OK,0,OK,0,,15.36,OK,,,,,,,,,,,,,,,,,,,,,,,,,,,,,,,,,,,,,,,,,,,,,,
2406150369C,NEW KAPPA IN 1.0,CM3P4,2024-06-15 09:06:31,18.282,29.17,OK,23.94,23.03,OK,24.26,23.74,OK,26.68,25.86,OK,26.14,25.21,OK,27.88,27.74,OK,25.68,25.3,OK,0,0,OK,0,0,,0,0,,0,OK,0,OK,0,OK,0,OK,0,OK,0,OK,0,OK,0,,0,OK,0,OK,0,OK,0,OK,0,OK,0,OK,0,OK,0,OK,0,,0,OK,,,,,,,,,,,,,,,,,,,,,,,,,,,,,,,,,,,,,,,,,,,,,,
2406150370C,NEW KAPPA IN 1.0,CM4P1,2024-06-15 09:07:23,18.051,27.93,OK,22.19,21.68,OK,24.65,24.15,OK,24.7,24.34,OK,23.6,23.09,OK,23.53,23.44,OK,23.64,23.09,OK,0,0,OK,0,0,,0,0,,0,OK,0,OK,0,OK,0,OK,0,OK,0,OK,0,OK,0,,0,OK,0,OK,0,OK,0,OK,0,OK,0,OK,0,OK,0,OK,0,,0,OK,,,,,,,,,,,,,,,,,,,,,,,,,,,,,,,,,,,,,,,,,,,,,,
2406150371C,NEW KAPPA IN 1.0,CM1P3,2024-06-15 09:08:40,18.169,26.06,OK,21.34,20.89,OK,24.21,23.79,OK,24.02,23.32,OK,22.6,22.11,OK,22.74,22.64,OK,23.6,23.09,OK,0,0,OK,0,0,,0,0,,5.59,OK,7.05,OK,7.43,OK,7.26,OK,7.5,OK,7.59,OK,0,OK,0,,0.16,OK,7.68,OK,7.36,OK,8.23,OK,7.55,OK,7.53,OK,7.63,OK,0,OK,0,,0.24,OK,,,,,,,,,,,,,,,,,,,,,,,,,,,,,,,,,,,,,,,,,,,,,,
2406150372C,NEW KAPPA IN 1.0,CM1P8,2024-06-15 09:22:06,18.675,32.53,OK,23.02,22.74,OK,23.88,23.48,OK,23.25,22.81,OK,21.48,21.17,OK,22.57,22.43,OK,22.43,22.06,OK,0,0,OK,0,0,,0,0,,5.79,OK,7.01,OK,7.22,OK,7.24,OK,7.55,OK,7.88,OK,0,OK,0,,0.19,OK,7.75,OK,7.41,OK,7.74,OK,7.54,OK,7.61,OK,8.09,OK,0,OK,0,,0.27,OK,,,,,,,,,,,,,,,,,,,,,,,,,,,,,,,,,,,,,,,,,,,,,,
2406150373C,NEW KAPPA IN 1.0,CM2P6,2024-06-15 09:22:29,18.313,29.12,OK,21.89,21.14,OK,21.26,20.89,OK,21.94,21.45,OK,21.24,20.75,OK,20.96,20.82,OK,20.75,20.33,OK,0,0,OK,0,0,,0,0,,15.36,OK,15.36,OK,15.36,OK,15.36,OK,15.36,OK,15.36,OK,0,OK,0,,15.36,OK,15.36,OK,15.36,OK,15.36,OK,15.36,OK,15.36,OK,15.36,OK,0,OK,0,,15.36,OK,,,,,,,,,,,,,,,,,,,,,,,,,,,,,,,,,,,,,,,,,,,,,,
2406150374C,NEW KAPPA IN 1.0,CM3P9,2024-06-15 09:23:05,18.185,28.67,OK,22.6,21.97,OK,22.13,21.93,OK,25.5,24.69,OK,25.34,24.62,OK,26.07,25.86,OK,23.56,23.31,OK,0,0,OK,0,0,,0,0,,0,OK,0,OK,0,OK,0,OK,0,OK,0,OK,0,OK,0,,0,OK,0,OK,0,OK,0,OK,0,OK,0,OK,0,OK,0,OK,0,,0,OK,,,,,,,,,,,,,,,,,,,,,,,,,,,,,,,,,,,,,,,,,,,,,,
2406150375C,NEW KAPPA IN 1.0,CM4P5,2024-06-15 09:24:01,18.113,26.61,OK,23.84,23.2,OK,25.97,25.38,OK,27.62,27.07,OK,24.61,24.21,OK,24.21,24.15,OK,24.61,24.26,OK,0,0,OK,0,0,,0,0,,0,OK,0,OK,0,OK,0,OK,0,OK,0,OK,0,OK,0,,0,OK,0,OK,0,OK,0,OK,0,OK,0,OK,0,OK,0,OK,0,,0,OK,,,,,,,,,,,,,,,,,,,,,,,,,,,,,,,,,,,,,,,,,,,,,,
2406150376C,NEW KAPPA IN 1.0,CM1P3,2024-06-15 09:25:15,18.687,32.33,OK,22.64,22.11,OK,23.25,22.71,OK,23.06,22.46,OK,22.81,22.36,OK,23.86,23.74,OK,21.92,21.48,OK,0,0,OK,0,0,,0,0,,5.69,OK,7.17,OK,7.2,OK,7.23,OK,7.62,OK,7.36,OK,0,OK,0,,0.27,OK,7.57,OK,7.8,OK,7.59,OK,7.55,OK,8.73,OK,7.65,OK,0,OK,0,,0.2,OK,,,,,,,,,,,,,,,,,,,,,,,,,,,,,,,,,,,,,,,,,,,,,,
2406150377C,NEW KAPPA IN 1.0,CM2P2,2024-06-15 09:25:38,18.817,28.43,OK,22.75,22.17,OK,22.87,22.54,OK,22.73,22.38,OK,21.91,21.56,OK,21.03,20.93,OK,21.63,21.14,OK,0,0,OK,0,0,,0,0,,15.36,OK,15.36,OK,15.36,OK,15.36,OK,15.36,OK,15.36,OK,0,OK,0,,15.36,OK,15.36,OK,15.36,OK,15.36,OK,15.36,OK,15.36,OK,15.36,OK,0,OK,0,,15.36,OK,,,,,,,,,,,,,,,,,,,,,,,,,,,,,,,,,,,,,,,,,,,,,,
2406150378C,NEW KAPPA IN 1.0,CM3P4,2024-06-15 09:26:20,19.137,34.25,OK,25.14,24.55,OK,24.17,23.8,OK,24.32,23.53,OK,26.27,25.41,OK,26.79,26.61,OK,24.91,24.62,OK,0,0,OK,0,0,,0,0,,0,OK,0,OK,0,OK,0,OK,0,OK,0,OK,0,OK,0,,0,OK,0,OK,0,OK,0,OK,0,OK,0,OK,0,OK,0,OK,0,,0,OK,,,,,,,,,,,,,,,,,,,,,,,,,,,,,,,,,,,,,,,,,,,,,,
2406150379C,NEW KAPPA IN 1.0,CM4P1,2024-06-15 09:27:09,18.243,28.38,OK,23.86,23.27,OK,24.04,23.49,OK,26.94,26.26,OK,24.52,24.06,OK,22.91,22.8,OK,23.84,23.35,OK,0,0,OK,0,0,,0,0,,0,OK,0,OK,0,OK,0,OK,0,OK,0,OK,0,OK,0,,0,OK,0,OK,0,OK,0,OK,0,OK,0,OK,0,OK,0,OK,0,,0,OK,,,,,,,,,,,,,,,,,,,,,,,,,,,,,,,,,,,,,,,,,,,,,,
2406150380C,NEW KAPPA IN 1.0,CM1P8,2024-06-15 09:28:27,19.198,35.77,OK,24.72,24.32,OK,23.2,22.74,OK,22.29,21.73,OK,22.13,21.92,OK,22.9,22.78,OK,21.83,21.52,OK,0,0,OK,0,0,,0,0,,5.95,OK,7.49,OK,7.31,OK,7.4,OK,8.25,OK,7.5,OK,0,OK,0,,0.19,OK,7.61,OK,7.63,OK,7.53,OK,7.53,OK,8,OK,7.82,OK,0,OK,0,,0.19,OK,,,,,,,,,,,,,,,,,,,,,,,,,,,,,,,,,,,,,,,,,,,,,,
2406150381C,NEW KAPPA IN 1.0,CM2P6,2024-06-15 09:28:50,19.127,30.96,OK,24.41,23.78,OK,24.06,23.59,OK,21.56,21.28,OK,24.76,24.39,OK,21.03,20.86,OK,21.47,20.96,OK,0,0,OK,0,0,,0,0,,15.36,OK,15.36,OK,15.36,OK,15.36,OK,15.36,OK,15.36,OK,0,OK,0,,15.36,OK,15.36,OK,15.36,OK,15.36,OK,15.36,OK,15.36,OK,15.36,OK,0,OK,0,,15.36,OK,,,,,,,,,,,,,,,,,,,,,,,,,,,,,,,,,,,,,,,,,,,,,,
2406150382C,NEW KAPPA IN 1.0,CM3P9,2024-06-15 09:29:26,19.188,27.51,OK,24.48,23.65,OK,22.56,22.24,OK,25,24.26,OK,26.84,26.02,OK,25.34,25.21,OK,24.28,23.83,OK,0,0,OK,0,0,,0,0,,0,OK,0,OK,0,OK,0,OK,0,OK,0,OK,0,OK,0,,0,OK,0,OK,0,OK,0,OK,0,OK,0,OK,0,OK,0,OK,0,,0,OK,,,,,,,,,,,,,,,,,,,,,,,,,,,,,,,,,,,,,,,,,,,,,,
2406150383C,NEW KAPPA IN 1.0,CM4P5,2024-06-15 09:30:11,19.199,33.43,OK,23.9,23.29,OK,23.77,23.24,OK,25.91,25.44,OK,23.93,23.49,OK,22.54,22.43,OK,21.66,21.2,OK,0,0,OK,0,0,,0,0,,0,OK,0,OK,0,OK,0,OK,0,OK,0,OK,0,OK,0,,0,OK,0,OK,0,OK,0,OK,0,OK,0,OK,0,OK,0,OK,0,,0,OK,,,,,,,,,,,,,,,,,,,,,,,,,,,,,,,,,,,,,,,,,,,,,,
2406150384C,NEW KAPPA IN 1.0,CM1P3,2024-06-15 09:31:38,19.186,32.67,OK,21.92,21.5,OK,23.53,23.02,OK,23.11,22.48,OK,22.01,21.43,OK,21.36,21.2,OK,23.04,22.48,OK,0,0,OK,0,0,,0,0,,5.56,OK,6.8,OK,7.18,OK,7.55,OK,7.33,OK,7.34,OK,0,OK,0,,0.2,OK,8.1,OK,7.35,OK,7.51,OK,7.88,OK,7.45,OK,7.46,OK,0,OK,0,,0.24,OK,,,,,,,,,,,,,,,,,,,,,,,,,,,,,,,,,,,,,,,,,,,,,,
2406150385C,NEW KAPPA IN 1.0,CM2P2,2024-06-15 09:31:58,19.186,32.67,OK,21.91,21.24,OK,21.59,21.26,OK,23.64,23.22,OK,22.03,21.59,OK,21.54,21.35,OK,21.35,20.82,OK,0,0,OK,0,0,,0,0,,15.36,OK,15.36,OK,15.36,OK,15.36,OK,15.36,OK,15.36,OK,0,OK,0,,15.36,OK,15.36,OK,15.36,OK,15.36,OK,15.36,OK,15.36,OK,15.36,OK,0,OK,0,,15.36,OK,,,,,,,,,,,,,,,,,,,,,,,,,,,,,,,,,,,,,,,,,,,,,,
2406150386C,NEW KAPPA IN 1.0,CM3P4,2024-06-15 09:32:41,19.194,28.16,OK,24.94,24.37,OK,23.58,22.99,OK,26.34,25.52,OK,24.85,24.12,OK,26.57,26.45,OK,24.21,23.89,OK,0,0,OK,0,0,,0,0,,0,OK,0,OK,0,OK,0,OK,0,OK,0,OK,0,OK,0,,0,OK,0,OK,0,OK,0,OK,0,OK,0,OK,0,OK,0,OK,0,,0,OK,,,,,,,,,,,,,,,,,,,,,,,,,,,,,,,,,,,,,,,,,,,,,,
2406150387C,NEW KAPPA IN 1.0,CM4P1,2024-06-15 09:33:26,19.195,31.45,OK,20.93,20.45,OK,24.67,24.1,OK,23.62,23.2,OK,22.63,22.12,OK,22.61,22.54,OK,23.13,22.72,OK,0,0,OK,0,0,,0,0,,0,OK,0,OK,0,OK,0,OK,0,OK,0,OK,0,OK,0,,0,OK,0,OK,0,OK,0,OK,0,OK,0,OK,0,OK,0,OK,0,,0,OK,,,,,,,,,,,,,,,,,,,,,,,,,,,,,,,,,,,,,,,,,,,,,,
2406150388C,NEW KAPPA IN 1.0,CM1P8,2024-06-15 09:34:50,19.195,31.45,OK,21.43,20.82,OK,22.53,22.29,OK,22.25,21.69,OK,21.03,20.75,OK,21.24,21.13,OK,22.62,22.32,OK,0,0,OK,0,0,,0,0,,5.52,OK,6.93,OK,7.34,OK,7.14,OK,7.47,OK,7.67,OK,0,OK,0,,0.26,OK,7.62,OK,7.36,OK,7.98,OK,7.56,OK,7.49,OK,8.2,OK,0,OK,0,,0.16,OK,,,,,,,,,,,,,,,,,,,,,,,,,,,,,,,,,,,,,,,,,,,,,,
2406150389C,NEW KAPPA IN 1.0,CM2P6,2024-06-15 09:35:10,18.871,24.65,OK,22.59,22.12,OK,23.55,23.08,OK,22.47,22.08,OK,24.11,23.71,OK,22.01,21.94,OK,22.94,22.66,OK,0,0,OK,0,0,,0,0,,15.36,OK,15.36,OK,15.36,OK,15.36,OK,15.36,OK,15.36,OK,0,OK,0,,15.36,OK,15.36,OK,15.36,OK,15.36,OK,15.36,OK,15.36,OK,15.36,OK,0,OK,0,,15.36,OK,,,,,,,,,,,,,,,,,,,,,,,,,,,,,,,,,,,,,,,,,,,,,,
2406150390C,NEW KAPPA IN 1.0,CM3P9,2024-06-15 09:35:56,18.67,26.06,OK,23.37,22.67,OK,24.35,23.83,OK,25.75,24.73,OK,25.55,24.87,OK,26.9,26.7,OK,24.08,23.71,OK,0,0,OK,0,0,,0,0,,0,OK,0,OK,0,OK,0,OK,0,OK,0,OK,0,OK,0,,0,OK,0,OK,0,OK,0,OK,0,OK,0,OK,0,OK,0,OK,0,,0,OK,,,,,,,,,,,,,,,,,,,,,,,,,,,,,,,,,,,,,,,,,,,,,,
2406150391C,NEW KAPPA IN 1.0,CM4P5,2024-06-15 09:36:44,19.018,25.86,OK,23.62,23.16,OK,25.51,25.05,OK,26.87,26.5,OK,24.5,23.99,OK,25.31,25.2,OK,25.8,25.42,OK,0,0,OK,0,0,,0,0,,0,OK,0,OK,0,OK,0,OK,0,OK,0,OK,0,OK,0,,0,OK,0,OK,0,OK,0,OK,0,OK,0,OK,0,OK,0,OK,0,,0,OK,,,,,,,,,,,,,,,,,,,,,,,,,,,,,,,,,,,,,,,,,,,,,,
2406150392C,NEW KAPPA IN 1.0,CM1P3,2024-06-15 09:37:59,18.932,27.42,OK,21.48,21.1,OK,23.09,22.6,OK,23.25,22.55,OK,23.44,22.99,OK,22.27,22.11,OK,21.06,20.75,OK,0,0,OK,0,0,,0,0,,5.58,OK,7.05,OK,7.01,OK,7.22,OK,8.02,OK,7.27,OK,0,OK,0,,0.18,OK,7.29,OK,7.56,OK,7.34,OK,7.38,OK,7.86,OK,7.61,OK,0,OK,0,,0.23,OK,,,,,,,,,,,,,,,,,,,,,,,,,,,,,,,,,,,,,,,,,,,,,,
2406150393C,NEW KAPPA IN 1.0,CM2P2,2024-06-15 09:38:22,19.073,25.46,OK,21.98,21.31,OK,23.97,23.62,OK,22.24,21.68,OK,24.5,24.15,OK,23.2,22.99,OK,21.61,21.28,OK,0,0,OK,0,0,,0,0,,15.36,OK,15.36,OK,15.36,OK,15.36,OK,15.36,OK,15.36,OK,0,OK,0,,15.36,OK,15.36,OK,15.36,OK,15.36,OK,15.36,OK,15.36,OK,15.36,OK,0,OK,0,,15.36,OK,,,,,,,,,,,,,,,,,,,,,,,,,,,,,,,,,,,,,,,,,,,,,,
2406150394C,NEW KAPPA IN 1.0,CM3P4,2024-06-15 09:38:54,19.171,32.65,OK,24.37,23.76,OK,23.31,22.83,OK,24.35,23.51,OK,24.55,23.71,OK,24.89,24.62,OK,23.4,23.06,OK,0,0,OK,0,0,,0,0,,0,OK,0,OK,0,OK,0,OK,0,OK,0,OK,0,OK,0,,0,OK,0,OK,0,OK,0,OK,0,OK,0,OK,0,OK,0,OK,0,,0,OK,,,,,,,,,,,,,,,,,,,,,,,,,,,,,,,,,,,,,,,,,,,,,,
2406150395C,NEW KAPPA IN 1.0,CM4P1,2024-06-15 09:39:43,18.981,25.32,OK,22.52,22.03,OK,25.38,24.67,OK,25.99,25.66,OK,25.47,24.96,OK,25.95,25.86,OK,25.51,25.16,OK,0,0,OK,0,0,,0,0,,0,OK,0,OK,0,OK,0,OK,0,OK,0,OK,0,OK,0,,0,OK,0,OK,0,OK,0,OK,0,OK,0,OK,0,OK,0,OK,0,,0,OK,,,,,,,,,,,,,,,,,,,,,,,,,,,,,,,,,,,,,,,,,,,,,,
2406150396C,NEW KAPPA IN 1.0,CM1P8,2024-06-15 09:41:10,19.18,29.96,OK,22.71,22.43,OK,22.76,22.53,OK,23.2,22.71,OK,21.94,21.66,OK,22.81,22.74,OK,23.09,22.64,OK,0,0,OK,0,0,,0,0,,5.56,OK,6.91,OK,7.31,OK,7.14,OK,7.43,OK,7.65,OK,0,OK,0,,0.19,OK,7.89,OK,7.41,OK,8.37,OK,7.72,OK,7.57,OK,7.5,OK,0,OK,0,,0.19,OK,,,,,,,,,,,,,,,,,,,,,,,,,,,,,,,,,,,,,,,,,,,,,,
2406150397C,NEW KAPPA IN 1.0,CM2P6,2024-06-15 09:41:33,19.197,31.32,OK,22.4,21.89,OK,22.78,22.4,OK,21.26,20.82,OK,21.38,21.05,OK,21.7,21.54,OK,21.91,21.56,OK,0,0,OK,0,0,,0,0,,15.36,OK,15.36,OK,15.36,OK,15.36,OK,15.36,OK,15.36,OK,0,OK,0,,15.36,OK,15.36,OK,15.36,OK,15.36,OK,15.36,OK,15.36,OK,15.36,OK,0,OK,0,,15.36,OK,,,,,,,,,,,,,,,,,,,,,,,,,,,,,,,,,,,,,,,,,,,,,,
2406150398C,NEW KAPPA IN 1.0,CM3P9,2024-06-15 09:42:19,19.117,28.21,OK,21.79,21.04,OK,22.29,21.99,OK,24.87,24.1,OK,23.99,23.19,OK,26.38,26.25,OK,23.15,22.88,OK,0,0,OK,0,0,,0,0,,0,OK,0,OK,0,OK,0,OK,0,OK,0,OK,0,OK,0,,0,OK,0,OK,0,OK,0,OK,0,OK,0,OK,0,OK,0,OK,0,,0,OK,,,,,,,,,,,,,,,,,,,,,,,,,,,,,,,,,,,,,,,,,,,,,,
2406150399C,NEW KAPPA IN 1.0,CM4P5,2024-06-15 09:43:05,19.166,31.63,OK,23.29,22.67,OK,23.79,23,OK,25.29,24.76,OK,23.62,23.09,OK,21.7,21.66,OK,22.5,22.1,OK,0,0,OK,0,0,,0,0,,0,OK,0,OK,0,OK,0,OK,0,OK,0,OK,0,OK,0,,0,OK,0,OK,0,OK,0,OK,0,OK,0,OK,0,OK,0,OK,0,,0,OK,,,,,,,,,,,,,,,,,,,,,,,,,,,,,,,,,,,,,,,,,,,,,,
2406150456D,ATKINSON 3.8 OCV,DM5P8,2024-06-15 09:44:15,18.983,25.71,OK,27.73,27.36,OK,25.13,25.09,OK,21.95,21.61,OK,24.78,24.74,OK,25.9,25.87,OK,24.23,24.16,OK,24.09,24.06,OK,0,0,,0,0,,2.44,OK,2.82,OK,2.81,OK,2.81,OK,2.77,OK,2.76,OK,2.77,OK,0,,0,OK,0.89,OK,0.85,OK,0.84,OK,0.84,OK,0.84,OK,0.88,OK,0.86,OK,0,,0,OK,,,,,,,,,,,,,,,,,,,,,,,,,,,,,,,,,,,,,,,,,,,,,,
2406150400C,NEW KAPPA IN 1.0,CM1P3,2024-06-15 09:44:22,19.185,31.12,OK,24.49,24.02,OK,24.74,24.32,OK,23.27,22.83,OK,22.43,21.97,OK,22.81,22.74,OK,22.83,22.39,OK,0,0,OK,0,0,,0,0,,5.74,OK,7.16,OK,7.08,OK,7.18,OK,7.79,OK,7.34,OK,0,OK,0,,0.22,OK,7.57,OK,8.02,OK,7.44,OK,7.33,OK,8.15,OK,7.6,OK,0,OK,0,,0.27,OK,,,,,,,,,,,,,,,,,,,,,,,,,,,,,,,,,,,,,,,,,,,,,,
2406150401C,NEW KAPPA IN 1.0,CM2P2,2024-06-15 09:44:45,19.191,34.22,OK,23.94,23.34,OK,21.89,21.47,OK,22.12,21.61,OK,22.71,22.12,OK,22.45,22.33,OK,21.35,20.98,OK,0,0,OK,0,0,,0,0,,15.36,OK,15.36,OK,15.36,OK,15.36,OK,15.36,OK,15.36,OK,0,OK,0,,15.36,OK,15.36,OK,15.36,OK,15.36,OK,15.36,OK,15.36,OK,15.36,OK,0,OK,0,,15.36,OK,,,,,,,,,,,,,,,,,,,,,,,,,,,,,,,,,,,,,,,,,,,,,,
2406150402C,NEW KAPPA IN 1.0,CM3P4,2024-06-15 09:45:24,19.193,31.63,OK,24.35,23.69,OK,24.87,24.42,OK,26.52,25.52,OK,26.93,26.23,OK,26.75,26.61,OK,24.35,23.85,OK,0,0,OK,0,0,,0,0,,0,OK,0,OK,0,OK,0,OK,0,OK,0,OK,0,OK,0,,0,OK,0,OK,0,OK,0,OK,0,OK,0,OK,0,OK,0,OK,0,,0,OK,,,,,,,,,,,,,,,,,,,,,,,,,,,,,,,,,,,,,,,,,,,,,,
2406150403C,NEW KAPPA IN 1.0,CM4P1,2024-06-15 09:46:16,19.193,31.63,OK,22.8,22.34,OK,23.09,22.43,OK,23.79,23.35,OK,23.93,23.53,OK,23.99,23.86,OK,22.14,21.79,OK,0,0,OK,0,0,,0,0,,0,OK,0,OK,0,OK,0,OK,0,OK,0,OK,0,OK,0,,0,OK,0,OK,0,OK,0,OK,0,OK,0,OK,0,OK,0,OK,0,,0,OK,,,,,,,,,,,,,,,,,,,,,,,,,,,,,,,,,,,,,,,,,,,,,,
2406150404C,NEW KAPPA IN 1.0,CM1P8,2024-06-15 09:47:34,19.16,27.9,OK,22.2,21.92,OK,23.04,22.69,OK,23.46,23.09,OK,22.71,22.32,OK,22.32,22.15,OK,22.13,21.71,OK,0,0,OK,0,0,,0,0,,5.56,OK,6.89,OK,7.3,OK,7.09,OK,7.39,OK,7.61,OK,0,OK,0,,0.18,OK,7.93,OK,7.38,OK,8.55,OK,7.67,OK,7.46,OK,7.49,OK,0,OK,0,,0.25,OK,,,,,,,,,,,,,,,,,,,,,,,,,,,,,,,,,,,,,,,,,,,,,,
2406150405C,NEW KAPPA IN 1.0,CM2P6,2024-06-15 09:47:54,18.86,26.8,OK,24.08,23.57,OK,23.08,22.75,OK,23.34,22.99,OK,23.9,23.55,OK,22.03,22.01,OK,20.7,20.42,OK,0,0,OK,0,0,,0,0,,15.36,OK,15.36,OK,15.36,OK,15.36,OK,15.36,OK,15.36,OK,0,OK,0,,15.36,OK,15.36,OK,15.36,OK,15.36,OK,15.36,OK,15.36,OK,15.36,OK,0,OK,0,,15.36,OK,,,,,,,,,,,,,,,,,,,,,,,,,,,,,,,,,,,,,,,,,,,,,,
2406150406C,NEW KAPPA IN 1.0,CM3P9,2024-06-15 09:48:39,19.198,32.02,OK,23.76,23.15,OK,23.62,23.06,OK,25.8,24.85,OK,25.82,24.89,OK,25.41,25.21,OK,22.6,22.36,OK,0,0,OK,0,0,,0,0,,0,OK,0,OK,0,OK,0,OK,0,OK,0,OK,0,OK,0,,0,OK,0,OK,0,OK,0,OK,0,OK,0,OK,0,OK,0,OK,0,,0,OK,,,,,,,,,,,,,,,,,,,,,,,,,,,,,,,,,,,,,,,,,,,,,,
2406150407C,NEW KAPPA IN 1.0,CM1P5,2024-06-15 09:51:08,19.199,32.23,OK,23.11,22.55,OK,23.13,22.74,OK,22.29,21.62,OK,22.69,22.27,OK,21.22,21.2,OK,20.8,20.43,OK,0,0,OK,0,0,,0,0,,5.92,OK,7.46,OK,7.16,OK,7.43,OK,7.29,OK,7.44,OK,0,OK,0,,0.19,OK,7.54,OK,7.47,OK,7.36,OK,7.81,OK,7.63,OK,7.38,OK,0,OK,0,,0.48,OK,,,,,,,,,,,,,,,,,,,,,,,,,,,,,,,,,,,,,,,,,,,,,,
2406150408C,NEW KAPPA IN 1.0,CM2P3,2024-06-15 09:51:41,18.897,28.22,OK,21.66,21.05,OK,23.48,23.1,OK,21.63,21.19,OK,22.45,21.98,OK,22.61,22.5,OK,21.47,21.17,OK,0,0,OK,0,0,,0,0,,15.36,OK,15.36,OK,15.36,OK,15.36,OK,15.36,OK,15.36,OK,0,OK,0,,15.36,OK,15.36,OK,15.36,OK,15.36,OK,15.36,OK,15.36,OK,15.36,OK,0,OK,0,,15.36,OK,,,,,,,,,,,,,,,,,,,,,,,,,,,,,,,,,,,,,,,,,,,,,,
2406150409C,NEW KAPPA IN 1.0,CM3P2,2024-06-15 09:52:17,19.191,32.5,OK,23.62,22.9,OK,23.99,23.46,OK,24.66,23.83,OK,25.84,25.23,OK,26.04,25.86,OK,23.26,22.94,OK,0,0,OK,0,0,,0,0,,0,OK,0,OK,0,OK,0,OK,0,OK,0,OK,0,OK,0,,0,OK,0,OK,0,OK,0,OK,0,OK,0,OK,0,OK,0,OK,0,,0,OK,,,,,,,,,,,,,,,,,,,,,,,,,,,,,,,,,,,,,,,,,,,,,,
2406150410C,NEW KAPPA IN 1.0,CM1P4,2024-06-15 09:57:12,18.411,27.27,OK,22.55,22.18,OK,23.16,22.81,OK,22.41,21.73,OK,21.52,21.24,OK,21.8,21.71,OK,22.25,21.92,OK,0,0,OK,0,0,,0,0,,5.57,OK,7.05,OK,7.46,OK,7.12,OK,7.56,OK,7.48,OK,0,OK,0,,0.25,OK,7.51,OK,7.27,OK,7.46,OK,7.45,OK,7.9,OK,7.87,OK,0,OK,0,,0.18,OK,,,,,,,,,,,,,,,,,,,,,,,,,,,,,,,,,,,,,,,,,,,,,,
2406150411C,NEW KAPPA IN 1.0,CM2P8,2024-06-15 09:57:35,19.066,33.03,OK,21.89,21.26,OK,21.49,21.17,OK,21.84,21.54,OK,21.26,20.86,OK,20.7,20.56,OK,20.98,20.61,OK,0,0,OK,0,0,,0,0,,15.36,OK,15.36,OK,15.36,OK,15.36,OK,15.36,OK,15.36,OK,0,OK,0,,15.36,OK,15.36,OK,15.36,OK,15.36,OK,15.36,OK,15.36,OK,15.36,OK,0,OK,0,,15.36,OK,,,,,,,,,,,,,,,,,,,,,,,,,,,,,,,,,,,,,,,,,,,,,,
2406150412C,NEW KAPPA IN 1.0,CM3P6,2024-06-15 09:58:11,19.066,33.03,OK,23.03,22.33,OK,24.01,23.62,OK,24.87,23.96,OK,25.86,24.91,OK,25.37,25.21,OK,23.17,22.81,OK,0,0,OK,0,0,,0,0,,0,OK,0,OK,0,OK,0,OK,0,OK,0,OK,0,OK,0,,0,OK,0,OK,0,OK,0,OK,0,OK,0,OK,0,OK,0,OK,0,,0,OK,,,,,,,,,,,,,,,,,,,,,,,,,,,,,,,,,,,,,,,,,,,,,,
2406150413C,NEW KAPPA IN 1.0,CM4P9,2024-06-15 09:59:00,18.711,28.95,OK,21.59,21.07,OK,24.59,24.04,OK,25.99,25.4,OK,23.18,22.63,OK,23.09,23.02,OK,22.21,21.79,OK,0,0,OK,0,0,,0,0,,0,OK,0,OK,0,OK,0,OK,0,OK,0,OK,0,OK,0,,0,OK,0,OK,0,OK,0,OK,0,OK,0,OK,0,OK,0,OK,0,,0,OK,,,,,,,,,,,,,,,,,,,,,,,,,,,,,,,,,,,,,,,,,,,,,,
2406150414C,NEW KAPPA IN 1.0,CM1P5,2024-06-15 10:00:24,18.772,28.62,OK,22.48,22.08,OK,23.81,23.39,OK,22.29,21.71,OK,21.24,20.85,OK,22.25,22.15,OK,21.97,21.55,OK,0,0,OK,0,0,,0,0,,5.52,OK,6.94,OK,7.3,OK,7.54,OK,7.39,OK,7.48,OK,0,OK,0,,0.18,OK,8.37,OK,7.44,OK,7.4,OK,7.66,OK,7.63,OK,7.49,OK,0,OK,0,,0.35,OK,,,,,,,,,,,,,,,,,,,,,,,,,,,,,,,,,,,,,,,,,,,,,,
2406150415C,NEW KAPPA IN 1.0,CM2P3,2024-06-15 10:00:47,19.16,30.45,OK,22.36,21.66,OK,22.75,22.33,OK,23.83,23.38,OK,24.11,23.71,OK,22.5,22.33,OK,21.45,21.07,OK,0,0,OK,0,0,,0,0,,15.36,OK,15.36,OK,15.36,OK,15.36,OK,15.36,OK,15.36,OK,0,OK,0,,15.36,OK,15.36,OK,15.36,OK,15.36,OK,15.36,OK,15.36,OK,15.36,OK,0,OK,0,,15.36,OK,,,,,,,,,,,,,,,,,,,,,,,,,,,,,,,,,,,,,,,,,,,,,,
2406150416C,NEW KAPPA IN 1.0,CM3P2,2024-06-15 10:01:23,18.634,30.05,OK,24.48,23.76,OK,23.19,22.74,OK,25.18,24.39,OK,25.64,24.82,OK,25.59,25.48,OK,24.12,23.85,OK,0,0,OK,0,0,,0,0,,0,OK,0,OK,0,OK,0,OK,0,OK,0,OK,0,OK,0,,0,OK,0,OK,0,OK,0,OK,0,OK,0,OK,0,OK,0,OK,0,,0,OK,,,,,,,,,,,,,,,,,,,,,,,,,,,,,,,,,,,,,,,,,,,,,,
2406150417C,NEW KAPPA IN 1.0,CM4P1,2024-06-15 10:02:12,18.598,29.43,OK,21.95,21.42,OK,23.02,22.32,OK,24.92,24.52,OK,22.87,22.36,OK,23.09,23,OK,22.12,21.7,OK,0,0,OK,0,0,,0,0,,0,OK,0,OK,0,OK,0,OK,0,OK,0,OK,0,OK,0,,0,OK,0,OK,0,OK,0,OK,0,OK,0,OK,0,OK,0,OK,0,,0,OK,,,,,,,,,,,,,,,,,,,,,,,,,,,,,,,,,,,,,,,,,,,,,,
2406150418C,NEW KAPPA IN 1.0,CM1P4,2024-06-15 10:03:36,18.655,28.77,OK,22.74,22.46,OK,23.55,23.09,OK,21.8,21.24,OK,21.92,21.62,OK,21.45,21.38,OK,21.08,20.78,OK,0,0,OK,0,0,,0,0,,5.67,OK,7.12,OK,7.11,OK,7.25,OK,7.69,OK,7.33,OK,0,OK,0,,0.23,OK,7.53,OK,7.99,OK,7.5,OK,7.39,OK,7.9,OK,7.63,OK,0,OK,0,,0.16,OK,,,,,,,,,,,,,,,,,,,,,,,,,,,,,,,,,,,,,,,,,,,,,,
2406150419C,NEW KAPPA IN 1.0,CM2P8,2024-06-15 10:03:59,18.655,28.77,OK,23.38,22.78,OK,23.22,22.92,OK,22.33,22.05,OK,23.36,23.01,OK,20.89,20.77,OK,21.87,21.52,OK,0,0,OK,0,0,,0,0,,15.36,OK,15.36,OK,15.36,OK,15.36,OK,15.36,OK,15.36,OK,0,OK,0,,15.36,OK,15.36,OK,15.36,OK,15.36,OK,15.36,OK,15.36,OK,15.36,OK,0,OK,0,,15.36,OK,,,,,,,,,,,,,,,,,,,,,,,,,,,,,,,,,,,,,,,,,,,,,,
2406150420C,NEW KAPPA IN 1.0,CM3P6,2024-06-15 10:04:41,18.602,28.77,OK,20.68,19.89,OK,22.74,22.4,OK,25.12,24.1,OK,25.48,24.46,OK,26.54,26.38,OK,23.49,23.15,OK,0,0,OK,0,0,,0,0,,0,OK,0,OK,0,OK,0,OK,0,OK,0,OK,0,OK,0,,0,OK,0,OK,0,OK,0,OK,0,OK,0,OK,0,OK,0,OK,0,,0,OK,,,,,,,,,,,,,,,,,,,,,,,,,,,,,,,,,,,,,,,,,,,,,,
2406150421C,NEW KAPPA IN 1.0,CM4P9,2024-06-15 10:05:34,18.283,28.61,OK,23.53,22.78,OK,24.72,24.23,OK,24.81,24.34,OK,23.49,23.18,OK,24.04,23.95,OK,23.66,23.33,OK,0,0,OK,0,0,,0,0,,0,OK,0,OK,0,OK,0,OK,0,OK,0,OK,0,OK,0,,0,OK,0,OK,0,OK,0,OK,0,OK,0,OK,0,OK,0,OK,0,,0,OK,,,,,,,,,,,,,,,,,,,,,,,,,,,,,,,,,,,,,,,,,,,,,,
2406150422C,NEW KAPPA IN 1.0,CM1P5,2024-06-15 10:06:48,18.241,27.38,OK,21.48,21.17,OK,21.83,21.41,OK,22.55,22.08,OK,21.03,20.68,OK,20.92,20.87,OK,22.06,21.83,OK,0,0,OK,0,0,,0,0,,5.64,OK,7.07,OK,7.49,OK,7.32,OK,7.58,OK,7.81,OK,0,OK,0,,0.27,OK,7.81,OK,7.47,OK,8.34,OK,7.73,OK,7.7,OK,8.5,OK,0,OK,0,,0.2,OK,,,,,,,,,,,,,,,,,,,,,,,,,,,,,,,,,,,,,,,,,,,,,,
2406150423C,NEW KAPPA IN 1.0,CM2P3,2024-06-15 10:07:11,18.245,28.45,OK,23.17,22.59,OK,21.47,21.07,OK,21.63,21.24,OK,22.01,21.56,OK,21.91,21.82,OK,20.63,20.26,OK,0,0,OK,0,0,,0,0,,15.36,OK,15.36,OK,15.36,OK,15.36,OK,15.36,OK,15.36,OK,0,OK,0,,15.36,OK,15.36,OK,15.36,OK,15.36,OK,15.36,OK,15.36,OK,15.36,OK,0,OK,0,,15.36,OK,,,,,,,,,,,,,,,,,,,,,,,,,,,,,,,,,,,,,,,,,,,,,,
2406150424C,NEW KAPPA IN 1.0,CM3P2,2024-06-15 10:07:43,18.289,28.96,OK,24.35,23.56,OK,23.69,23.28,OK,25.39,24.3,OK,25.66,24.89,OK,26.97,26.68,OK,23.92,23.53,OK,0,0,OK,0,0,,0,0,,0,OK,0,OK,0,OK,0,OK,0,OK,0,OK,0,OK,0,,0,OK,0,OK,0,OK,0,OK,0,OK,0,OK,0,OK,0,OK,0,,0,OK,,,,,,,,,,,,,,,,,,,,,,,,,,,,,,,,,,,,,,,,,,,,,,
2406150425C,NEW KAPPA IN 1.0,CM4P1,2024-06-15 10:08:36,18.355,29.12,OK,23.2,22.54,OK,24.17,23.6,OK,23.18,22.78,OK,23.31,22.83,OK,22.21,22.1,OK,22.19,21.9,OK,0,0,OK,0,0,,0,0,,0,OK,0,OK,0,OK,0,OK,0,OK,0,OK,0,OK,0,,0,OK,0,OK,0,OK,0,OK,0,OK,0,OK,0,OK,0,OK,0,,0,OK,,,,,,,,,,,,,,,,,,,,,,,,,,,,,,,,,,,,,,,,,,,,,,
2406150426C,NEW KAPPA IN 1.0,CM1P4,2024-06-15 10:09:59,19.178,32.12,OK,23.72,23.39,OK,23.55,23.16,OK,23.06,22.5,OK,21.08,20.71,OK,21.17,20.99,OK,21.55,21.01,OK,0,0,OK,0,0,,0,0,,5.67,OK,7.5,OK,7.08,OK,7.34,OK,7.3,OK,7.28,OK,0,OK,0,,0.2,OK,7.51,OK,7.34,OK,7.23,OK,7.88,OK,7.42,OK,7.38,OK,0,OK,0,,0.46,OK,,,,,,,,,,,,,,,,,,,,,,,,,,,,,,,,,,,,,,,,,,,,,,
2406150427C,NEW KAPPA IN 1.0,CM2P8,2024-06-15 10:10:19,18.905,30.63,OK,21.19,20.42,OK,22.4,22.05,OK,22.31,21.91,OK,21.75,21.35,OK,21.33,21.12,OK,20.23,19.88,OK,0,0,OK,0,0,,0,0,,15.36,OK,15.36,OK,15.36,OK,15.36,OK,15.36,OK,15.36,OK,0,OK,0,,15.36,OK,15.36,OK,15.36,OK,15.36,OK,15.36,OK,15.36,OK,15.36,OK,0,OK,0,,15.36,OK,,,,,,,,,,,,,,,,,,,,,,,,,,,,,,,,,,,,,,,,,,,,,,
2406150428C,NEW KAPPA IN 1.0,CM3P6,2024-06-15 10:11:02,18.756,30.47,OK,24.19,23.4,OK,24.51,24.05,OK,23.69,22.7,OK,25.25,24.66,OK,26.45,26.25,OK,23.78,23.46,OK,0,0,OK,0,0,,0,0,,0,OK,0,OK,0,OK,0,OK,0,OK,0,OK,0,OK,0,,0,OK,0,OK,0,OK,0,OK,0,OK,0,OK,0,OK,0,OK,0,,0,OK,,,,,,,,,,,,,,,,,,,,,,,,,,,,,,,,,,,,,,,,,,,,,,
2406150429C,NEW KAPPA IN 1.0,CM4P9,2024-06-15 10:11:54,19.162,30.97,OK,21.88,21.18,OK,23.99,23.44,OK,21.29,20.89,OK,23.55,23.22,OK,23.49,23.38,OK,22.98,22.56,OK,0,0,OK,0,0,,0,0,,0,OK,0,OK,0,OK,0,OK,0,OK,0,OK,0,OK,0,,0,OK,0,OK,0,OK,0,OK,0,OK,0,OK,0,OK,0,OK,0,,0,OK,,,,,,,,,,,,,,,,,,,,,,,,,,,,,,,,,,,,,,,,,,,,,,
2406150430C,NEW KAPPA IN 1.0,CM1P5,2024-06-15 10:13:11,19.026,30.98,OK,21.55,20.94,OK,23.79,23.44,OK,23.65,23.11,OK,23.13,22.67,OK,22.95,22.92,OK,21.38,21.03,OK,0,0,OK,0,0,,0,0,,5.58,OK,7.06,OK,7.16,OK,7.2,OK,7.87,OK,7.35,OK,0,OK,0,,0.19,OK,7.51,OK,8.11,OK,7.67,OK,7.49,OK,8.14,OK,7.73,OK,0,OK,0,,0.17,OK,,,,,,,,,,,,,,,,,,,,,,,,,,,,,,,,,,,,,,,,,,,,,,
2406150431C,NEW KAPPA IN 1.0,CM2P3,2024-06-15 10:13:31,18.659,28.72,OK,22.31,21.77,OK,21.66,21.14,OK,22.85,22.26,OK,21.89,21.45,OK,21.47,21.33,OK,20.77,20.3,OK,0,0,OK,0,0,,0,0,,15.36,OK,15.36,OK,15.36,OK,15.36,OK,15.36,OK,15.36,OK,0,OK,0,,15.36,OK,15.36,OK,15.36,OK,15.36,OK,15.36,OK,15.36,OK,15.36,OK,0,OK,0,,15.36,OK,,,,,,,,,,,,,,,,,,,,,,,,,,,,,,,,,,,,,,,,,,,,,,
2406150432C,NEW KAPPA IN 1.0,CM3P2,2024-06-15 10:14:04,19.056,31.98,OK,22.7,22.15,OK,24.14,23.78,OK,25.89,25.03,OK,26.04,25.34,OK,26.16,25.89,OK,23.17,22.72,OK,0,0,OK,0,0,,0,0,,0,OK,0,OK,0,OK,0,OK,0,OK,0,OK,0,OK,0,,0,OK,0,OK,0,OK,0,OK,0,OK,0,OK,0,OK,0,OK,0,,0,OK,,,,,,,,,,,,,,,,,,,,,,,,,,,,,,,,,,,,,,,,,,,,,,
2406150433C,NEW KAPPA IN 1.0,CM4P1,2024-06-15 10:14:53,19.056,31.98,OK,21.15,20.6,OK,23.38,22.74,OK,23.79,23.49,OK,23.35,22.85,OK,22.87,22.85,OK,22.98,22.56,OK,0,0,OK,0,0,,0,0,,0,OK,0,OK,0,OK,0,OK,0,OK,0,OK,0,OK,0,,0,OK,0,OK,0,OK,0,OK,0,OK,0,OK,0,OK,0,OK,0,,0,OK,,,,,,,,,,,,,,,,,,,,,,,,,,,,,,,,,,,,,,,,,,,,,,
2406150434C,NEW KAPPA IN 1.0,CM1P4,2024-06-15 10:16:23,18.365,28.52,OK,21.57,21.38,OK,22.83,22.41,OK,23.6,22.97,OK,22.34,22.06,OK,22.46,22.43,OK,22.9,22.6,OK,0,0,OK,0,0,,0,0,,5.65,OK,6.97,OK,7.45,OK,7.18,OK,7.54,OK,7.71,OK,0,OK,0,,0.2,OK,7.86,OK,7.27,OK,8.08,OK,7.74,OK,7.65,OK,7.98,OK,0,OK,0,,0.17,OK,,,,,,,,,,,,,,,,,,,,,,,,,,,,,,,,,,,,,,,,,,,,,,
2406150435C,NEW KAPPA IN 1.0,CM2P8,2024-06-15 10:16:43,18.685,29.27,OK,23.08,22.59,OK,23.22,22.85,OK,22.45,22.12,OK,22.24,21.82,OK,21.49,21.4,OK,20.28,19.93,OK,0,0,OK,0,0,,0,0,,15.36,OK,15.36,OK,15.36,OK,15.36,OK,15.36,OK,15.36,OK,0,OK,0,,15.36,OK,15.36,OK,15.36,OK,15.36,OK,15.36,OK,15.36,OK,15.36,OK,0,OK,0,,15.36,OK,,,,,,,,,,,,,,,,,,,,,,,,,,,,,,,,,,,,,,,,,,,,,,
2406150436C,NEW KAPPA IN 1.0,CM3P6,2024-06-15 10:17:22,18.371,29.41,OK,23.58,22.94,OK,24.08,23.69,OK,26,25.16,OK,26.7,25.84,OK,26.75,26.57,OK,23.99,23.65,OK,0,0,OK,0,0,,0,0,,0,OK,0,OK,0,OK,0,OK,0,OK,0,OK,0,OK,0,,0,OK,0,OK,0,OK,0,OK,0,OK,0,OK,0,OK,0,OK,0,,0,OK,,,,,,,,,,,,,,,,,,,,,,,,,,,,,,,,,,,,,,,,,,,,,,
2406150437C,NEW KAPPA IN 1.0,CM4P9,2024-06-15 10:18:14,18.651,29.91,OK,22.17,21.68,OK,22.61,21.97,OK,23.64,23.11,OK,24.76,24.1,OK,24.28,24.17,OK,22.58,22.12,OK,0,0,OK,0,0,,0,0,,0,OK,0,OK,0,OK,0,OK,0,OK,0,OK,0,OK,0,,0,OK,0,OK,0,OK,0,OK,0,OK,0,OK,0,OK,0,OK,0,,0,OK,,,,,,,,,,,,,,,,,,,,,,,,,,,,,,,,,,,,,,,,,,,,,,
2406150438C,NEW KAPPA IN 1.0,CM1P5,2024-06-15 10:19:35,19.141,30.97,OK,23.04,22.5,OK,23.55,23.13,OK,23.55,23.13,OK,22.62,22.32,OK,21.31,21.24,OK,21.36,21.03,OK,0,0,OK,0,0,,0,0,,5.99,OK,6.87,OK,7.22,OK,7.83,OK,7.41,OK,7.55,OK,0,OK,0,,0.18,OK,8.39,OK,7.49,OK,7.51,OK,7.89,OK,7.67,OK,7.46,OK,0,OK,0,,0.38,OK,,,,,,,,,,,,,,,,,,,,,,,,,,,,,,,,,,,,,,,,,,,,,,
2406150439C,NEW KAPPA IN 1.0,CM2P3,2024-06-15 10:19:54,19.18,32.72,OK,23.08,22.45,OK,23.01,22.57,OK,23.38,22.87,OK,21.54,21.26,OK,21.75,21.61,OK,21.59,21.19,OK,0,0,OK,0,0,,0,0,,15.36,OK,15.36,OK,15.36,OK,15.36,OK,15.36,OK,15.36,OK,0,OK,0,,15.36,OK,15.36,OK,15.36,OK,15.36,OK,15.36,OK,15.36,OK,15.36,OK,0,OK,0,,15.36,OK,,,,,,,,,,,,,,,,,,,,,,,,,,,,,,,,,,,,,,,,,,,,,,
2406150440C,NEW KAPPA IN 1.0,CM3P2,2024-06-15 10:20:37,19.168,26.8,OK,22.88,22.24,OK,22.65,22.24,OK,24.14,23.31,OK,24.98,24.05,OK,25.41,25.16,OK,23.19,22.94,OK,0,0,OK,0,0,,0,0,,0,OK,0,OK,0,OK,0,OK,0,OK,0,OK,0,OK,0,,0,OK,0,OK,0,OK,0,OK,0,OK,0,OK,0,OK,0,OK,0,,0,OK,,,,,,,,,,,,,,,,,,,,,,,,,,,,,,,,,,,,,,,,,,,,,,
2406150441C,NEW KAPPA IN 1.0,CM4P1,2024-06-15 10:21:26,18.653,24.65,OK,24.19,23.49,OK,24.37,23.75,OK,26.37,26.02,OK,24.65,24.12,OK,23.4,23.31,OK,23.86,23.53,OK,0,0,OK,0,0,,0,0,,0,OK,0,OK,0,OK,0,OK,0,OK,0,OK,0,OK,0,,0,OK,0,OK,0,OK,0,OK,0,OK,0,OK,0,OK,0,OK,0,,0,OK,,,,,,,,,,,,,,,,,,,,,,,,,,,,,,,,,,,,,,,,,,,,,,
2406150442C,NEW KAPPA IN 1.0,CM1P4,2024-06-15 10:22:43,19.191,33.11,OK,22.13,21.71,OK,22.69,22.32,OK,23.02,22.43,OK,21.9,21.52,OK,21.78,21.66,OK,22.01,21.69,OK,0,0,OK,0,0,,0,0,,5.65,OK,7.06,OK,7.16,OK,7.29,OK,7.27,OK,7.4,OK,0,OK,0,,0.2,OK,7.52,OK,7.82,OK,7.49,OK,7.73,OK,7.61,OK,7.51,OK,0,OK,0,,0.22,OK,,,,,,,,,,,,,,,,,,,,,,,,,,,,,,,,,,,,,,,,,,,,,,
2406150443C,NEW KAPPA IN 1.0,CM2P8,2024-06-15 10:23:06,19.199,33.7,OK,22.96,22.36,OK,22.61,22.29,OK,21.54,21.12,OK,21.59,21.19,OK,21.19,21.1,OK,21.33,20.98,OK,0,0,OK,0,0,,0,0,,15.36,OK,15.36,OK,15.36,OK,15.36,OK,15.36,OK,15.36,OK,0,OK,0,,15.36,OK,15.36,OK,15.36,OK,15.36,OK,15.36,OK,15.36,OK,15.36,OK,0,OK,0,,15.36,OK,,,,,,,,,,,,,,,,,,,,,,,,,,,,,,,,,,,,,,,,,,,,,,
2406150444C,NEW KAPPA IN 1.0,CM3P6,2024-06-15 10:23:45,19.186,32.08,OK,23.74,23.13,OK,23.58,23.19,OK,24.17,23.33,OK,24.42,23.6,OK,26.23,26.07,OK,22.85,22.42,OK,0,0,OK,0,0,,0,0,,0,OK,0,OK,0,OK,0,OK,0,OK,0,OK,0,OK,0,,0,OK,0,OK,0,OK,0,OK,0,OK,0,OK,0,OK,0,OK,0,,0,OK,,,,,,,,,,,,,,,,,,,,,,,,,,,,,,,,,,,,,,,,,,,,,,
2406150445C,NEW KAPPA IN 1.0,CM4P9,2024-06-15 10:24:34,19.197,33.66,OK,22.19,21.68,OK,24.37,23.88,OK,25.55,24.85,OK,22.91,22.47,OK,23.64,23.51,OK,24.1,23.71,OK,0,0,OK,0,0,,0,0,,0,OK,0,OK,0,OK,0,OK,0,OK,0,OK,0,OK,0,,0,OK,0,OK,0,OK,0,OK,0,OK,0,OK,0,OK,0,OK,0,,0,OK,,,,,,,,,,,,,,,,,,,,,,,,,,,,,,,,,,,,,,,,,,,,,,
2406150446C,NEW KAPPA IN 1.0,CM1P5,2024-06-15 10:25:55,19.194,31.67,OK,23.39,22.99,OK,23.44,23.04,OK,23.16,22.57,OK,21.38,20.99,OK,22.6,22.5,OK,21.92,21.36,OK,0,0,OK,0,0,,0,0,,5.62,OK,6.91,OK,7.56,OK,7.11,OK,7.55,OK,7.24,OK,0,OK,0,,0.24,OK,7.54,OK,7.2,OK,7.47,OK,7.26,OK,8.4,OK,7.58,OK,0,OK,0,,0.23,OK,,,,,,,,,,,,,,,,,,,,,,,,,,,,,,,,,,,,,,,,,,,,,,
2406150447C,NEW KAPPA IN 1.0,CM2P3,2024-06-15 10:26:18,19.179,31.83,OK,22.54,21.77,OK,22.19,21.7,OK,21.94,21.56,OK,21.75,21.35,OK,21.33,21.21,OK,20.19,19.7,OK,0,0,OK,0,0,,0,0,,15.36,OK,15.36,OK,15.36,OK,15.36,OK,15.36,OK,15.36,OK,0,OK,0,,15.36,OK,15.36,OK,15.36,OK,15.36,OK,15.36,OK,15.36,OK,15.36,OK,0,OK,0,,15.36,OK,,,,,,,,,,,,,,,,,,,,,,,,,,,,,,,,,,,,,,,,,,,,,,
2406150448C,NEW KAPPA IN 1.0,CM3P2,2024-06-15 10:26:51,19.19,31.93,OK,24.75,24.12,OK,23.19,22.58,OK,25.68,24.85,OK,25.68,24.89,OK,25.71,25.61,OK,23.56,23.19,OK,0,0,OK,0,0,,0,0,,0,OK,0,OK,0,OK,0,OK,0,OK,0,OK,0,OK,0,,0,OK,0,OK,0,OK,0,OK,0,OK,0,OK,0,OK,0,OK,0,,0,OK,,,,,,,,,,,,,,,,,,,,,,,,,,,,,,,,,,,,,,,,,,,,,,
2406150449C,NEW KAPPA IN 1.0,CM4P1,2024-06-15 10:27:43,19.199,32.57,OK,24.78,24.23,OK,25.03,24.37,OK,24.78,24.19,OK,23.64,23.18,OK,23.62,23.51,OK,23.33,22.98,OK,0,0,OK,0,0,,0,0,,0,OK,0,OK,0,OK,0,OK,0,OK,0,OK,0,OK,0,,0,OK,0,OK,0,OK,0,OK,0,OK,0,OK,0,OK,0,OK,0,,0,OK,,,,,,,,,,,,,,,,,,,,,,,,,,,,,,,,,,,,,,,,,,,,,,
2406150450C,NEW KAPPA IN 1.0,CM1P4,2024-06-15 10:29:07,19.171,27.15,OK,21.43,21.08,OK,22.29,21.85,OK,23.11,22.57,OK,22.11,21.85,OK,22.6,22.57,OK,22.18,21.69,OK,0,0,OK,0,0,,0,0,,5.61,OK,6.95,OK,7.26,OK,7.15,OK,7.47,OK,8.03,OK,0,OK,0,,0.2,OK,7.77,OK,7.2,OK,7.87,OK,7.54,OK,7.5,OK,7.82,OK,0,OK,0,,0.18,OK,,,,,,,,,,,,,,,,,,,,,,,,,,,,,,,,,,,,,,,,,,,,,,
2406150451C,NEW KAPPA IN 1.0,CM2P8,2024-06-15 10:29:26,19.197,32.52,OK,22.8,22.31,OK,22.64,22.15,OK,21.68,21.35,OK,23.13,22.66,OK,21.14,21.1,OK,20.33,20.05,OK,0,0,OK,0,0,,0,0,,15.36,OK,15.36,OK,15.36,OK,15.36,OK,15.36,OK,15.36,OK,0,OK,0,,15.36,OK,15.36,OK,15.36,OK,15.36,OK,15.36,OK,15.36,OK,15.36,OK,0,OK,0,,15.36,OK,,,,,,,,,,,,,,,,,,,,,,,,,,,,,,,,,,,,,,,,,,,,,,
2406150452C,NEW KAPPA IN 1.0,CM3P6,2024-06-15 10:30:12,19.173,27.52,OK,23.44,22.85,OK,23.8,23.46,OK,25.09,24.46,OK,26.07,25.39,OK,26.81,26.63,OK,23.6,23.19,OK,0,0,OK,0,0,,0,0,,0,OK,0,OK,0,OK,0,OK,0,OK,0,OK,0,OK,0,,0,OK,0,OK,0,OK,0,OK,0,OK,0,OK,0,OK,0,OK,0,,0,OK,,,,,,,,,,,,,,,,,,,,,,,,,,,,,,,,,,,,,,,,,,,,,,
2406150453C,NEW KAPPA IN 1.0,CM4P9,2024-06-15 10:30:58,19.075,26.68,OK,20.25,19.53,OK,23.16,22.56,OK,24.19,23.77,OK,22.36,21.79,OK,22.45,22.36,OK,21.53,21.11,OK,0,0,OK,0,0,,0,0,,0,OK,0,OK,0,OK,0,OK,0,OK,0,OK,0,OK,0,,0,OK,0,OK,0,OK,0,OK,0,OK,0,OK,0,OK,0,OK,0,,0,OK,,,,,,,,,,,,,,,,,,,,,,,,,,,,,,,,,,,,,,,,,,,,,,
2406150454C,NEW KAPPA IN 1.0,CM1P5,2024-06-15 10:32:18,18.685,25.56,OK,22.41,22.04,OK,22.9,22.39,OK,23.16,22.53,OK,23.25,22.71,OK,22.5,22.29,OK,23.39,22.92,OK,0,0,OK,0,0,,0,0,,5.68,OK,7.11,OK,7.34,OK,7.24,OK,7.5,OK,7.75,OK,0,OK,0,,0.22,OK,8.17,OK,7.4,OK,8.14,OK,7.63,OK,7.65,OK,8.6,OK,0,OK,0,,0.26,OK,,,,,,,,,,,,,,,,,,,,,,,,,,,,,,,,,,,,,,,,,,,,,,
2406150455C,NEW KAPPA IN 1.0,CM2P3,2024-06-15 10:32:38,19.193,31.58,OK,22.64,22.05,OK,24.25,23.76,OK,21.7,21.42,OK,21.82,21.33,OK,21.05,20.93,OK,21.07,20.65,OK,0,0,OK,0,0,,0,0,,15.36,OK,15.36,OK,15.36,OK,15.36,OK,15.36,OK,15.36,OK,0,OK,0,,15.36,OK,15.36,OK,15.36,OK,15.36,OK,15.36,OK,15.36,OK,15.36,OK,0,OK,0,,15.36,OK,,,,,,,,,,,,,,,,,,,,,,,,,,,,,,,,,,,,,,,,,,,,,,
2406150456C,NEW KAPPA IN 1.0,CM3P2,2024-06-15 10:33:17,18.595,24.55,OK,22.04,21.2,OK,23.26,22.83,OK,25.77,25.14,OK,25.25,24.35,OK,25.84,25.57,OK,22.94,22.58,OK,0,0,OK,0,0,,0,0,,0,OK,0,OK,0,OK,0,OK,0,OK,0,OK,0,OK,0,,0,OK,0,OK,0,OK,0,OK,0,OK,0,OK,0,OK,0,OK,0,,0,OK,,,,,,,,,,,,,,,,,,,,,,,,,,,,,,,,,,,,,,,,,,,,,,
2406150457C,NEW KAPPA IN 1.0,CM4P1,2024-06-15 10:34:13,19.196,27.65,OK,21.33,20.96,OK,24.06,23.6,OK,25.71,25.11,OK,24.61,24.12,OK,24.12,23.95,OK,22.12,21.73,OK,0,0,OK,0,0,,0,0,,0,OK,0,OK,0,OK,0,OK,0,OK,0,OK,0,OK,0,,0,OK,0,OK,0,OK,0,OK,0,OK,0,OK,0,OK,0,OK,0,,0,OK,,,,,,,,,,,,,,,,,,,,,,,,,,,,,,,,,,,,,,,,,,,,,,
2406150458C,NEW KAPPA IN 1.0,CM1P4,2024-06-15 10:46:59,18.992,26.15,OK,20.68,20.4,OK,22.55,22.36,OK,22.48,21.99,OK,21.66,21.41,OK,21.13,21.01,OK,22.55,22.08,OK,0,0,OK,0,0,,0,0,,5.84,OK,7.16,OK,8.09,OK,7.4,OK,7.79,OK,7.55,OK,0,OK,0,,0.19,OK,7.77,OK,7.49,OK,7.88,OK,7.59,OK,8.22,OK,7.92,OK,0,OK,0,,0.22,OK,,,,,,,,,,,,,,,,,,,,,,,,,,,,,,,,,,,,,,,,,,,,,,
2406150459C,NEW KAPPA IN 1.0,CM2P8,2024-06-15 10:47:25,19.089,25.67,OK,21.68,20.93,OK,21.54,21.1,OK,21.82,21.49,OK,21.03,20.65,OK,21.28,21.14,OK,20.33,20,OK,0,0,OK,0,0,,0,0,,15.36,OK,15.36,OK,15.36,OK,15.36,OK,15.36,OK,15.36,OK,0,OK,0,,15.36,OK,15.36,OK,15.36,OK,15.36,OK,15.36,OK,15.36,OK,15.36,OK,0,OK,0,,15.36,OK,,,,,,,,,,,,,,,,,,,,,,,,,,,,,,,,,,,,,,,,,,,,,,
2406150460C,NEW KAPPA IN 1.0,CM3P6,2024-06-15 10:48:08,18.591,25.57,OK,21.25,20.68,OK,23.49,23.13,OK,25.48,24.71,OK,25.61,24.82,OK,25.39,25.21,OK,24.12,23.76,OK,0,0,OK,0,0,,0,0,,0,OK,0,OK,0,OK,0,OK,0,OK,0,OK,0,OK,0,,0,OK,0,OK,0,OK,0,OK,0,OK,0,OK,0,OK,0,OK,0,,0,OK,,,,,,,,,,,,,,,,,,,,,,,,,,,,,,,,,,,,,,,,,,,,,,
2406150461C,NEW KAPPA IN 1.0,CM4P9,2024-06-15 10:48:54,19.199,33.76,OK,23.95,23.38,OK,24.28,23.55,OK,26.81,26.32,OK,23.84,23.42,OK,23.31,23.2,OK,23.31,22.89,OK,0,0,OK,0,0,,0,0,,0,OK,0,OK,0,OK,0,OK,0,OK,0,OK,0,OK,0,,0,OK,0,OK,0,OK,0,OK,0,OK,0,OK,0,OK,0,OK,0,,0,OK,,,,,,,,,,,,,,,,,,,,,,,,,,,,,,,,,,,,,,,,,,,,,,
2406150462C,NEW KAPPA IN 1.0,CM1P5,2024-06-15 10:50:11,18.857,24.95,OK,18.98,18.56,OK,22.55,22.27,OK,23.02,22.64,OK,21.41,21.01,OK,21.22,21.15,OK,21.59,21.24,OK,0,0,OK,0,0,,0,0,,5.63,OK,7.08,OK,7.53,OK,7.3,OK,7.62,OK,7.88,OK,0,OK,0,,0.28,OK,7.85,OK,7.6,OK,8.08,OK,7.65,OK,7.64,OK,8.21,OK,0,OK,0,,0.19,OK,,,,,,,,,,,,,,,,,,,,,,,,,,,,,,,,,,,,,,,,,,,,,,
2406150463C,NEW KAPPA IN 1.0,CM2P3,2024-06-15 10:50:31,19.014,24.7,OK,22.54,21.89,OK,23.52,23.15,OK,23.31,22.87,OK,22.5,22.03,OK,21.82,21.63,OK,21.66,21.19,OK,0,0,OK,0,0,,0,0,,15.36,OK,15.36,OK,15.36,OK,15.36,OK,15.36,OK,15.36,OK,0,OK,0,,15.36,OK,15.36,OK,15.36,OK,15.36,OK,15.36,OK,15.36,OK,15.36,OK,0,OK,0,,15.36,OK,,,,,,,,,,,,,,,,,,,,,,,,,,,,,,,,,,,,,,,,,,,,,,
2406150464C,NEW KAPPA IN 1.0,CM3P2,2024-06-15 10:51:10,18.769,25.83,OK,21.52,20.84,OK,24.53,24.12,OK,25.14,24.32,OK,27.18,26.54,OK,27.97,27.74,OK,24.96,24.66,OK,0,0,OK,0,0,,0,0,,0,OK,0,OK,0,OK,0,OK,0,OK,0,OK,0,OK,0,,0,OK,0,OK,0,OK,0,OK,0,OK,0,OK,0,OK,0,OK,0,,0,OK,,,,,,,,,,,,,,,,,,,,,,,,,,,,,,,,,,,,,,,,,,,,,,
2406150465C,NEW KAPPA IN 1.0,CM4P1,2024-06-15 10:51:56,19.105,25.98,OK,21.15,20.36,OK,24.15,23.77,OK,25.31,24.81,OK,24.48,23.86,OK,23.62,23.53,OK,21.75,21.24,OK,0,0,OK,0,0,,0,0,,0,OK,0,OK,0,OK,0,OK,0,OK,0,OK,0,OK,0,,0,OK,0,OK,0,OK,0,OK,0,OK,0,OK,0,OK,0,OK,0,,0,OK,,,,,,,,,,,,,,,,,,,,,,,,,,,,,,,,,,,,,,,,,,,,,,
2406150466C,NEW KAPPA IN 1.0,CM1P4,2024-06-15 10:53:23,18.624,26.12,OK,21.71,21.48,OK,23.13,22.88,OK,23.32,22.83,OK,22.9,22.5,OK,23.39,23.3,OK,22.55,22.18,OK,0,0,OK,0,0,,0,0,,6.06,OK,6.97,OK,7.27,OK,7.78,OK,7.47,OK,7.55,OK,0,OK,0,,0.2,OK,8.44,OK,7.54,OK,7.58,OK,7.8,OK,7.88,OK,7.62,OK,0,OK,0,,0.24,OK,,,,,,,,,,,,,,,,,,,,,,,,,,,,,,,,,,,,,,,,,,,,,,
2406150467C,NEW KAPPA IN 1.0,CM2P8,2024-06-15 10:53:42,18.599,26.62,OK,22.5,21.73,OK,23.36,23.03,OK,21.56,21.14,OK,22.68,22.31,OK,21.33,21.28,OK,22.66,22.31,OK,0,0,OK,0,0,,0,0,,15.36,OK,15.36,OK,15.36,OK,15.36,OK,15.36,OK,15.36,OK,0,OK,0,,15.36,OK,15.36,OK,15.36,OK,15.36,OK,15.36,OK,15.36,OK,15.36,OK,0,OK,0,,15.36,OK,,,,,,,,,,,,,,,,,,,,,,,,,,,,,,,,,,,,,,,,,,,,,,
2406150468C,NEW KAPPA IN 1.0,CM3P6,2024-06-15 10:54:18,18.601,26.85,OK,22.72,22.02,OK,23.87,23.51,OK,24.6,24.12,OK,26.02,25.3,OK,26.84,26.72,OK,23.33,23.01,OK,0,0,OK,0,0,,0,0,,0,OK,0,OK,0,OK,0,OK,0,OK,0,OK,0,OK,0,,0,OK,0,OK,0,OK,0,OK,0,OK,0,OK,0,OK,0,OK,0,,0,OK,,,,,,,,,,,,,,,,,,,,,,,,,,,,,,,,,,,,,,,,,,,,,,
2406150469C,NEW KAPPA IN 1.0,CM4P9,2024-06-15 10:55:04,18.671,26.88,OK,21.53,20.87,OK,23.66,23.07,OK,24.21,23.73,OK,24.34,23.88,OK,23.53,23.44,OK,22.58,22.34,OK,0,0,OK,0,0,,0,0,,0,OK,0,OK,0,OK,0,OK,0,OK,0,OK,0,OK,0,,0,OK,0,OK,0,OK,0,OK,0,OK,0,OK,0,OK,0,OK,0,,0,OK,,,,,,,,,,,,,,,,,,,,,,,,,,,,,,,,,,,,,,,,,,,,,,
2406150470C,NEW KAPPA IN 1.0,CM1P5,2024-06-15 10:56:31,18.418,26.25,OK,20.68,20.22,OK,24.11,23.65,OK,23.02,22.34,OK,22.62,22.27,OK,21.69,21.62,OK,22.48,22.11,OK,0,0,OK,0,0,,0,0,,5.76,OK,7.4,OK,7.16,OK,7.52,OK,7.4,OK,7.46,OK,0,OK,0,,0.19,OK,7.46,OK,7.74,OK,7.54,OK,8.56,OK,7.62,OK,7.55,OK,0,OK,0,,0.43,OK,,,,,,,,,,,,,,,,,,,,,,,,,,,,,,,,,,,,,,,,,,,,,,
2406150471C,NEW KAPPA IN 1.0,CM2P3,2024-06-15 10:56:54,18.722,27.88,OK,23.36,22.75,OK,22.31,21.91,OK,22.12,21.66,OK,22.59,22.12,OK,21.63,21.52,OK,20.63,20.16,OK,0,0,OK,0,0,,0,0,,15.36,OK,15.36,OK,15.36,OK,15.36,OK,15.36,OK,15.36,OK,0,OK,0,,15.36,OK,15.36,OK,15.36,OK,15.36,OK,15.36,OK,15.36,OK,15.36,OK,0,OK,0,,15.36,OK,,,,,,,,,,,,,,,,,,,,,,,,,,,,,,,,,,,,,,,,,,,,,,
2406150472C,NEW KAPPA IN 1.0,CM3P2,2024-06-15 10:57:33,19.009,28.06,OK,23.15,22.56,OK,23.71,23.26,OK,24.8,23.92,OK,25.98,25.05,OK,26.59,26.43,OK,24.19,23.92,OK,0,0,OK,0,0,,0,0,,0,OK,0,OK,0,OK,0,OK,0,OK,0,OK,0,OK,0,,0,OK,0,OK,0,OK,0,OK,0,OK,0,OK,0,OK,0,OK,0,,0,OK,,,,,,,,,,,,,,,,,,,,,,,,,,,,,,,,,,,,,,,,,,,,,,
2406150473C,NEW KAPPA IN 1.0,CM4P1,2024-06-15 10:58:22,18.603,27.98,OK,22.01,21.55,OK,23.75,23.24,OK,24.41,23.79,OK,23.2,22.69,OK,23.66,23.57,OK,23.62,23.22,OK,0,0,OK,0,0,,0,0,,0,OK,0,OK,0,OK,0,OK,0,OK,0,OK,0,OK,0,,0,OK,0,OK,0,OK,0,OK,0,OK,0,OK,0,OK,0,OK,0,,0,OK,,,,,,,,,,,,,,,,,,,,,,,,,,,,,,,,,,,,,,,,,,,,,,
2406150474C,NEW KAPPA IN 1.0,CM1P4,2024-06-15 10:59:43,18.489,25.93,OK,21.69,21.45,OK,22.62,22.39,OK,22.92,22.36,OK,23.58,23.25,OK,23.16,23.04,OK,22.36,21.99,OK,0,0,OK,0,0,,0,0,,5.71,OK,7.13,OK,7.21,OK,7.44,OK,8.19,OK,7.39,OK,0,OK,0,,0.27,OK,7.55,OK,8.22,OK,7.61,OK,7.52,OK,7.96,OK,7.59,OK,0,OK,0,,0.16,OK,,,,,,,,,,,,,,,,,,,,,,,,,,,,,,,,,,,,,,,,,,,,,,
2406150475C,NEW KAPPA IN 1.0,CM2P8,2024-06-15 11:00:06,18.679,28.52,OK,22.66,22.12,OK,22.17,21.84,OK,22.99,22.71,OK,22.66,22.29,OK,20.49,20.44,OK,21.49,21.19,OK,0,0,OK,0,0,,0,0,,15.36,OK,15.36,OK,15.36,OK,15.36,OK,15.36,OK,15.36,OK,0,OK,0,,15.36,OK,15.36,OK,15.36,OK,15.36,OK,15.36,OK,15.36,OK,15.36,OK,0,OK,0,,15.36,OK,,,,,,,,,,,,,,,,,,,,,,,,,,,,,,,,,,,,,,,,,,,,,,
2406150476C,NEW KAPPA IN 1.0,CM3P6,2024-06-15 11:00:48,18.602,27.9,OK,22.79,22.2,OK,24.85,24.42,OK,25.05,24.37,OK,25.8,25.14,OK,25.48,25.3,OK,23.35,23.08,OK,0,0,OK,0,0,,0,0,,0,OK,0,OK,0,OK,0,OK,0,OK,0,OK,0,OK,0,,0,OK,0,OK,0,OK,0,OK,0,OK,0,OK,0,OK,0,OK,0,,0,OK,,,,,,,,,,,,,,,,,,,,,,,,,,,,,,,,,,,,,,,,,,,,,,
2406150477C,NEW KAPPA IN 1.0,CM4P9,2024-06-15 11:01:37,19.171,27.88,OK,20.52,19.99,OK,24.06,23.51,OK,24.01,23.38,OK,24.41,23.84,OK,22.67,22.58,OK,23.07,22.72,OK,0,0,OK,0,0,,0,0,,0,OK,0,OK,0,OK,0,OK,0,OK,0,OK,0,OK,0,,0,OK,0,OK,0,OK,0,OK,0,OK,0,OK,0,OK,0,OK,0,,0,OK,,,,,,,,,,,,,,,,,,,,,,,,,,,,,,,,,,,,,,,,,,,,,,
2406150478C,NEW KAPPA IN 1.0,CM1P5,2024-06-15 11:02:55,18.601,28.43,OK,20.87,20.54,OK,23.81,23.37,OK,23.6,23.13,OK,22.34,21.99,OK,22.6,22.41,OK,22.88,22.55,OK,0,0,OK,0,0,,0,0,,5.66,OK,7.2,OK,7.32,OK,7.29,OK,7.84,OK,7.38,OK,0,OK,0,,0.21,OK,7.67,OK,7.36,OK,7.68,OK,7.55,OK,7.92,OK,7.74,OK,0,OK,0,,0.16,OK,,,,,,,,,,,,,,,,,,,,,,,,,,,,,,,,,,,,,,,,,,,,,,
2406150479C,NEW KAPPA IN 1.0,CM2P3,2024-06-15 11:03:14,18.601,28.43,OK,22.8,22.08,OK,22.33,21.98,OK,22.22,21.91,OK,23.01,22.5,OK,22.64,22.52,OK,22.26,21.89,OK,0,0,OK,0,0,,0,0,,15.36,OK,15.36,OK,15.36,OK,15.36,OK,15.36,OK,15.36,OK,0,OK,0,,15.36,OK,15.36,OK,15.36,OK,15.36,OK,15.36,OK,15.36,OK,15.36,OK,0,OK,0,,15.36,OK,,,,,,,,,,,,,,,,,,,,,,,,,,,,,,,,,,,,,,,,,,,,,,
05EC-C079C,NEW KAPPA IN 1.0,C,2024-06-15 11:01:01,18.75,26.83,OK,22.8,22.08,OK,22.33,21.98,OK,22.22,21.91,OK,23.01,22.5,OK,22.64,22.52,OK,22.26,21.89,OK,0,0,OK,0,0,,0,0,,15.36,OK,15.36,OK,15.36,OK,15.36,OK,15.36,OK,15.36,OK,0,OK,0,,15.36,OK,15.36,OK,15.36,OK,15.36,OK,15.36,OK,15.36,OK,15.36,OK,0,OK,0,,15.36,OK,,,,,,,,,,,,,,,,,,,,,,,,,,,,,,,,,,,,,,,,,,,,,,
2406150481C,NEW KAPPA IN 1.0,CM4P1,2024-06-15 11:04:49,18.652,28.97,OK,21.66,20.98,OK,22.78,22.28,OK,25.51,25,OK,22.91,22.41,OK,23.71,23.57,OK,22.69,22.43,OK,0,0,OK,0,0,,0,0,,0,OK,0,OK,0,OK,0,OK,0,OK,0,OK,0,OK,0,,0,OK,0,OK,0,OK,0,OK,0,OK,0,OK,0,OK,0,OK,0,,0,OK,,,,,,,,,,,,,,,,,,,,,,,,,,,,,,,,,,,,,,,,,,,,,,
2406150482C,NEW KAPPA IN 1.0,CM1P4,2024-06-15 11:06:06,18.641,28.33,OK,20.38,19.96,OK,22.2,21.92,OK,23.23,22.78,OK,22.67,22.29,OK,23.2,23.13,OK,22.08,21.71,OK,0,0,OK,0,0,,0,0,,5.69,OK,7.11,OK,7.19,OK,7.37,OK,8.16,OK,7.44,OK,0,OK,0,,0.19,OK,7.58,OK,7.52,OK,7.58,OK,7.67,OK,7.94,OK,7.65,OK,0,OK,0,,0.22,OK,,,,,,,,,,,,,,,,,,,,,,,,,,,,,,,,,,,,,,,,,,,,,,
2406150483C,NEW KAPPA IN 1.0,CM2P8,2024-06-15 11:06:26,19.011,27.38,OK,22.12,21.52,OK,21.66,21.28,OK,21.28,20.77,OK,21.68,21.31,OK,21.75,21.68,OK,20.68,20.3,OK,0,0,OK,0,0,,0,0,,15.36,OK,15.36,OK,15.36,OK,15.36,OK,15.36,OK,15.36,OK,0,OK,0,,15.36,OK,15.36,OK,15.36,OK,15.36,OK,15.36,OK,15.36,OK,15.36,OK,0,OK,0,,15.36,OK,,,,,,,,,,,,,,,,,,,,,,,,,,,,,,,,,,,,,,,,,,,,,,
2406150484C,NEW KAPPA IN 1.0,CM3P6,2024-06-15 11:07:05,18.687,27.31,OK,22.63,22.02,OK,24.62,24.35,OK,24.19,23.56,OK,25.12,24.1,OK,27.52,27.13,OK,23.85,23.56,OK,0,0,OK,0,0,,0,0,,0,OK,0,OK,0,OK,0,OK,0,OK,0,OK,0,OK,0,,0,OK,0,OK,0,OK,0,OK,0,OK,0,OK,0,OK,0,OK,0,,0,OK,,,,,,,,,,,,,,,,,,,,,,,,,,,,,,,,,,,,,,,,,,,,,,
2406150480C,NEW KAPPA IN 1.0,CM3P2,2024-06-15 11:04:03,18.687,27.31,OK,21.93,21.27,OK,24.85,24.55,OK,26.09,25.16,OK,25.68,25.09,OK,26.41,26.25,OK,24.48,24.19,OK,0,0,OK,0,0,,0,0,,0,OK,0,OK,0,OK,0,OK,0,OK,0,OK,0,OK,0,,0,OK,0,OK,0,OK,0,OK,0,OK,0,OK,0,OK,0,OK,0,,0,OK,,,,,,,,,,,,,,,,,,,,,,,,,,,,,,,,,,,,,,,,,,,,,,
2406150485C,NEW KAPPA IN 1.0,CM1P9,2024-06-15 12:07:12,18.679,27.85,OK,22.76,22.48,OK,23.13,22.85,OK,22.99,22.46,OK,22.62,22.2,OK,22.78,22.64,OK,22.57,22.25,OK,0,0,OK,0,0,,0,0,,5.64,OK,6.94,OK,7.7,OK,7.14,OK,7.59,OK,7.24,OK,0,OK,0,,0.2,OK,7.62,OK,7.32,OK,7.66,OK,7.54,OK,8.56,OK,7.73,OK,0,OK,0,,0.24,OK,,,,,,,,,,,,,,,,,,,,,,,,,,,,,,,,,,,,,,,,,,,,,,
2406150486C,NEW KAPPA IN 1.0,CM2P5,2024-06-15 12:07:29,18.647,27.67,OK,21.38,20.61,OK,21.33,20.98,OK,20.98,20.49,OK,21.21,20.93,OK,21.42,21.33,OK,21.96,21.66,OK,0,0,OK,0,0,,0,0,,15.36,OK,15.36,OK,15.36,OK,15.36,OK,15.36,OK,15.36,OK,0,OK,0,,15.36,OK,15.36,OK,15.36,OK,15.36,OK,15.36,OK,15.36,OK,15.36,OK,0,OK,0,,15.36,OK,,,,,,,,,,,,,,,,,,,,,,,,,,,,,,,,,,,,,,,,,,,,,,
2406150487C,NEW KAPPA IN 1.0,CM3P3,2024-06-15 12:08:11,18.846,28.98,OK,23.62,22.72,OK,24.17,23.58,OK,25.93,25.3,OK,25.43,24.44,OK,25.64,25.5,OK,24.35,24.05,OK,0,0,OK,0,0,,0,0,,0,OK,0,OK,0,OK,0,OK,0,OK,0,OK,0,OK,0,,0,OK,0,OK,0,OK,0,OK,0,OK,0,OK,0,OK,0,OK,0,,0,OK,,,,,,,,,,,,,,,,,,,,,,,,,,,,,,,,,,,,,,,,,,,,,,
2406150488C,NEW KAPPA IN 1.0,CM4P2,2024-06-15 12:09:04,18.334,26.66,OK,21.73,21.15,OK,23.75,23.27,OK,24.32,23.93,OK,25.25,24.81,OK,24.41,24.39,OK,23.71,23.38,OK,0,0,OK,0,0,,0,0,,0,OK,0,OK,0,OK,0,OK,0,OK,0,OK,0,OK,0,,0,OK,0,OK,0,OK,0,OK,0,OK,0,OK,0,OK,0,OK,0,,0,OK,,,,,,,,,,,,,,,,,,,,,,,,,,,,,,,,,,,,,,,,,,,,,,
2406150489C,NEW KAPPA IN 1.0,CM1P4,2024-06-15 12:10:24,18.303,26.25,OK,20.45,20.12,OK,23.06,22.78,OK,23.2,22.43,OK,21.5,21.2,OK,22.27,22.22,OK,23.09,22.74,OK,0,0,OK,0,0,,0,0,,5.58,OK,6.94,OK,7.41,OK,7.24,OK,7.5,OK,7.8,OK,0,OK,0,,0.21,OK,8.29,OK,7.33,OK,8.32,OK,7.6,OK,7.71,OK,8.29,OK,0,OK,0,,0.2,OK,,,,,,,,,,,,,,,,,,,,,,,,,,,,,,,,,,,,,,,,,,,,,,
2406150490C,NEW KAPPA IN 1.0,CM2P8,2024-06-15 12:10:41,19.177,32.58,OK,22.96,22.31,OK,22.08,21.73,OK,21.96,21.52,OK,21.52,21.14,OK,20.35,20.28,OK,21.94,21.68,OK,0,0,OK,0,0,,0,0,,15.36,OK,15.36,OK,15.36,OK,15.36,OK,15.36,OK,15.36,OK,0,OK,0,,15.36,OK,15.36,OK,15.36,OK,15.36,OK,15.36,OK,15.36,OK,15.36,OK,0,OK,0,,15.36,OK,,,,,,,,,,,,,,,,,,,,,,,,,,,,,,,,,,,,,,,,,,,,,,
2406150491C,NEW KAPPA IN 1.0,CM1P6,2024-06-15 12:15:52,18.56,28.01,OK,22.01,21.59,OK,23.3,23.06,OK,23.18,22.74,OK,21.71,21.45,OK,22.06,22.04,OK,21.57,21.24,OK,0,0,OK,0,0,,0,0,,5.82,OK,7.55,OK,7.26,OK,7.52,OK,7.48,OK,7.64,OK,0,OK,0,,0.21,OK,7.49,OK,7.61,OK,7.54,OK,8.12,OK,7.75,OK,7.5,OK,0,OK,0,,0.3,OK,,,,,,,,,,,,,,,,,,,,,,,,,,,,,,,,,,,,,,,,,,,,,,
2406150492C,NEW KAPPA IN 1.0,CM2P1,2024-06-15 12:16:12,18.637,28.53,OK,22.29,21.68,OK,24.53,24.18,OK,22.54,22.01,OK,22.89,22.45,OK,22.94,22.87,OK,21.12,20.93,OK,0,0,OK,0,0,,0,0,,15.36,OK,15.36,OK,15.36,OK,15.36,OK,15.36,OK,15.36,OK,0,OK,0,,15.36,OK,15.36,OK,15.36,OK,15.36,OK,15.36,OK,15.36,OK,15.36,OK,0,OK,0,,15.36,OK,,,,,,,,,,,,,,,,,,,,,,,,,,,,,,,,,,,,,,,,,,,,,,
2406150493C,NEW KAPPA IN 1.0,CM3P9,2024-06-15 12:16:51,18.764,27.27,OK,23.87,23.22,OK,25.43,25,OK,26.66,25.84,OK,26.2,25.3,OK,25.37,25.16,OK,24.17,23.78,OK,0,0,OK,0,0,,0,0,,0,OK,0,OK,0,OK,0,OK,0,OK,0,OK,0,OK,0,,0,OK,0,OK,0,OK,0,OK,0,OK,0,OK,0,OK,0,OK,0,,0,OK,,,,,,,,,,,,,,,,,,,,,,,,,,,,,,,,,,,,,,,,,,,,,,
2406150494C,NEW KAPPA IN 1.0,CM4P5,2024-06-15 12:17:37,18.843,30.6,OK,22.41,21.73,OK,23.97,23.4,OK,25.11,24.52,OK,24.06,23.64,OK,22.45,22.43,OK,22.69,22.36,OK,0,0,OK,0,0,,0,0,,0,OK,0,OK,0,OK,0,OK,0,OK,0,OK,0,OK,0,,0,OK,0,OK,0,OK,0,OK,0,OK,0,OK,0,OK,0,OK,0,,0,OK,,,,,,,,,,,,,,,,,,,,,,,,,,,,,,,,,,,,,,,,,,,,,,
2406150495C,NEW KAPPA IN 1.0,CM1P4,2024-06-15 12:19:04,19.152,32.22,OK,22.99,22.85,OK,22.55,22.27,OK,22.22,21.83,OK,21.59,21.24,OK,22.69,22.57,OK,21.15,20.89,OK,0,0,OK,0,0,,0,0,,5.77,OK,7.24,OK,7.1,OK,7.34,OK,7.34,OK,7.56,OK,0,OK,0,,0.2,OK,7.69,OK,7.74,OK,7.6,OK,8.25,OK,7.7,OK,7.53,OK,0,OK,0,,0.43,OK,,,,,,,,,,,,,,,,,,,,,,,,,,,,,,,,,,,,,,,,,,,,,,
2406150496C,NEW KAPPA IN 1.0,CM2P8,2024-06-15 12:19:21,18.548,27.5,OK,23.62,23.06,OK,22.43,21.91,OK,21.89,21.56,OK,22.29,21.82,OK,21.45,21.28,OK,20.09,19.74,OK,0,0,OK,0,0,,0,0,,15.36,OK,15.36,OK,15.36,OK,15.36,OK,15.36,OK,15.36,OK,0,OK,0,,15.36,OK,15.36,OK,15.36,OK,15.36,OK,15.36,OK,15.36,OK,15.36,OK,0,OK,0,,15.36,OK,,,,,,,,,,,,,,,,,,,,,,,,,,,,,,,,,,,,,,,,,,,,,,
2406150497C,NEW KAPPA IN 1.0,CM3P3,2024-06-15 12:19:57,19.195,32.08,OK,25.43,24.75,OK,24.55,24.21,OK,24.44,23.62,OK,25.18,24.39,OK,26.27,26.09,OK,23.69,23.42,OK,0,0,OK,0,0,,0,0,,0,OK,0,OK,0,OK,0,OK,0,OK,0,OK,0,OK,0,,0,OK,0,OK,0,OK,0,OK,0,OK,0,OK,0,OK,0,OK,0,,0,OK,,,,,,,,,,,,,,,,,,,,,,,,,,,,,,,,,,,,,,,,,,,,,,
2406150498C,NEW KAPPA IN 1.0,CM4P2,2024-06-15 12:20:42,18.899,28.85,OK,23.6,23.02,OK,24.89,24.39,OK,25.31,24.92,OK,23.82,23.29,OK,23.31,23.16,OK,23.13,22.76,OK,0,0,OK,0,0,,0,0,,0,OK,0,OK,0,OK,0,OK,0,OK,0,OK,0,OK,0,,0,OK,0,OK,0,OK,0,OK,0,OK,0,OK,0,OK,0,OK,0,,0,OK,,,,,,,,,,,,,,,,,,,,,,,,,,,,,,,,,,,,,,,,,,,,,,
2406150499C,NEW KAPPA IN 1.0,CM1P6,2024-06-15 12:22:13,19.189,32.15,OK,23.62,23.3,OK,22.57,22.25,OK,22.57,22.08,OK,21.71,21.52,OK,21.83,21.76,OK,21.64,21.36,OK,0,0,OK,0,0,,0,0,,5.66,OK,7.16,OK,7.09,OK,7.25,OK,7.34,OK,7.4,OK,0,OK,0,,0.2,OK,7.63,OK,7.89,OK,7.47,OK,8.22,OK,7.63,OK,7.52,OK,0,OK,0,,0.48,OK,,,,,,,,,,,,,,,,,,,,,,,,,,,,,,,,,,,,,,,,,,,,,,
2406150500C,NEW KAPPA IN 1.0,CM2P1,2024-06-15 12:22:32,19.189,32.15,OK,23.66,23.22,OK,22.15,21.8,OK,22.43,21.96,OK,21.77,21.35,OK,21.59,21.4,OK,20.98,20.65,OK,0,0,OK,0,0,,0,0,,15.36,OK,15.36,OK,15.36,OK,15.36,OK,15.36,OK,15.36,OK,0,OK,0,,15.36,OK,15.36,OK,15.36,OK,15.36,OK,15.36,OK,15.36,OK,15.36,OK,0,OK,0,,15.36,OK,,,,,,,,,,,,,,,,,,,,,,,,,,,,,,,,,,,,,,,,,,,,,,
2406150501C,NEW KAPPA IN 1.0,CM3P9,2024-06-15 12:23:08,18.885,27.61,OK,24.6,24.12,OK,23.56,23.17,OK,24.26,23.44,OK,25.34,24.55,OK,26.18,26,OK,22.85,22.49,OK,0,0,OK,0,0,,0,0,,0,OK,0,OK,0,OK,0,OK,0,OK,0,OK,0,OK,0,,0,OK,0,OK,0,OK,0,OK,0,OK,0,OK,0,OK,0,OK,0,,0,OK,,,,,,,,,,,,,,,,,,,,,,,,,,,,,,,,,,,,,,,,,,,,,,
2406150502C,NEW KAPPA IN 1.0,CM4P5,2024-06-15 12:23:57,19.184,31.51,OK,25.82,25.29,OK,23.29,22.74,OK,25.6,25.18,OK,23.4,23.02,OK,23.84,23.77,OK,23.35,23.07,OK,0,0,OK,0,0,,0,0,,0,OK,0,OK,0,OK,0,OK,0,OK,0,OK,0,OK,0,,0,OK,0,OK,0,OK,0,OK,0,OK,0,OK,0,OK,0,OK,0,,0,OK,,,,,,,,,,,,,,,,,,,,,,,,,,,,,,,,,,,,,,,,,,,,,,
2406150503C,NEW KAPPA IN 1.0,CM1P4,2024-06-15 12:25:24,19.002,30.97,OK,23.13,22.9,OK,22.27,21.94,OK,23.86,23.34,OK,23.69,23.39,OK,21.15,21.08,OK,21.48,21.13,OK,0,0,OK,0,0,,0,0,,5.64,OK,7.12,OK,7.09,OK,7.29,OK,7.38,OK,7.37,OK,0,OK,0,,0.21,OK,7.51,OK,7.71,OK,7.5,OK,8.39,OK,7.63,OK,7.4,OK,0,OK,0,,0.37,OK,,,,,,,,,,,,,,,,,,,,,,,,,,,,,,,,,,,,,,,,,,,,,,
2406150504C,NEW KAPPA IN 1.0,CM2P8,2024-06-15 12:25:44,19.119,31.33,OK,22.99,22.47,OK,23.48,22.99,OK,20.86,20.44,OK,23.03,22.57,OK,21.52,21.4,OK,20.51,20.21,OK,0,0,OK,0,0,,0,0,,15.36,OK,15.36,OK,15.36,OK,15.36,OK,15.36,OK,15.36,OK,0,OK,0,,15.36,OK,15.36,OK,15.36,OK,15.36,OK,15.36,OK,15.36,OK,15.36,OK,0,OK,0,,15.36,OK,,,,,,,,,,,,,,,,,,,,,,,,,,,,,,,,,,,,,,,,,,,,,,
2406150505C,NEW KAPPA IN 1.0,CM3P3,2024-06-15 12:26:30,19.182,30.92,OK,24.51,23.89,OK,24.26,23.92,OK,24.78,23.87,OK,26.16,25.5,OK,26.45,26.27,OK,24.87,24.57,OK,0,0,OK,0,0,,0,0,,0,OK,0,OK,0,OK,0,OK,0,OK,0,OK,0,OK,0,,0,OK,0,OK,0,OK,0,OK,0,OK,0,OK,0,OK,0,OK,0,,0,OK,,,,,,,,,,,,,,,,,,,,,,,,,,,,,,,,,,,,,,,,,,,,,,
2406150506C,NEW KAPPA IN 1.0,CM4P2,2024-06-15 12:27:22,18.981,30.03,OK,22.06,21.35,OK,23.24,22.85,OK,23.31,22.89,OK,23.73,23.24,OK,24.06,23.93,OK,22.98,22.56,OK,0,0,OK,0,0,,0,0,,0,OK,0,OK,0,OK,0,OK,0,OK,0,OK,0,OK,0,,0,OK,0,OK,0,OK,0,OK,0,OK,0,OK,0,OK,0,OK,0,,0,OK,,,,,,,,,,,,,,,,,,,,,,,,,,,,,,,,,,,,,,,,,,,,,,
2406150507C,NEW KAPPA IN 1.0,CM1P6,2024-06-15 12:28:36,18.511,27.61,OK,22.15,21.76,OK,22.48,22.27,OK,22.13,21.94,OK,22.15,21.73,OK,21.41,21.29,OK,21.99,21.76,OK,0,0,OK,0,0,,0,0,,5.8,OK,7.38,OK,7.34,OK,7.72,OK,7.67,OK,7.75,OK,0,OK,0,,0.2,OK,7.79,OK,7.88,OK,7.58,OK,8.14,OK,7.83,OK,7.75,OK,0,OK,0,,0.33,OK,,,,,,,,,,,,,,,,,,,,,,,,,,,,,,,,,,,,,,,,,,,,,,
2406150508C,NEW KAPPA IN 1.0,CM1P1,2024-06-15 12:38:11,18.642,29.03,OK,21.36,21.1,OK,23.9,23.6,OK,22.41,21.87,OK,22.06,21.69,OK,22.01,21.94,OK,22.27,22.06,OK,0,0,OK,0,0,,0,0,,5.8,OK,7.23,OK,7.25,OK,7.45,OK,7.44,OK,7.52,OK,0,OK,0,,0.2,OK,7.74,OK,8.39,OK,7.64,OK,7.82,OK,7.99,OK,7.79,OK,0,OK,0,,0.44,OK,,,,,,,,,,,,,,,,,,,,,,,,,,,,,,,,,,,,,,,,,,,,,,
2406150509C,NEW KAPPA IN 1.0,CM2P9,2024-06-15 12:38:38,18.578,27.35,OK,23.24,22.78,OK,24.2,23.8,OK,22.82,22.45,OK,22.57,22.22,OK,21.54,21.4,OK,22.87,22.54,OK,0,0,OK,0,0,,0,0,,15.36,OK,15.36,OK,15.36,OK,15.36,OK,15.36,OK,15.36,OK,0,OK,0,,15.36,OK,15.36,OK,15.36,OK,15.36,OK,15.36,OK,15.36,OK,15.36,OK,0,OK,0,,15.36,OK,,,,,,,,,,,,,,,,,,,,,,,,,,,,,,,,,,,,,,,,,,,,,,
2406150510C,NEW KAPPA IN 1.0,CM3P5,2024-06-15 12:39:20,18.479,27.78,OK,22.94,22.45,OK,23.87,23.58,OK,25.41,24.57,OK,27.27,26.38,OK,27.2,26.95,OK,24.55,24.1,OK,0,0,OK,0,0,,0,0,,0,OK,0,OK,0,OK,0,OK,0,OK,0,OK,0,OK,0,,0,OK,0,OK,0,OK,0,OK,0,OK,0,OK,0,OK,0,OK,0,,0,OK,,,,,,,,,,,,,,,,,,,,,,,,,,,,,,,,,,,,,,,,,,,,,,
2406150511C,NEW KAPPA IN 1.0,CM4P4,2024-06-15 12:40:16,18.428,27.03,OK,21.02,20.32,OK,24.39,23.88,OK,25.93,25.29,OK,24.19,23.66,OK,23.2,23.11,OK,23.38,23.05,OK,0,0,OK,0,0,,0,0,,0,OK,0,OK,0,OK,0,OK,0,OK,0,OK,0,OK,0,,0,OK,0,OK,0,OK,0,OK,0,OK,0,OK,0,OK,0,OK,0,,0,OK,,,,,,,,,,,,,,,,,,,,,,,,,,,,,,,,,,,,,,,,,,,,,,
2406150512C,NEW KAPPA IN 1.0,CM1P6,2024-06-15 12:41:23,19.141,32.12,OK,24.93,24.65,OK,24.02,23.6,OK,22.74,22.34,OK,23.2,22.83,OK,23.41,23.25,OK,22.13,21.78,OK,0,0,OK,0,0,,0,0,,5.73,OK,7.22,OK,7.26,OK,7.42,OK,7.46,OK,7.53,OK,0,OK,0,,0.2,OK,7.61,OK,7.69,OK,7.55,OK,8.08,OK,7.78,OK,7.72,OK,0,OK,0,,0.36,OK,,,,,,,,,,,,,,,,,,,,,,,,,,,,,,,,,,,,,,,,,,,,,,
2406150513C,NEW KAPPA IN 1.0,CM2P8,2024-06-15 12:41:46,18.612,27.48,OK,22.52,21.96,OK,22.22,21.91,OK,24.22,23.83,OK,22.57,22.17,OK,22.73,22.57,OK,21.12,20.68,OK,0,0,OK,0,0,,0,0,,15.36,OK,15.36,OK,15.36,OK,15.36,OK,15.36,OK,15.36,OK,0,OK,0,,15.36,OK,15.36,OK,15.36,OK,15.36,OK,15.36,OK,15.36,OK,15.36,OK,0,OK,0,,15.36,OK,,,,,,,,,,,,,,,,,,,,,,,,,,,,,,,,,,,,,,,,,,,,,,
2406150514C,NEW KAPPA IN 1.0,CM3P3,2024-06-15 12:42:29,18.612,27.48,OK,24.85,23.94,OK,24.98,24.62,OK,25.23,24.46,OK,27.24,26.29,OK,27.36,27.2,OK,24.6,24.3,OK,0,0,OK,0,0,,0,0,,0,OK,0,OK,0,OK,0,OK,0,OK,0,OK,0,OK,0,,0,OK,0,OK,0,OK,0,OK,0,OK,0,OK,0,OK,0,OK,0,,0,OK,,,,,,,,,,,,,,,,,,,,,,,,,,,,,,,,,,,,,,,,,,,,,,
2406150515C,NEW KAPPA IN 1.0,CM4P2,2024-06-15 12:43:24,18.77,30.18,OK,24.01,23.44,OK,24.63,24.04,OK,26.7,26.15,OK,25.69,25.18,OK,25.6,25.53,OK,25.47,24.96,OK,0,0,OK,0,0,,0,0,,0,OK,0,OK,0,OK,0,OK,0,OK,0,OK,0,OK,0,,0,OK,0,OK,0,OK,0,OK,0,OK,0,OK,0,OK,0,OK,0,,0,OK,,,,,,,,,,,,,,,,,,,,,,,,,,,,,,,,,,,,,,,,,,,,,,
2406150516C,NEW KAPPA IN 1.0,CM1P1,2024-06-15 12:44:35,18.656,28.11,OK,20.82,20.47,OK,24.65,24.16,OK,22.76,22.15,OK,22.69,22.32,OK,21.9,21.9,OK,22.15,21.9,OK,0,0,OK,0,0,,0,0,,5.72,OK,7.26,OK,7.19,OK,7.45,OK,7.29,OK,7.54,OK,0,OK,0,,0.22,OK,7.57,OK,7.51,OK,7.32,OK,7.76,OK,7.58,OK,7.65,OK,0,OK,0,,0.41,OK,,,,,,,,,,,,,,,,,,,,,,,,,,,,,,,,,,,,,,,,,,,,,,
2406150517C,NEW KAPPA IN 1.0,CM2P9,2024-06-15 12:45:01,18.743,28.35,OK,24.57,24.08,OK,23.5,23.13,OK,22.17,21.7,OK,21.61,21.17,OK,20.82,20.7,OK,21.26,20.96,OK,0,0,OK,0,0,,0,0,,15.36,OK,15.36,OK,15.36,OK,15.36,OK,15.36,OK,15.36,OK,0,OK,0,,15.36,OK,15.36,OK,15.36,OK,15.36,OK,15.36,OK,15.36,OK,15.36,OK,0,OK,0,,15.36,OK,,,,,,,,,,,,,,,,,,,,,,,,,,,,,,,,,,,,,,,,,,,,,,
2406150518C,NEW KAPPA IN 1.0,CM3P5,2024-06-15 12:45:37,19.193,33.71,OK,24.62,23.92,OK,23.6,23.17,OK,23.13,22.38,OK,25.12,24.3,OK,24.62,24.39,OK,21.65,21.29,OK,0,0,OK,0,0,,0,0,,0,OK,0,OK,0,OK,0,OK,0,OK,0,OK,0,OK,0,,0,OK,0,OK,0,OK,0,OK,0,OK,0,OK,0,OK,0,OK,0,,0,OK,,,,,,,,,,,,,,,,,,,,,,,,,,,,,,,,,,,,,,,,,,,,,,
2406150519C,NEW KAPPA IN 1.0,CM4P4,2024-06-15 12:46:26,19.037,30.68,OK,24.06,23.42,OK,25.91,25.38,OK,24.04,23.68,OK,25.05,24.63,OK,25.07,25.03,OK,24.06,23.73,OK,0,0,OK,0,0,,0,0,,0,OK,0,OK,0,OK,0,OK,0,OK,0,OK,0,OK,0,,0,OK,0,OK,0,OK,0,OK,0,OK,0,OK,0,OK,0,OK,0,,0,OK,,,,,,,,,,,,,,,,,,,,,,,,,,,,,,,,,,,,,,,,,,,,,,
2406150520C,NEW KAPPA IN 1.0,CM1P6,2024-06-15 12:47:47,19.198,32.52,OK,23.2,22.71,OK,23.37,23.09,OK,23.27,22.64,OK,22.29,21.9,OK,21.8,21.66,OK,22.64,22.25,OK,0,0,OK,0,0,,0,0,,5.92,OK,7.13,OK,7.21,OK,7.27,OK,7.48,OK,7.85,OK,0,OK,0,,0.22,OK,7.57,OK,7.5,OK,7.38,OK,7.61,OK,7.53,OK,7.99,OK,0,OK,0,,0.28,OK,,,,,,,,,,,,,,,,,,,,,,,,,,,,,,,,,,,,,,,,,,,,,,
2406150521C,NEW KAPPA IN 1.0,CM2P8,2024-06-15 12:48:06,19.14,31.21,OK,22.19,21.61,OK,22.52,22.17,OK,21.35,21,OK,20.68,20.3,OK,21.42,21.35,OK,20.86,20.54,OK,0,0,OK,0,0,,0,0,,15.36,OK,15.36,OK,15.36,OK,15.36,OK,15.36,OK,15.36,OK,0,OK,0,,15.36,OK,15.36,OK,15.36,OK,15.36,OK,15.36,OK,15.36,OK,15.36,OK,0,OK,0,,15.36,OK,,,,,,,,,,,,,,,,,,,,,,,,,,,,,,,,,,,,,,,,,,,,,,
2406150522C,NEW KAPPA IN 1.0,CM3P3,2024-06-15 12:48:49,19.184,35.41,OK,26.09,25.57,OK,24.21,23.8,OK,25.93,25.14,OK,26.34,25.55,OK,28.29,28.08,OK,23.87,23.53,OK,0,0,OK,0,0,,0,0,,0,OK,0,OK,0,OK,0,OK,0,OK,0,OK,0,OK,0,,0,OK,0,OK,0,OK,0,OK,0,OK,0,OK,0,OK,0,OK,0,,0,OK,,,,,,,,,,,,,,,,,,,,,,,,,,,,,,,,,,,,,,,,,,,,,,
2406150523C,NEW KAPPA IN 1.0,CM4P2,2024-06-15 12:49:35,19.187,39.27,OK,26.81,26.19,OK,26.48,25.88,OK,25.71,25.38,OK,25.88,25.4,OK,26.52,26.39,OK,23.46,23.05,OK,0,0,OK,0,0,,0,0,,0,OK,0,OK,0,OK,0,OK,0,OK,0,OK,0,OK,0,,0,OK,0,OK,0,OK,0,OK,0,OK,0,OK,0,OK,0,OK,0,,0,OK,,,,,,,,,,,,,,,,,,,,,,,,,,,,,,,,,,,,,,,,,,,,,,
2406150524C,NEW KAPPA IN 1.0,CM1P1,2024-06-15 12:50:58,19.193,39.02,OK,23.11,22.74,OK,22.64,22.27,OK,22.95,22.34,OK,21.59,21.22,OK,22.29,22.2,OK,20.92,20.61,OK,0,0,OK,0,0,,0,0,,5.66,OK,6.94,OK,7.54,OK,7.22,OK,7.68,OK,7.3,OK,0,OK,0,,0.2,OK,7.74,OK,7.29,OK,7.58,OK,7.35,OK,8.11,OK,7.57,OK,0,OK,0,,0.17,OK,,,,,,,,,,,,,,,,,,,,,,,,,,,,,,,,,,,,,,,,,,,,,,
2406150525C,NEW KAPPA IN 1.0,CM2P9,2024-06-15 12:51:18,19.185,35.38,OK,23.83,23.2,OK,22.33,21.94,OK,24.29,23.9,OK,21.47,21.1,OK,20.91,20.84,OK,20.75,20.42,OK,0,0,OK,0,0,,0,0,,15.36,OK,15.36,OK,15.36,OK,15.36,OK,15.36,OK,15.36,OK,0,OK,0,,15.36,OK,15.36,OK,15.36,OK,15.36,OK,15.36,OK,15.36,OK,15.36,OK,0,OK,0,,15.36,OK,,,,,,,,,,,,,,,,,,,,,,,,,,,,,,,,,,,,,,,,,,,,,,
2406150526C,NEW KAPPA IN 1.0,CM3P5,2024-06-15 12:52:01,19.197,38.9,OK,25.39,24.87,OK,24.48,24.08,OK,25.82,24.98,OK,25.5,24.94,OK,26.07,25.82,OK,23.76,23.33,OK,0,0,OK,0,0,,0,0,,0,OK,0,OK,0,OK,0,OK,0,OK,0,OK,0,OK,0,,0,OK,0,OK,0,OK,0,OK,0,OK,0,OK,0,OK,0,OK,0,,0,OK,,,,,,,,,,,,,,,,,,,,,,,,,,,,,,,,,,,,,,,,,,,,,,
2406150527C,NEW KAPPA IN 1.0,CM4P4,2024-06-15 12:52:46,19.187,39.21,OK,23.71,22.98,OK,23.51,23,OK,25.31,24.81,OK,25.36,24.78,OK,24.39,24.26,OK,22.89,22.54,OK,0,0,OK,0,0,,0,0,,0,OK,0,OK,0,OK,0,OK,0,OK,0,OK,0,OK,0,,0,OK,0,OK,0,OK,0,OK,0,OK,0,OK,0,OK,0,OK,0,,0,OK,,,,,,,,,,,,,,,,,,,,,,,,,,,,,,,,,,,,,,,,,,,,,,
2406150528C,NEW KAPPA IN 1.0,CM1P6,2024-06-15 12:54:10,19.185,38.43,OK,25.16,24.93,OK,23.97,23.46,OK,23.69,23.13,OK,21.22,20.87,OK,21.9,21.83,OK,22.85,22.41,OK,0,0,OK,0,0,,0,0,,5.65,OK,7.04,OK,7.05,OK,7.26,OK,7.46,OK,7.37,OK,0,OK,0,,0.27,OK,7.64,OK,8,OK,7.59,OK,7.39,OK,7.74,OK,7.55,OK,0,OK,0,,0.26,OK,,,,,,,,,,,,,,,,,,,,,,,,,,,,,,,,,,,,,,,,,,,,,,
2406150529C,NEW KAPPA IN 1.0,CM2P8,2024-06-15 12:54:30,19.194,34.25,OK,23.08,22.66,OK,23.73,23.34,OK,22.45,22.17,OK,22.26,21.82,OK,22.64,22.57,OK,21.96,21.63,OK,0,0,OK,0,0,,0,0,,15.36,OK,15.36,OK,15.36,OK,15.36,OK,15.36,OK,15.36,OK,0,OK,0,,15.36,OK,15.36,OK,15.36,OK,15.36,OK,15.36,OK,15.36,OK,15.36,OK,0,OK,0,,15.36,OK,,,,,,,,,,,,,,,,,,,,,,,,,,,,,,,,,,,,,,,,,,,,,,
2406150530C,NEW KAPPA IN 1.0,CM3P3,2024-06-15 12:55:09,19.193,35.93,OK,23.51,22.88,OK,23.58,23.06,OK,25.34,24.42,OK,26.97,26.14,OK,27.11,26.93,OK,23.6,23.24,OK,0,0,OK,0,0,,0,0,,0,OK,0,OK,0,OK,0,OK,0,OK,0,OK,0,OK,0,,0,OK,0,OK,0,OK,0,OK,0,OK,0,OK,0,OK,0,OK,0,,0,OK,,,,,,,,,,,,,,,,,,,,,,,,,,,,,,,,,,,,,,,,,,,,,,
2406150531C,NEW KAPPA IN 1.0,CM4P2,2024-06-15 12:55:58,19.193,32.32,OK,22.43,21.79,OK,26.28,25.8,OK,24.89,24.3,OK,23.97,23.6,OK,23.64,23.62,OK,24.37,23.97,OK,0,0,OK,0,0,,0,0,,0,OK,0,OK,0,OK,0,OK,0,OK,0,OK,0,OK,0,,0,OK,0,OK,0,OK,0,OK,0,OK,0,OK,0,OK,0,OK,0,,0,OK,,,,,,,,,,,,,,,,,,,,,,,,,,,,,,,,,,,,,,,,,,,,,,
2406150532C,NEW KAPPA IN 1.0,CM1P1,2024-06-15 12:57:19,19.197,35.3,OK,24.32,24,OK,23.67,23.16,OK,23.93,23.41,OK,23.2,22.97,OK,22.04,21.85,OK,21.06,20.8,OK,0,0,OK,0,0,,0,0,,5.81,OK,7.24,OK,7.3,OK,7.5,OK,7.44,OK,7.68,OK,0,OK,0,,0.2,OK,7.62,OK,7.68,OK,7.52,OK,7.92,OK,7.53,OK,7.66,OK,0,OK,0,,0.16,OK,,,,,,,,,,,,,,,,,,,,,,,,,,,,,,,,,,,,,,,,,,,,,,
2406150533C,NEW KAPPA IN 1.0,CM2P9,2024-06-15 12:57:42,19.185,39.41,OK,22.87,22.31,OK,23.34,22.94,OK,22.85,22.4,OK,24.34,23.97,OK,22.45,22.4,OK,21.54,21.21,OK,0,0,OK,0,0,,0,0,,15.36,OK,15.36,OK,15.36,OK,15.36,OK,15.36,OK,15.36,OK,0,OK,0,,15.36,OK,15.36,OK,15.36,OK,15.36,OK,15.36,OK,15.36,OK,15.36,OK,0,OK,0,,15.36,OK,,,,,,,,,,,,,,,,,,,,,,,,,,,,,,,,,,,,,,,,,,,,,,
2406150534C,NEW KAPPA IN 1.0,CM3P5,2024-06-15 12:58:21,19.191,32.51,OK,25.52,24.78,OK,25.25,24.87,OK,25.98,24.96,OK,26.04,25.14,OK,27.24,27.04,OK,24.37,24.08,OK,0,0,OK,0,0,,0,0,,0,OK,0,OK,0,OK,0,OK,0,OK,0,OK,0,OK,0,,0,OK,0,OK,0,OK,0,OK,0,OK,0,OK,0,OK,0,OK,0,,0,OK,,,,,,,,,,,,,,,,,,,,,,,,,,,,,,,,,,,,,,,,,,,,,,
2406150535C,NEW KAPPA IN 1.0,CM4P4,2024-06-15 12:59:10,19.193,35.12,OK,22.36,21.79,OK,24.23,23.51,OK,25.71,25.14,OK,23.99,23.35,OK,23.18,23.13,OK,24.28,23.82,OK,0,0,OK,0,0,,0,0,,0,OK,0,OK,0,OK,0,OK,0,OK,0,OK,0,OK,0,,0,OK,0,OK,0,OK,0,OK,0,OK,0,OK,0,OK,0,OK,0,,0,OK,,,,,,,,,,,,,,,,,,,,,,,,,,,,,,,,,,,,,,,,,,,,,,
2406150536C,NEW KAPPA IN 1.0,CM1P6,2024-06-15 13:00:30,19.173,32.12,OK,22.83,22.5,OK,22.18,21.78,OK,22.76,22.32,OK,22.13,21.69,OK,23.16,23.04,OK,23.04,22.6,OK,0,0,OK,0,0,,0,0,,5.85,OK,6.91,OK,7.27,OK,7.15,OK,7.41,OK,8.04,OK,0,OK,0,,0.21,OK,8.36,OK,7.4,OK,8.33,OK,7.45,OK,7.4,OK,7.67,OK,0,OK,0,,0.2,OK,,,,,,,,,,,,,,,,,,,,,,,,,,,,,,,,,,,,,,,,,,,,,,
2406150537C,NEW KAPPA IN 1.0,CM2P8,2024-06-15 13:00:50,19.184,33.43,OK,25.6,25.2,OK,23.59,23.24,OK,24.69,24.27,OK,24.13,23.64,OK,22.85,22.75,OK,21.52,21.14,OK,0,0,OK,0,0,,0,0,,15.36,OK,15.36,OK,15.36,OK,15.36,OK,15.36,OK,15.36,OK,0,OK,0,,15.36,OK,15.36,OK,15.36,OK,15.36,OK,15.36,OK,15.36,OK,15.36,OK,0,OK,0,,15.36,OK,,,,,,,,,,,,,,,,,,,,,,,,,,,,,,,,,,,,,,,,,,,,,,
2406150538C,NEW KAPPA IN 1.0,CM3P3,2024-06-15 13:01:36,19.189,32.85,OK,24.53,24.01,OK,23.58,23.17,OK,24.75,23.87,OK,26.41,25.5,OK,25.95,25.77,OK,24.96,24.53,OK,0,0,OK,0,0,,0,0,,0,OK,0,OK,0,OK,0,OK,0,OK,0,OK,0,OK,0,,0,OK,0,OK,0,OK,0,OK,0,OK,0,OK,0,OK,0,OK,0,,0,OK,,,,,,,,,,,,,,,,,,,,,,,,,,,,,,,,,,,,,,,,,,,,,,
2406150539C,NEW KAPPA IN 1.0,CM4P2,2024-06-15 13:02:22,19.172,33.08,OK,24.89,24.5,OK,25.03,24.48,OK,27.53,26.96,OK,25.71,25.18,OK,25.42,25.36,OK,24.7,24.34,OK,0,0,OK,0,0,,0,0,,0,OK,0,OK,0,OK,0,OK,0,OK,0,OK,0,OK,0,,0,OK,0,OK,0,OK,0,OK,0,OK,0,OK,0,OK,0,OK,0,,0,OK,,,,,,,,,,,,,,,,,,,,,,,,,,,,,,,,,,,,,,,,,,,,,,
2406150540C,NEW KAPPA IN 1.0,CM1P1,2024-06-15 13:03:42,19.183,32.76,OK,21.97,21.73,OK,23.06,22.64,OK,24.65,24.14,OK,22.13,21.83,OK,22.64,22.57,OK,22.18,21.9,OK,0,0,OK,0,0,,0,0,,5.79,OK,7.1,OK,7.83,OK,7.38,OK,8.02,OK,7.5,OK,0,OK,0,,0.21,OK,7.95,OK,7.52,OK,7.73,OK,7.53,OK,7.94,OK,7.68,OK,0,OK,0,,0.16,OK,,,,,,,,,,,,,,,,,,,,,,,,,,,,,,,,,,,,,,,,,,,,,,
2406150541C,NEW KAPPA IN 1.0,CM2P9,2024-06-15 13:04:05,19.172,33.47,OK,25.62,24.97,OK,24.69,24.36,OK,23.31,22.92,OK,23.34,22.94,OK,21.96,21.87,OK,22.99,22.61,OK,0,0,OK,0,0,,0,0,,15.36,OK,15.36,OK,15.36,OK,15.36,OK,15.36,OK,15.36,OK,0,OK,0,,15.36,OK,15.36,OK,15.36,OK,15.36,OK,15.36,OK,15.36,OK,15.36,OK,0,OK,0,,15.36,OK,,,,,,,,,,,,,,,,,,,,,,,,,,,,,,,,,,,,,,,,,,,,,,
2406150542C,NEW KAPPA IN 1.0,CM3P5,2024-06-15 13:04:38,19.193,32.58,OK,26.43,25.91,OK,23.58,23.22,OK,25.59,25.09,OK,26.5,25.66,OK,26.59,26.5,OK,23.44,23.13,OK,0,0,OK,0,0,,0,0,,0,OK,0,OK,0,OK,0,OK,0,OK,0,OK,0,OK,0,,0,OK,0,OK,0,OK,0,OK,0,OK,0,OK,0,OK,0,OK,0,,0,OK,,,,,,,,,,,,,,,,,,,,,,,,,,,,,,,,,,,,,,,,,,,,,,
2406150543C,NEW KAPPA IN 1.0,CM4P4,2024-06-15 13:05:24,19.192,33.51,OK,24.98,24.32,OK,24.26,23.66,OK,24.39,24.12,OK,25.88,25.38,OK,24.96,24.87,OK,24.41,24.1,OK,0,0,OK,0,0,,0,0,,0,OK,0,OK,0,OK,0,OK,0,OK,0,OK,0,OK,0,,0,OK,0,OK,0,OK,0,OK,0,OK,0,OK,0,OK,0,OK,0,,0,OK,,,,,,,,,,,,,,,,,,,,,,,,,,,,,,,,,,,,,,,,,,,,,,
2406150544C,NEW KAPPA IN 1.0,CM1P6,2024-06-15 13:06:54,19.192,33.51,OK,23.62,23.32,OK,24.04,23.65,OK,22.41,22.04,OK,22.11,21.66,OK,22.15,22.04,OK,22.67,22.29,OK,0,0,OK,0,0,,0,0,,5.76,OK,7.16,OK,7.17,OK,7.42,OK,7.4,OK,7.6,OK,0,OK,0,,0.21,OK,7.66,OK,7.85,OK,7.67,OK,8.09,OK,7.85,OK,7.61,OK,0,OK,0,,0.4,OK,,,,,,,,,,,,,,,,,,,,,,,,,,,,,,,,,,,,,,,,,,,,,,
2406150545C,NEW KAPPA IN 1.0,CM2P8,2024-06-15 13:07:14,19.174,31.97,OK,22.75,22.15,OK,24.55,24.2,OK,23.85,23.52,OK,23.13,22.71,OK,23.2,23.17,OK,21.54,21.17,OK,0,0,OK,0,0,,0,0,,15.36,OK,15.36,OK,15.36,OK,15.36,OK,15.36,OK,15.36,OK,0,OK,0,,15.36,OK,15.36,OK,15.36,OK,15.36,OK,15.36,OK,15.36,OK,15.36,OK,0,OK,0,,15.36,OK,,,,,,,,,,,,,,,,,,,,,,,,,,,,,,,,,,,,,,,,,,,,,,
2406150546C,NEW KAPPA IN 1.0,CM3P3,2024-06-15 13:07:53,19.186,33.01,OK,24.51,23.83,OK,24.46,24.14,OK,24.35,23.74,OK,26.38,25.64,OK,27.04,26.88,OK,23.83,23.58,OK,0,0,OK,0,0,,0,0,,0,OK,0,OK,0,OK,0,OK,0,OK,0,OK,0,OK,0,,0,OK,0,OK,0,OK,0,OK,0,OK,0,OK,0,OK,0,OK,0,,0,OK,,,,,,,,,,,,,,,,,,,,,,,,,,,,,,,,,,,,,,,,,,,,,,
2406150547C,NEW KAPPA IN 1.0,CM4P2,2024-06-15 13:08:42,19.185,33.66,OK,24.34,23.51,OK,25.49,24.83,OK,27.69,27.07,OK,25.97,25.42,OK,24.52,24.39,OK,25.07,24.7,OK,0,0,OK,0,0,,0,0,,0,OK,0,OK,0,OK,0,OK,0,OK,0,OK,0,OK,0,,0,OK,0,OK,0,OK,0,OK,0,OK,0,OK,0,OK,0,OK,0,,0,OK,,,,,,,,,,,,,,,,,,,,,,,,,,,,,,,,,,,,,,,,,,,,,,
2406150548C,NEW KAPPA IN 1.0,CM1P1,2024-06-15 13:10:06,19.16,32.47,OK,26.33,25.96,OK,24.25,23.86,OK,24.37,23.81,OK,23.93,23.51,OK,22.5,22.5,OK,24.16,23.86,OK,0,0,OK,0,0,,0,0,,6.03,OK,7.69,OK,7.46,OK,7.38,OK,7.63,OK,8.19,OK,0,OK,0,,0.25,OK,7.74,OK,7.54,OK,7.79,OK,7.8,OK,7.83,OK,8.12,OK,0,OK,0,,0.26,OK,,,,,,,,,,,,,,,,,,,,,,,,,,,,,,,,,,,,,,,,,,,,,,
2406150549C,NEW KAPPA IN 1.0,CM2P9,2024-06-15 13:10:25,19.16,32.47,OK,22.4,21.82,OK,23.85,23.38,OK,23.52,23.15,OK,23.31,22.96,OK,22.92,22.8,OK,21.73,21.35,OK,0,0,OK,0,0,,0,0,,15.36,OK,15.36,OK,15.36,OK,15.36,OK,15.36,OK,15.36,OK,0,OK,0,,15.36,OK,15.36,OK,15.36,OK,15.36,OK,15.36,OK,15.36,OK,15.36,OK,0,OK,0,,15.36,OK,,,,,,,,,,,,,,,,,,,,,,,,,,,,,,,,,,,,,,,,,,,,,,
2406150550C,NEW KAPPA IN 1.0,CM3P5,2024-06-15 13:11:01,19.198,32.08,OK,26,25.48,OK,24.39,24.08,OK,26.18,25.41,OK,27.29,26.36,OK,26.97,26.84,OK,24.71,24.35,OK,0,0,OK,0,0,,0,0,,0,OK,0,OK,0,OK,0,OK,0,OK,0,OK,0,OK,0,,0,OK,0,OK,0,OK,0,OK,0,OK,0,OK,0,OK,0,OK,0,,0,OK,,,,,,,,,,,,,,,,,,,,,,,,,,,,,,,,,,,,,,,,,,,,,,
2406150551C,NEW KAPPA IN 1.0,CM4P4,2024-06-15 13:11:50,19.179,31.15,OK,23.73,23,OK,24.08,23.49,OK,27.42,27.03,OK,24.32,23.9,OK,24.12,23.88,OK,24.08,23.73,OK,0,0,OK,0,0,,0,0,,0,OK,0,OK,0,OK,0,OK,0,OK,0,OK,0,OK,0,,0,OK,0,OK,0,OK,0,OK,0,OK,0,OK,0,OK,0,OK,0,,0,OK,,,,,,,,,,,,,,,,,,,,,,,,,,,,,,,,,,,,,,,,,,,,,,
2406150552C,NEW KAPPA IN 1.0,CM1P6,2024-06-15 13:13:17,19.194,32.48,OK,22.06,21.85,OK,23.27,22.83,OK,23.32,22.88,OK,21.92,21.62,OK,24,23.83,OK,21.5,21.2,OK,0,0,OK,0,0,,0,0,,5.76,OK,7.13,OK,8,OK,7.31,OK,7.87,OK,7.53,OK,0,OK,0,,0.2,OK,7.88,OK,7.36,OK,7.79,OK,7.59,OK,8.08,OK,7.67,OK,0,OK,0,,0.19,OK,,,,,,,,,,,,,,,,,,,,,,,,,,,,,,,,,,,,,,,,,,,,,,
2406150553C,NEW KAPPA IN 1.0,CM2P8,2024-06-15 13:13:37,18.841,26.16,OK,22.52,21.82,OK,25.27,24.95,OK,23.03,22.64,OK,23.24,22.8,OK,23.87,23.85,OK,21.75,21.45,OK,0,0,OK,0,0,,0,0,,15.36,OK,15.36,OK,15.36,OK,15.36,OK,15.36,OK,15.36,OK,0,OK,0,,15.36,OK,15.36,OK,15.36,OK,15.36,OK,15.36,OK,15.36,OK,15.36,OK,0,OK,0,,15.36,OK,,,,,,,,,,,,,,,,,,,,,,,,,,,,,,,,,,,,,,,,,,,,,,
2406150554C,NEW KAPPA IN 1.0,CM3P3,2024-06-15 13:14:16,18.83,24.98,OK,22.97,22.24,OK,24.69,24.26,OK,25.18,24.44,OK,26.97,26.38,OK,25.95,25.73,OK,24.66,24.39,OK,0,0,OK,0,0,,0,0,,0,OK,0,OK,0,OK,0,OK,0,OK,0,OK,0,OK,0,,0,OK,0,OK,0,OK,0,OK,0,OK,0,OK,0,OK,0,OK,0,,0,OK,,,,,,,,,,,,,,,,,,,,,,,,,,,,,,,,,,,,,,,,,,,,,,
2406150555C,NEW KAPPA IN 1.0,CM4P2,2024-06-15 13:15:02,19.195,30.31,OK,23.57,23.05,OK,24.52,23.93,OK,25.51,25.29,OK,25.42,24.87,OK,25.36,25.25,OK,24.08,23.77,OK,0,0,OK,0,0,,0,0,,0,OK,0,OK,0,OK,0,OK,0,OK,0,OK,0,OK,0,,0,OK,0,OK,0,OK,0,OK,0,OK,0,OK,0,OK,0,OK,0,,0,OK,,,,,,,,,,,,,,,,,,,,,,,,,,,,,,,,,,,,,,,,,,,,,,
2406150556C,NEW KAPPA IN 1.0,CM1P1,2024-06-15 13:16:26,19.07,27.13,OK,21.55,21.15,OK,23.86,23.55,OK,24.25,23.74,OK,22.62,22.13,OK,23.65,23.6,OK,22.15,21.85,OK,0,0,OK,0,0,,0,0,,5.71,OK,7.23,OK,7.26,OK,7.55,OK,7.46,OK,7.64,OK,0,OK,0,,0.24,OK,7.53,OK,7.85,OK,7.51,OK,7.97,OK,7.72,OK,7.55,OK,0,OK,0,,0.24,OK,,,,,,,,,,,,,,,,,,,,,,,,,,,,,,,,,,,,,,,,,,,,,,
2406150557C,NEW KAPPA IN 1.0,CM2P9,2024-06-15 13:16:46,19.14,28.07,OK,22.22,21.63,OK,22.5,22.08,OK,22.57,22.24,OK,22.19,21.73,OK,21.7,21.66,OK,21.07,20.58,OK,0,0,OK,0,0,,0,0,,15.36,OK,15.36,OK,15.36,OK,15.36,OK,15.36,OK,15.36,OK,0,OK,0,,15.36,OK,15.36,OK,15.36,OK,15.36,OK,15.36,OK,15.36,OK,15.36,OK,0,OK,0,,15.36,OK,,,,,,,,,,,,,,,,,,,,,,,,,,,,,,,,,,,,,,,,,,,,,,
2406150558C,NEW KAPPA IN 1.0,CM3P5,2024-06-15 13:17:22,19.154,28.75,OK,22.54,21.63,OK,23.99,23.46,OK,25.07,24.17,OK,25.95,25.12,OK,29.87,29.64,OK,23.01,22.83,OK,0,0,OK,0,0,,0,0,,0,OK,0,OK,0,OK,0,OK,0,OK,0,OK,0,OK,0,,0,OK,0,OK,0,OK,0,OK,0,OK,0,OK,0,OK,0,OK,0,,0,OK,,,,,,,,,,,,,,,,,,,,,,,,,,,,,,,,,,,,,,,,,,,,,,
2406150559C,NEW KAPPA IN 1.0,CM4P4,2024-06-15 13:18:10,18.753,27.8,OK,23.95,23.18,OK,25.75,25.16,OK,27.6,27.2,OK,23.29,23.09,OK,25.05,24.94,OK,24.59,24.19,OK,0,0,OK,0,0,,0,0,,0,OK,0,OK,0,OK,0,OK,0,OK,0,OK,0,OK,0,,0,OK,0,OK,0,OK,0,OK,0,OK,0,OK,0,OK,0,OK,0,,0,OK,,,,,,,,,,,,,,,,,,,,,,,,,,,,,,,,,,,,,,,,,,,,,,
2406150560C,NEW KAPPA IN 1.0,CM1P6,2024-06-15 13:19:38,18.97,27.06,OK,23.9,23.48,OK,22.46,22.11,OK,24.11,23.93,OK,23.23,22.95,OK,23.13,23.04,OK,22.27,21.99,OK,0,0,OK,0,0,,0,0,,5.89,OK,7.13,OK,7.37,OK,7.3,OK,7.61,OK,7.66,OK,0,OK,0,,0.25,OK,7.59,OK,7.51,OK,8.49,OK,7.63,OK,7.58,OK,7.72,OK,0,OK,0,,0.16,OK,,,,,,,,,,,,,,,,,,,,,,,,,,,,,,,,,,,,,,,,,,,,,,
2406150561C,NEW KAPPA IN 1.0,CM2P8,2024-06-15 13:20:01,19.167,28.66,OK,24.71,24.2,OK,23.57,23.13,OK,22.29,21.96,OK,23.85,23.45,OK,20.98,20.86,OK,23.2,22.92,OK,0,0,OK,0,0,,0,0,,15.36,OK,15.36,OK,15.36,OK,15.36,OK,15.36,OK,15.36,OK,0,OK,0,,15.36,OK,15.36,OK,15.36,OK,15.36,OK,15.36,OK,15.36,OK,15.36,OK,0,OK,0,,15.36,OK,,,,,,,,,,,,,,,,,,,,,,,,,,,,,,,,,,,,,,,,,,,,,,
2406150562C,NEW KAPPA IN 1.0,CM3P3,2024-06-15 13:20:33,18.745,27.4,OK,22.49,21.74,OK,24.23,23.83,OK,26.2,25.5,OK,26.93,26.16,OK,25.52,25.34,OK,24.21,23.83,OK,0,0,OK,0,0,,0,0,,0,OK,0,OK,0,OK,0,OK,0,OK,0,OK,0,OK,0,,0,OK,0,OK,0,OK,0,OK,0,OK,0,OK,0,OK,0,OK,0,,0,OK,,,,,,,,,,,,,,,,,,,,,,,,,,,,,,,,,,,,,,,,,,,,,,
2406150563C,NEW KAPPA IN 1.0,CM4P2,2024-06-15 13:21:32,18.879,29.37,OK,24.43,23.62,OK,25.42,24.78,OK,26.96,26.61,OK,25.38,24.83,OK,25.18,25.18,OK,25.03,24.59,OK,0,0,OK,0,0,,0,0,,0,OK,0,OK,0,OK,0,OK,0,OK,0,OK,0,OK,0,,0,OK,0,OK,0,OK,0,OK,0,OK,0,OK,0,OK,0,OK,0,,0,OK,,,,,,,,,,,,,,,,,,,,,,,,,,,,,,,,,,,,,,,,,,,,,,
2406150564C,NEW KAPPA IN 1.0,CM1P1,2024-06-15 13:31:39,19.187,32.31,OK,23.46,23.18,OK,22.83,22.25,OK,24.42,23.88,OK,21.99,21.69,OK,21.83,21.66,OK,21.9,21.52,OK,0,0,OK,0,0,,0,0,,5.93,OK,7.04,OK,7.44,OK,7.27,OK,7.68,OK,7.37,OK,0,OK,0,,0.3,OK,8.32,OK,7.49,OK,7.89,OK,7.61,OK,7.92,OK,7.71,OK,0,OK,0,,0.25,OK,,,,,,,,,,,,,,,,,,,,,,,,,,,,,,,,,,,,,,,,,,,,,,
2406150565C,NEW KAPPA IN 1.0,CM2P9,2024-06-15 13:32:05,19.179,32.47,OK,23.24,22.75,OK,22.87,22.59,OK,21.4,21,OK,21.89,21.54,OK,22.75,22.64,OK,21.33,21,OK,0,0,OK,0,0,,0,0,,15.36,OK,15.36,OK,15.36,OK,15.36,OK,15.36,OK,15.36,OK,0,OK,0,,15.36,OK,15.36,OK,15.36,OK,15.36,OK,15.36,OK,15.36,OK,15.36,OK,0,OK,0,,15.36,OK,,,,,,,,,,,,,,,,,,,,,,,,,,,,,,,,,,,,,,,,,,,,,,
2406150566C,NEW KAPPA IN 1.0,CM3P5,2024-06-15 13:32:38,19.197,32.03,OK,23.53,22.97,OK,23.33,22.97,OK,23.76,22.88,OK,24.96,23.94,OK,25.48,25.37,OK,22.45,22.08,OK,0,0,OK,0,0,,0,0,,0,OK,0,OK,0,OK,0,OK,0,OK,0,OK,0,OK,0,,0,OK,0,OK,0,OK,0,OK,0,OK,0,OK,0,OK,0,OK,0,,0,OK,,,,,,,,,,,,,,,,,,,,,,,,,,,,,,,,,,,,,,,,,,,,,,
2406150567C,NEW KAPPA IN 1.0,CM4P4,2024-06-15 13:33:33,19.177,32.46,OK,25.58,25.05,OK,25.51,25.07,OK,25.6,25.18,OK,24.87,24.39,OK,24.3,24.28,OK,23.6,23.31,OK,0,0,OK,0,0,,0,0,,0,OK,0,OK,0,OK,0,OK,0,OK,0,OK,0,OK,0,,0,OK,0,OK,0,OK,0,OK,0,OK,0,OK,0,OK,0,OK,0,,0,OK,,,,,,,,,,,,,,,,,,,,,,,,,,,,,,,,,,,,,,,,,,,,,,
0644-C067C,NEW KAPPA IN 1.0,C,2024-06-15 13:31:13,19.192,30.58,OK,25.58,25.05,OK,25.51,25.07,OK,25.6,25.18,OK,24.87,24.39,OK,24.3,24.28,OK,23.6,23.31,OK,0,0,OK,0,0,,0,0,,0,OK,0,OK,0,OK,0,OK,0,OK,0,OK,0,OK,0,,0,OK,0,OK,0,OK,0,OK,0,OK,0,OK,0,OK,0,OK,0,,0,OK,,,,,,,,,,,,,,,,,,,,,,,,,,,,,,,,,,,,,,,,,,,,,,
2406150569C,NEW KAPPA IN 1.0,CM2P8,2024-06-15 13:35:11,19.158,32.28,OK,23.03,22.54,OK,22.59,22.31,OK,22.94,22.47,OK,23.43,22.96,OK,21.26,21.17,OK,22.26,21.89,OK,0,0,OK,0,0,,0,0,,15.36,OK,15.36,OK,15.36,OK,15.36,OK,15.36,OK,15.36,OK,0,OK,0,,15.36,OK,15.36,OK,15.36,OK,15.36,OK,15.36,OK,15.36,OK,15.36,OK,0,OK,0,,15.36,OK,,,,,,,,,,,,,,,,,,,,,,,,,,,,,,,,,,,,,,,,,,,,,,
2406150570C,NEW KAPPA IN 1.0,CM3P3,2024-06-15 13:35:53,19.191,26.65,OK,22.13,21.38,OK,23.24,22.76,OK,26.02,25.23,OK,24.05,23.22,OK,26.47,26.34,OK,23.1,22.79,OK,0,0,OK,0,0,,0,0,,0,OK,0,OK,0,OK,0,OK,0,OK,0,OK,0,OK,0,,0,OK,0,OK,0,OK,0,OK,0,OK,0,OK,0,OK,0,OK,0,,0,OK,,,,,,,,,,,,,,,,,,,,,,,,,,,,,,,,,,,,,,,,,,,,,,
2406150571C,NEW KAPPA IN 1.0,CM4P2,2024-06-15 13:36:45,19.189,32.13,OK,23.49,22.72,OK,26.1,25.6,OK,27.18,26.48,OK,25.49,25.05,OK,23.18,23.16,OK,23.55,23.09,OK,0,0,OK,0,0,,0,0,,0,OK,0,OK,0,OK,0,OK,0,OK,0,OK,0,OK,0,,0,OK,0,OK,0,OK,0,OK,0,OK,0,OK,0,OK,0,OK,0,,0,OK,,,,,,,,,,,,,,,,,,,,,,,,,,,,,,,,,,,,,,,,,,,,,,
2406150572C,NEW KAPPA IN 1.0,CM1P1,2024-06-15 13:37:59,19.185,32.76,OK,22.99,22.76,OK,23.37,22.95,OK,22.06,21.48,OK,23.44,23.02,OK,22.48,22.34,OK,23.51,23.11,OK,0,0,OK,0,0,,0,0,,5.76,OK,7.19,OK,7.17,OK,7.34,OK,7.52,OK,7.47,OK,0,OK,0,,0.22,OK,7.75,OK,7.94,OK,7.48,OK,8.29,OK,7.58,OK,7.64,OK,0,OK,0,,0.39,OK,,,,,,,,,,,,,,,,,,,,,,,,,,,,,,,,,,,,,,,,,,,,,,
2406150568C,NEW KAPPA IN 1.0,CM1P6,2024-06-15 13:34:51,19.185,32.76,OK,22.92,22.43,OK,22.48,22.18,OK,24.56,23.9,OK,22.88,22.48,OK,22.76,22.55,OK,22.6,22.34,OK,0,0,OK,0,0,,0,0,,5.73,OK,7.12,OK,7.78,OK,7.38,OK,8.25,OK,7.45,OK,0,OK,0,,0.21,OK,7.83,OK,7.43,OK,7.74,OK,7.56,OK,8.01,OK,7.82,OK,0,OK,0,,0.26,OK,,,,,,,,,,,,,,,,,,,,,,,,,,,,,,,,,,,,,,,,,,,,,,
2406150573C,NEW KAPPA IN 1.0,CM2P9,2024-06-15 13:38:22,19.195,31.78,OK,24.67,24.29,OK,22.61,22.26,OK,21.52,21.12,OK,23.69,23.22,OK,21.77,21.63,OK,21.73,21.42,OK,0,0,OK,0,0,,0,0,,15.36,OK,15.36,OK,15.36,OK,15.36,OK,15.36,OK,15.36,OK,0,OK,0,,15.36,OK,15.36,OK,15.36,OK,15.36,OK,15.36,OK,15.36,OK,15.36,OK,0,OK,0,,15.36,OK,,,,,,,,,,,,,,,,,,,,,,,,,,,,,,,,,,,,,,,,,,,,,,
2406150574C,NEW KAPPA IN 1.0,CM3P5,2024-06-15 13:39:05,19.185,31.45,OK,23.13,22.7,OK,23.67,23.26,OK,24.57,23.94,OK,24.89,23.99,OK,27.72,27.58,OK,24.26,23.89,OK,0,0,OK,0,0,,0,0,,0,OK,0,OK,0,OK,0,OK,0,OK,0,OK,0,OK,0,,0,OK,0,OK,0,OK,0,OK,0,OK,0,OK,0,OK,0,OK,0,,0,OK,,,,,,,,,,,,,,,,,,,,,,,,,,,,,,,,,,,,,,,,,,,,,,
2406150575C,NEW KAPPA IN 1.0,CM4P4,2024-06-15 13:39:54,18.944,25.73,OK,20.98,20.45,OK,24.52,23.99,OK,25.49,25.11,OK,27.34,27.05,OK,25.16,25,OK,23.79,23.4,OK,0,0,OK,0,0,,0,0,,0,OK,0,OK,0,OK,0,OK,0,OK,0,OK,0,OK,0,,0,OK,0,OK,0,OK,0,OK,0,OK,0,OK,0,OK,0,OK,0,,0,OK,,,,,,,,,,,,,,,,,,,,,,,,,,,,,,,,,,,,,,,,,,,,,,
2406150576C,NEW KAPPA IN 1.0,CM1P6,2024-06-15 13:41:11,19.188,27.2,OK,21.08,20.89,OK,24.88,24.51,OK,22.64,22.18,OK,22.83,22.6,OK,22.04,21.94,OK,21.87,21.57,OK,0,0,OK,0,0,,0,0,,5.71,OK,7.51,OK,7.26,OK,7.87,OK,7.36,OK,7.54,OK,0,OK,0,,0.22,OK,7.37,OK,7.5,OK,7.4,OK,7.6,OK,7.53,OK,8.36,OK,0,OK,0,,0.18,OK,,,,,,,,,,,,,,,,,,,,,,,,,,,,,,,,,,,,,,,,,,,,,,
2406150577C,NEW KAPPA IN 1.0,CM2P8,2024-06-15 13:41:31,19.164,28.36,OK,23.08,22.54,OK,23.01,22.64,OK,23.1,22.66,OK,23.78,23.36,OK,21.98,21.87,OK,19,18.65,OK,0,0,OK,0,0,,0,0,,15.36,OK,15.36,OK,15.36,OK,15.36,OK,15.36,OK,15.36,OK,0,OK,0,,15.36,OK,15.36,OK,15.36,OK,15.36,OK,15.36,OK,15.36,OK,15.36,OK,0,OK,0,,15.36,OK,,,,,,,,,,,,,,,,,,,,,,,,,,,,,,,,,,,,,,,,,,,,,,
2406150578C,NEW KAPPA IN 1.0,CM3P3,2024-06-15 13:42:17,19.187,34.26,OK,24.32,23.78,OK,24.48,24.19,OK,24.28,23.42,OK,25.41,24.75,OK,24.39,24.35,OK,23.78,23.46,OK,0,0,OK,0,0,,0,0,,0,OK,0,OK,0,OK,0,OK,0,OK,0,OK,0,OK,0,,0,OK,0,OK,0,OK,0,OK,0,OK,0,OK,0,OK,0,OK,0,,0,OK,,,,,,,,,,,,,,,,,,,,,,,,,,,,,,,,,,,,,,,,,,,,,,
2406150579C,NEW KAPPA IN 1.0,CM4P2,2024-06-15 13:43:12,19.191,33.26,OK,24.26,23.4,OK,24.45,23.77,OK,25.22,24.89,OK,25.38,24.94,OK,24.12,24.12,OK,23.75,23.44,OK,0,0,OK,0,0,,0,0,,0,OK,0,OK,0,OK,0,OK,0,OK,0,OK,0,OK,0,,0,OK,0,OK,0,OK,0,OK,0,OK,0,OK,0,OK,0,OK,0,,0,OK,,,,,,,,,,,,,,,,,,,,,,,,,,,,,,,,,,,,,,,,,,,,,,
2406150580C,NEW KAPPA IN 1.0,CM1P1,2024-06-15 13:44:23,19.189,33.26,OK,23.3,23.04,OK,23.37,23.06,OK,23.13,22.74,OK,21.34,21.13,OK,22.53,22.41,OK,21.94,21.66,OK,0,0,OK,0,0,,0,0,,6,OK,6.95,OK,7.24,OK,7.18,OK,7.55,OK,7.33,OK,0,OK,0,,0.29,OK,8.09,OK,7.37,OK,8.19,OK,7.61,OK,8.05,OK,7.79,OK,0,OK,0,,0.26,OK,,,,,,,,,,,,,,,,,,,,,,,,,,,,,,,,,,,,,,,,,,,,,,
2406150581C,NEW KAPPA IN 1.0,CM2P9,2024-06-15 13:44:43,19.199,33.07,OK,23.52,22.89,OK,24.04,23.62,OK,22.15,21.75,OK,20.65,20.28,OK,22.89,22.8,OK,20.89,20.42,OK,0,0,OK,0,0,,0,0,,15.36,OK,15.36,OK,15.36,OK,15.36,OK,15.36,OK,15.36,OK,0,OK,0,,15.36,OK,15.36,OK,15.36,OK,15.36,OK,15.36,OK,15.36,OK,15.36,OK,0,OK,0,,15.36,OK,,,,,,,,,,,,,,,,,,,,,,,,,,,,,,,,,,,,,,,,,,,,,,
2406150582C,NEW KAPPA IN 1.0,CM3P5,2024-06-15 13:45:19,19.185,34.27,OK,26.57,25.89,OK,22.97,22.49,OK,24.44,23.69,OK,24.46,23.62,OK,24.62,24.55,OK,23.08,22.85,OK,0,0,OK,0,0,,0,0,,0,OK,0,OK,0,OK,0,OK,0,OK,0,OK,0,OK,0,,0,OK,0,OK,0,OK,0,OK,0,OK,0,OK,0,OK,0,OK,0,,0,OK,,,,,,,,,,,,,,,,,,,,,,,,,,,,,,,,,,,,,,,,,,,,,,
2406150583C,NEW KAPPA IN 1.0,CM4P4,2024-06-15 13:46:11,19.185,31.55,OK,22.98,22.45,OK,24.89,24.45,OK,25.38,24.98,OK,26.15,25.71,OK,25.11,25.03,OK,22.85,22.36,OK,0,0,OK,0,0,,0,0,,0,OK,0,OK,0,OK,0,OK,0,OK,0,OK,0,OK,0,,0,OK,0,OK,0,OK,0,OK,0,OK,0,OK,0,OK,0,OK,0,,0,OK,,,,,,,,,,,,,,,,,,,,,,,,,,,,,,,,,,,,,,,,,,,,,,
2406150584C,NEW KAPPA IN 1.0,CM1P6,2024-06-15 13:47:35,19.189,34.31,OK,21.99,21.83,OK,22.57,22.04,OK,22.69,22.13,OK,21.55,21.01,OK,21.15,21.08,OK,20.99,20.68,OK,0,0,OK,0,0,,0,0,,5.56,OK,6.85,OK,8.1,OK,7.14,OK,7.78,OK,7.3,OK,0,OK,0,,0.2,OK,7.76,OK,7.22,OK,7.58,OK,7.44,OK,7.68,OK,7.44,OK,0,OK,0,,0.17,OK,,,,,,,,,,,,,,,,,,,,,,,,,,,,,,,,,,,,,,,,,,,,,,
2406150585C,NEW KAPPA IN 1.0,CM2P8,2024-06-15 13:47:54,19.086,28.38,OK,22.61,22.05,OK,23.38,22.94,OK,22.59,22.17,OK,21.91,21.38,OK,21.84,21.75,OK,20.47,20,OK,0,0,OK,0,0,,0,0,,15.36,OK,15.36,OK,15.36,OK,15.36,OK,15.36,OK,15.36,OK,0,OK,0,,15.36,OK,15.36,OK,15.36,OK,15.36,OK,15.36,OK,15.36,OK,15.36,OK,0,OK,0,,15.36,OK,,,,,,,,,,,,,,,,,,,,,,,,,,,,,,,,,,,,,,,,,,,,,,
2406150586C,NEW KAPPA IN 1.0,CM3P3,2024-06-15 13:48:34,19.186,33.42,OK,26.16,25.55,OK,23.65,23.22,OK,25.39,24.42,OK,24.69,23.76,OK,25.98,25.77,OK,23.87,23.37,OK,0,0,OK,0,0,,0,0,,0,OK,0,OK,0,OK,0,OK,0,OK,0,OK,0,OK,0,,0,OK,0,OK,0,OK,0,OK,0,OK,0,OK,0,OK,0,OK,0,,0,OK,,,,,,,,,,,,,,,,,,,,,,,,,,,,,,,,,,,,,,,,,,,,,,
2406150587C,NEW KAPPA IN 1.0,CM4P2,2024-06-15 13:49:22,19.193,32.35,OK,26.54,25.95,OK,26.21,25.58,OK,26.72,26.43,OK,26.81,26.39,OK,24.96,24.89,OK,24.92,24.48,OK,0,0,OK,0,0,,0,0,,0,OK,0,OK,0,OK,0,OK,0,OK,0,OK,0,OK,0,,0,OK,0,OK,0,OK,0,OK,0,OK,0,OK,0,OK,0,OK,0,,0,OK,,,,,,,,,,,,,,,,,,,,,,,,,,,,,,,,,,,,,,,,,,,,,,
2406150588C,NEW KAPPA IN 1.0,CM1P1,2024-06-15 13:50:46,19.167,31.93,OK,24.88,24.58,OK,22.64,22.29,OK,24.35,23.93,OK,23.32,23.06,OK,22.76,22.71,OK,23.3,22.97,OK,0,0,OK,0,0,,0,0,,5.87,OK,7.33,OK,7.36,OK,7.64,OK,7.57,OK,7.8,OK,0,OK,0,,0.26,OK,7.83,OK,7.9,OK,7.85,OK,7.96,OK,8.08,OK,8.08,OK,0,OK,0,,0.24,OK,,,,,,,,,,,,,,,,,,,,,,,,,,,,,,,,,,,,,,,,,,,,,,
2406150589C,NEW KAPPA IN 1.0,CM2P9,2024-06-15 13:51:03,19.095,31.02,OK,23.22,22.66,OK,23.36,23.03,OK,23.01,22.64,OK,22.29,22.01,OK,21.38,21.26,OK,22.12,21.82,OK,0,0,OK,0,0,,0,0,,15.36,OK,15.36,OK,15.36,OK,15.36,OK,15.36,OK,15.36,OK,0,OK,0,,15.36,OK,15.36,OK,15.36,OK,15.36,OK,15.36,OK,15.36,OK,15.36,OK,0,OK,0,,15.36,OK,,,,,,,,,,,,,,,,,,,,,,,,,,,,,,,,,,,,,,,,,,,,,,
2406150590C,NEW KAPPA IN 1.0,CM3P5,2024-06-15 13:51:39,19.147,31.55,OK,24.19,23.78,OK,24.87,24.51,OK,24.98,24.17,OK,25.57,24.82,OK,27.13,26.95,OK,24.73,24.35,OK,0,0,OK,0,0,,0,0,,0,OK,0,OK,0,OK,0,OK,0,OK,0,OK,0,OK,0,,0,OK,0,OK,0,OK,0,OK,0,OK,0,OK,0,OK,0,OK,0,,0,OK,,,,,,,,,,,,,,,,,,,,,,,,,,,,,,,,,,,,,,,,,,,,,,
2406150591C,NEW KAPPA IN 1.0,CM4P4,2024-06-15 13:52:31,19.193,33.85,OK,23.57,22.8,OK,25.38,24.7,OK,24.21,23.73,OK,24.56,23.97,OK,23.22,23.09,OK,23.38,22.98,OK,0,0,OK,0,0,,0,0,,0,OK,0,OK,0,OK,0,OK,0,OK,0,OK,0,OK,0,,0,OK,0,OK,0,OK,0,OK,0,OK,0,OK,0,OK,0,OK,0,,0,OK,,,,,,,,,,,,,,,,,,,,,,,,,,,,,,,,,,,,,,,,,,,,,,
2406150592C,NEW KAPPA IN 1.0,CM1P6,2024-06-15 13:53:58,19.187,34.15,OK,23.76,23.41,OK,22.83,22.55,OK,22.99,22.46,OK,21.45,21.06,OK,22.08,21.92,OK,22.69,22.32,OK,0,0,OK,0,0,,0,0,,5.65,OK,6.98,OK,7.45,OK,7.24,OK,7.68,OK,7.38,OK,0,OK,0,,0.2,OK,8.01,OK,7.49,OK,7.68,OK,7.4,OK,8.13,OK,7.62,OK,0,OK,0,,0.16,OK,,,,,,,,,,,,,,,,,,,,,,,,,,,,,,,,,,,,,,,,,,,,,,
2406150593C,NEW KAPPA IN 1.0,CM2P8,2024-06-15 13:54:18,19.107,27.7,OK,22.71,22.19,OK,22.96,22.52,OK,22.47,22.08,OK,22.92,22.43,OK,22.59,22.52,OK,21,20.72,OK,0,0,OK,0,0,,0,0,,15.36,OK,15.36,OK,15.36,OK,15.36,OK,15.36,OK,15.36,OK,0,OK,0,,15.36,OK,15.36,OK,15.36,OK,15.36,OK,15.36,OK,15.36,OK,15.36,OK,0,OK,0,,15.36,OK,,,,,,,,,,,,,,,,,,,,,,,,,,,,,,,,,,,,,,,,,,,,,,
2406150594C,NEW KAPPA IN 1.0,CM3P3,2024-06-15 13:54:57,19.091,29.2,OK,22.67,22.02,OK,23.99,23.56,OK,25.98,25.09,OK,26.23,25.34,OK,27.09,26.93,OK,24.23,23.87,OK,0,0,OK,0,0,,0,0,,0,OK,0,OK,0,OK,0,OK,0,OK,0,OK,0,OK,0,,0,OK,0,OK,0,OK,0,OK,0,OK,0,OK,0,OK,0,OK,0,,0,OK,,,,,,,,,,,,,,,,,,,,,,,,,,,,,,,,,,,,,,,,,,,,,,
2406150595C,NEW KAPPA IN 1.0,CM4P2,2024-06-15 13:55:53,18.954,27.47,OK,21.95,21.33,OK,24.67,24.06,OK,24.89,24.45,OK,25.14,24.59,OK,23.33,23.16,OK,24.21,23.86,OK,0,0,OK,0,0,,0,0,,0,OK,0,OK,0,OK,0,OK,0,OK,0,OK,0,OK,0,,0,OK,0,OK,0,OK,0,OK,0,OK,0,OK,0,OK,0,OK,0,,0,OK,,,,,,,,,,,,,,,,,,,,,,,,,,,,,,,,,,,,,,,,,,,,,,
2406150596C,NEW KAPPA IN 1.0,CM1P1,2024-06-15 13:57:10,19.197,27.88,OK,23.13,22.85,OK,24.51,23.97,OK,23.88,23.41,OK,22.71,22.36,OK,23.06,22.95,OK,22.34,21.94,OK,0,0,OK,0,0,,0,0,,5.73,OK,7.23,OK,7.2,OK,7.45,OK,7.33,OK,7.56,OK,0,OK,0,,0.26,OK,7.62,OK,7.7,OK,7.38,OK,7.84,OK,7.59,OK,8.38,OK,0,OK,0,,0.22,OK,,,,,,,,,,,,,,,,,,,,,,,,,,,,,,,,,,,,,,,,,,,,,,
2406150597C,NEW KAPPA IN 1.0,CM2P9,2024-06-15 13:57:30,18.822,27.87,OK,23.92,23.34,OK,22.59,22.29,OK,22.78,22.31,OK,21,20.54,OK,22.43,22.29,OK,21.31,21.05,OK,0,0,OK,0,0,,0,0,,15.36,OK,15.36,OK,15.36,OK,15.36,OK,15.36,OK,15.36,OK,0,OK,0,,15.36,OK,15.36,OK,15.36,OK,15.36,OK,15.36,OK,15.36,OK,15.36,OK,0,OK,0,,15.36,OK,,,,,,,,,,,,,,,,,,,,,,,,,,,,,,,,,,,,,,,,,,,,,,
2406150598C,NEW KAPPA IN 1.0,CM3P5,2024-06-15 13:58:06,19.193,27.47,OK,22.7,21.99,OK,23.28,22.85,OK,25.16,24.35,OK,25.37,24.75,OK,26.29,26.09,OK,23.58,23.31,OK,0,0,OK,0,0,,0,0,,0,OK,0,OK,0,OK,0,OK,0,OK,0,OK,0,OK,0,,0,OK,0,OK,0,OK,0,OK,0,OK,0,OK,0,OK,0,OK,0,,0,OK,,,,,,,,,,,,,,,,,,,,,,,,,,,,,,,,,,,,,,,,,,,,,,
2406150599C,NEW KAPPA IN 1.0,CM4P4,2024-06-15 13:58:58,19.173,27.48,OK,22.23,21.66,OK,24.01,23.49,OK,24.3,23.79,OK,24.28,23.86,OK,24.06,23.99,OK,24.01,23.62,OK,0,0,OK,0,0,,0,0,,0,OK,0,OK,0,OK,0,OK,0,OK,0,OK,0,OK,0,,0,OK,0,OK,0,OK,0,OK,0,OK,0,OK,0,OK,0,OK,0,,0,OK,,,,,,,,,,,,,,,,,,,,,,,,,,,,,,,,,,,,,,,,,,,,,,
2406150600C,NEW KAPPA IN 1.0,CM1P6,2024-06-15 14:00:22,18.792,25.72,OK,22.41,22.13,OK,24.51,24.04,OK,23.32,22.74,OK,23.69,23.37,OK,22.97,22.97,OK,22.9,22.6,OK,0,0,OK,0,0,,0,0,,5.66,OK,7,OK,7.53,OK,7.24,OK,7.7,OK,7.43,OK,0,OK,0,,0.22,OK,8,OK,7.38,OK,7.77,OK,7.5,OK,8.06,OK,7.69,OK,0,OK,0,,0.17,OK,,,,,,,,,,,,,,,,,,,,,,,,,,,,,,,,,,,,,,,,,,,,,,
2406150601C,NEW KAPPA IN 1.0,CM2P8,2024-06-15 14:00:41,18.725,27.53,OK,23.38,22.61,OK,23.17,22.71,OK,22.87,22.57,OK,22.99,22.61,OK,21.42,21.26,OK,22.01,21.7,OK,0,0,OK,0,0,,0,0,,15.36,OK,15.36,OK,15.36,OK,15.36,OK,15.36,OK,15.36,OK,0,OK,0,,15.36,OK,15.36,OK,15.36,OK,15.36,OK,15.36,OK,15.36,OK,15.36,OK,0,OK,0,,15.36,OK,,,,,,,,,,,,,,,,,,,,,,,,,,,,,,,,,,,,,,,,,,,,,,
2406150602C,NEW KAPPA IN 1.0,CM3P3,2024-06-15 14:01:24,18.96,27.92,OK,22.38,21.65,OK,22.49,22.04,OK,24.42,23.65,OK,25.37,24.55,OK,23.99,23.96,OK,23.65,23.24,OK,0,0,OK,0,0,,0,0,,0,OK,0,OK,0,OK,0,OK,0,OK,0,OK,0,OK,0,,0,OK,0,OK,0,OK,0,OK,0,OK,0,OK,0,OK,0,OK,0,,0,OK,,,,,,,,,,,,,,,,,,,,,,,,,,,,,,,,,,,,,,,,,,,,,,
2406150603C,NEW KAPPA IN 1.0,CM4P2,2024-06-15 14:02:16,18.838,26.32,OK,20.87,20.19,OK,24.72,24.12,OK,25.51,25,OK,23.9,23.42,OK,23.42,23.2,OK,22.23,21.84,OK,0,0,OK,0,0,,0,0,,0,OK,0,OK,0,OK,0,OK,0,OK,0,OK,0,OK,0,,0,OK,0,OK,0,OK,0,OK,0,OK,0,OK,0,OK,0,OK,0,,0,OK,,,,,,,,,,,,,,,,,,,,,,,,,,,,,,,,,,,,,,,,,,,,,,
2406150604C,NEW KAPPA IN 1.0,CM1P1,2024-06-15 14:03:33,18.62,26.27,OK,21.17,20.92,OK,22.74,22.36,OK,22.55,21.92,OK,22.36,21.97,OK,21.24,21.2,OK,21.87,21.59,OK,0,0,OK,0,0,,0,0,,5.69,OK,7.19,OK,7.21,OK,7.58,OK,7.5,OK,7.67,OK,0,OK,0,,0.27,OK,7.46,OK,7.92,OK,7.45,OK,8.07,OK,7.7,OK,7.62,OK,0,OK,0,,0.17,OK,,,,,,,,,,,,,,,,,,,,,,,,,,,,,,,,,,,,,,,,,,,,,,
2406150605C,NEW KAPPA IN 1.0,CM2P9,2024-06-15 14:03:53,19.199,28.55,OK,23.15,22.59,OK,22.89,22.5,OK,21.77,21.4,OK,23.1,22.66,OK,20.63,20.49,OK,22.26,21.94,OK,0,0,OK,0,0,,0,0,,15.36,OK,15.36,OK,15.36,OK,15.36,OK,15.36,OK,15.36,OK,0,OK,0,,15.36,OK,15.36,OK,15.36,OK,15.36,OK,15.36,OK,15.36,OK,15.36,OK,0,OK,0,,15.36,OK,,,,,,,,,,,,,,,,,,,,,,,,,,,,,,,,,,,,,,,,,,,,,,
2406150606C,NEW KAPPA IN 1.0,CM3P5,2024-06-15 14:04:29,19.187,40.22,OK,24.3,23.74,OK,22.81,22.27,OK,24.71,23.74,OK,25.05,24.3,OK,24.35,24.3,OK,23.58,23.1,OK,0,0,OK,0,0,,0,0,,0,OK,0,OK,0,OK,0,OK,0,OK,0,OK,0,OK,0,,0,OK,0,OK,0,OK,0,OK,0,OK,0,OK,0,OK,0,OK,0,,0,OK,,,,,,,,,,,,,,,,,,,,,,,,,,,,,,,,,,,,,,,,,,,,,,
2406150607C,NEW KAPPA IN 1.0,CM4P4,2024-06-15 14:05:21,19.196,39.42,OK,24.21,23.64,OK,24.74,24.1,OK,26.94,26.52,OK,23.53,23.07,OK,25.27,25.2,OK,23.75,23.44,OK,0,0,OK,0,0,,0,0,,0,OK,0,OK,0,OK,0,OK,0,OK,0,OK,0,OK,0,,0,OK,0,OK,0,OK,0,OK,0,OK,0,OK,0,OK,0,OK,0,,0,OK,,,,,,,,,,,,,,,,,,,,,,,,,,,,,,,,,,,,,,,,,,,,,,
2406150608C,NEW KAPPA IN 1.0,CM1P6,2024-06-15 14:06:45,19.192,38.95,OK,21.24,20.92,OK,22.85,22.55,OK,23.27,22.62,OK,21.41,21.08,OK,21.45,21.34,OK,21.5,21.1,OK,0,0,OK,0,0,,0,0,,5.72,OK,7.04,OK,7.49,OK,7.29,OK,7.71,OK,7.45,OK,0,OK,0,,0.24,OK,8.11,OK,7.37,OK,7.83,OK,7.6,OK,8.08,OK,7.68,OK,0,OK,0,,0.18,OK,,,,,,,,,,,,,,,,,,,,,,,,,,,,,,,,,,,,,,,,,,,,,,
2406150609C,NEW KAPPA IN 1.0,CM2P8,2024-06-15 14:07:05,19.191,37.97,OK,25.13,24.71,OK,22.87,22.52,OK,22.29,21.82,OK,21.7,21.26,OK,21.4,21.31,OK,23.13,22.85,OK,0,0,OK,0,0,,0,0,,15.36,OK,15.36,OK,15.36,OK,15.36,OK,15.36,OK,15.36,OK,0,OK,0,,15.36,OK,15.36,OK,15.36,OK,15.36,OK,15.36,OK,15.36,OK,15.36,OK,0,OK,0,,15.36,OK,,,,,,,,,,,,,,,,,,,,,,,,,,,,,,,,,,,,,,,,,,,,,,
2406150610C,NEW KAPPA IN 1.0,CM3P3,2024-06-15 14:07:51,19.187,39.85,OK,26.5,25.93,OK,26.25,25.82,OK,25.93,25,OK,26.77,25.89,OK,27.24,27.09,OK,24.23,24.01,OK,0,0,OK,0,0,,0,0,,0,OK,0,OK,0,OK,0,OK,0,OK,0,OK,0,OK,0,,0,OK,0,OK,0,OK,0,OK,0,OK,0,OK,0,OK,0,OK,0,,0,OK,,,,,,,,,,,,,,,,,,,,,,,,,,,,,,,,,,,,,,,,,,,,,,
2406150611C,NEW KAPPA IN 1.0,CM4P2,2024-06-15 14:08:36,19.186,39.63,OK,22.36,21.99,OK,23.66,23.11,OK,23.18,22.76,OK,24.39,23.88,OK,23.11,23.02,OK,21.97,21.7,OK,0,0,OK,0,0,,0,0,,0,OK,0,OK,0,OK,0,OK,0,OK,0,OK,0,OK,0,,0,OK,0,OK,0,OK,0,OK,0,OK,0,OK,0,OK,0,OK,0,,0,OK,,,,,,,,,,,,,,,,,,,,,,,,,,,,,,,,,,,,,,,,,,,,,,
2406150612C,NEW KAPPA IN 1.0,CM1P1,2024-06-15 14:09:57,19.185,38.3,OK,22.11,21.85,OK,23.02,22.62,OK,22.78,22.25,OK,22.6,22.13,OK,21.41,21.34,OK,22.29,22.04,OK,0,0,OK,0,0,,0,0,,5.83,OK,7.23,OK,7.28,OK,7.56,OK,7.53,OK,7.66,OK,0,OK,0,,0.26,OK,7.67,OK,7.92,OK,7.57,OK,7.83,OK,7.63,OK,7.8,OK,0,OK,0,,0.27,OK,,,,,,,,,,,,,,,,,,,,,,,,,,,,,,,,,,,,,,,,,,,,,,
2406150613C,NEW KAPPA IN 1.0,CM2P9,2024-06-15 14:10:17,19.191,34.83,OK,23.08,22.61,OK,22.82,22.4,OK,22.82,22.54,OK,22.31,21.91,OK,21.45,21.28,OK,22.1,21.7,OK,0,0,OK,0,0,,0,0,,15.36,OK,15.36,OK,15.36,OK,15.36,OK,15.36,OK,15.36,OK,0,OK,0,,15.36,OK,15.36,OK,15.36,OK,15.36,OK,15.36,OK,15.36,OK,15.36,OK,0,OK,0,,15.36,OK,,,,,,,,,,,,,,,,,,,,,,,,,,,,,,,,,,,,,,,,,,,,,,
2406150614C,NEW KAPPA IN 1.0,CM3P5,2024-06-15 14:10:59,19.195,35.86,OK,23.71,23.06,OK,21.72,21.29,OK,23.53,22.7,OK,24.62,23.92,OK,25.5,25.41,OK,22.72,22.33,OK,0,0,OK,0,0,,0,0,,0,OK,0,OK,0,OK,0,OK,0,OK,0,OK,0,OK,0,,0,OK,0,OK,0,OK,0,OK,0,OK,0,OK,0,OK,0,OK,0,,0,OK,,,,,,,,,,,,,,,,,,,,,,,,,,,,,,,,,,,,,,,,,,,,,,
2406150615C,NEW KAPPA IN 1.0,CM4P4,2024-06-15 14:11:58,19.187,33.8,OK,21.44,20.69,OK,23.31,22.61,OK,24.61,24.08,OK,24.67,24.08,OK,23.35,23.27,OK,23.64,23.29,OK,0,0,OK,0,0,,0,0,,0,OK,0,OK,0,OK,0,OK,0,OK,0,OK,0,OK,0,,0,OK,0,OK,0,OK,0,OK,0,OK,0,OK,0,OK,0,OK,0,,0,OK,,,,,,,,,,,,,,,,,,,,,,,,,,,,,,,,,,,,,,,,,,,,,,
2406150616C,NEW KAPPA IN 1.0,CM1P6,2024-06-15 14:13:05,19.189,33.4,OK,21.22,20.71,OK,22.76,22.46,OK,22.62,22.04,OK,21.38,21.01,OK,22.43,22.34,OK,21.38,21.08,OK,0,0,OK,0,0,,0,0,,6.02,OK,7.03,OK,7.45,OK,7.24,OK,7.7,OK,7.44,OK,0,OK,0,,0.21,OK,8.17,OK,7.4,OK,7.79,OK,7.46,OK,8.26,OK,7.74,OK,0,OK,0,,0.17,OK,,,,,,,,,,,,,,,,,,,,,,,,,,,,,,,,,,,,,,,,,,,,,,
2406150617C,NEW KAPPA IN 1.0,CM2P8,2024-06-15 14:13:28,19.197,37.33,OK,25.23,24.85,OK,23.94,23.59,OK,21.84,21.47,OK,23.06,22.66,OK,22.68,22.61,OK,22.03,21.75,OK,0,0,OK,0,0,,0,0,,15.36,OK,15.36,OK,15.36,OK,15.36,OK,15.36,OK,15.36,OK,0,OK,0,,15.36,OK,15.36,OK,15.36,OK,15.36,OK,15.36,OK,15.36,OK,15.36,OK,0,OK,0,,15.36,OK,,,,,,,,,,,,,,,,,,,,,,,,,,,,,,,,,,,,,,,,,,,,,,
2406150618C,NEW KAPPA IN 1.0,CM3P3,2024-06-15 14:14:01,19.198,33.22,OK,24.17,23.53,OK,24.19,23.78,OK,26.04,25.34,OK,26.32,25.52,OK,26.68,26.52,OK,23.85,23.67,OK,0,0,OK,0,0,,0,0,,0,OK,0,OK,0,OK,0,OK,0,OK,0,OK,0,OK,0,,0,OK,0,OK,0,OK,0,OK,0,OK,0,OK,0,OK,0,OK,0,,0,OK,,,,,,,,,,,,,,,,,,,,,,,,,,,,,,,,,,,,,,,,,,,,,,
2406150619C,NEW KAPPA IN 1.0,CM1P2,2024-06-15 14:31:08,19.193,39.27,OK,22.08,21.76,OK,22.78,22.29,OK,22.62,22.25,OK,22.29,21.87,OK,22.62,22.48,OK,23.3,23.04,OK,0,0,OK,0,0,,0,0,,5.88,OK,7.03,OK,7.57,OK,7.26,OK,7.84,OK,7.52,OK,0,OK,0,,0.21,OK,7.98,OK,7.38,OK,7.85,OK,7.52,OK,8.15,OK,7.69,OK,0,OK,0,,0.17,OK,,,,,,,,,,,,,,,,,,,,,,,,,,,,,,,,,,,,,,,,,,,,,,
2406150620C,NEW KAPPA IN 1.0,CM2P1,2024-06-15 14:31:31,19.199,39.35,OK,23.97,23.48,OK,21.96,21.56,OK,21.42,21.1,OK,22.17,21.82,OK,21.45,21.35,OK,20.12,19.7,OK,0,0,OK,0,0,,0,0,,15.36,OK,15.36,OK,15.36,OK,15.36,OK,15.36,OK,15.36,OK,0,OK,0,,15.36,OK,15.36,OK,15.36,OK,15.36,OK,15.36,OK,15.36,OK,15.36,OK,0,OK,0,,15.36,OK,,,,,,,,,,,,,,,,,,,,,,,,,,,,,,,,,,,,,,,,,,,,,,
2406150621C,NEW KAPPA IN 1.0,CM3P9,2024-06-15 14:32:13,19.196,34.03,OK,22.99,22.38,OK,22.51,22.13,OK,24.21,23.53,OK,24.96,24.14,OK,25.18,25,OK,24.44,24.21,OK,0,0,OK,0,0,,0,0,,0,OK,0,OK,0,OK,0,OK,0,OK,0,OK,0,OK,0,,0,OK,0,OK,0,OK,0,OK,0,OK,0,OK,0,OK,0,OK,0,,0,OK,,,,,,,,,,,,,,,,,,,,,,,,,,,,,,,,,,,,,,,,,,,,,,
2406150622C,NEW KAPPA IN 1.0,CM1P5,2024-06-15 14:34:39,19.187,35.11,OK,22.41,22.06,OK,21.85,21.5,OK,22.6,22.18,OK,21.71,21.22,OK,21.87,21.69,OK,21.64,21.17,OK,0,0,OK,0,0,,0,0,,5.65,OK,7.11,OK,7.16,OK,7.31,OK,7.42,OK,7.42,OK,0,OK,0,,0.2,OK,7.58,OK,8.01,OK,7.6,OK,8.19,OK,7.74,OK,7.55,OK,0,OK,0,,0.34,OK,,,,,,,,,,,,,,,,,,,,,,,,,,,,,,,,,,,,,,,,,,,,,,
2406150623C,NEW KAPPA IN 1.0,CM2P6,2024-06-15 14:35:08,19.194,38.33,OK,23.27,22.61,OK,22.78,22.33,OK,21.42,20.96,OK,21.45,20.98,OK,21.49,21.33,OK,21.7,21.19,OK,0,0,OK,0,0,,0,0,,15.36,OK,15.36,OK,15.36,OK,15.36,OK,15.36,OK,15.36,OK,0,OK,0,,15.36,OK,15.36,OK,15.36,OK,15.36,OK,15.36,OK,15.36,OK,15.36,OK,0,OK,0,,15.36,OK,,,,,,,,,,,,,,,,,,,,,,,,,,,,,,,,,,,,,,,,,,,,,,
2406150624C,NEW KAPPA IN 1.0,CM3P8,2024-06-15 14:35:54,19.188,33.6,OK,23.28,22.7,OK,23.17,22.83,OK,25.32,24.51,OK,25.18,24.42,OK,26.34,26.11,OK,22.85,22.6,OK,0,0,OK,0,0,,0,0,,0,OK,0,OK,0,OK,0,OK,0,OK,0,OK,0,OK,0,,0,OK,0,OK,0,OK,0,OK,0,OK,0,OK,0,OK,0,OK,0,,0,OK,,,,,,,,,,,,,,,,,,,,,,,,,,,,,,,,,,,,,,,,,,,,,,
2406150625C,NEW KAPPA IN 1.0,CM4P3,2024-06-15 14:36:43,19.19,38.68,OK,23.2,22.65,OK,24.81,24.17,OK,24.76,24.32,OK,23.95,23.6,OK,23.88,23.75,OK,23.4,23,OK,0,0,OK,0,0,,0,0,,0,OK,0,OK,0,OK,0,OK,0,OK,0,OK,0,OK,0,,0,OK,0,OK,0,OK,0,OK,0,OK,0,OK,0,OK,0,OK,0,,0,OK,,,,,,,,,,,,,,,,,,,,,,,,,,,,,,,,,,,,,,,,,,,,,,
2406150626C,NEW KAPPA IN 1.0,CM1P2,2024-06-15 14:37:54,19.196,38.72,OK,21.9,21.69,OK,23.72,23.3,OK,24.02,23.32,OK,22.29,21.8,OK,22.53,22.36,OK,22.99,22.67,OK,0,0,OK,0,0,,0,0,,5.67,OK,6.98,OK,7.38,OK,7.22,OK,7.62,OK,7.31,OK,0,OK,0,,0.23,OK,8.1,OK,7.48,OK,7.9,OK,7.59,OK,8.38,OK,7.58,OK,0,OK,0,,0.25,OK,,,,,,,,,,,,,,,,,,,,,,,,,,,,,,,,,,,,,,,,,,,,,,
2406150627C,NEW KAPPA IN 1.0,CM2P1,2024-06-15 14:38:23,19.196,32.21,OK,23.92,23.36,OK,24.01,23.57,OK,23.66,23.27,OK,23.57,23.2,OK,22.24,22.08,OK,22.22,21.84,OK,0,0,OK,0,0,,0,0,,15.36,OK,15.36,OK,15.36,OK,15.36,OK,15.36,OK,15.36,OK,0,OK,0,,15.36,OK,15.36,OK,15.36,OK,15.36,OK,15.36,OK,15.36,OK,15.36,OK,0,OK,0,,15.36,OK,,,,,,,,,,,,,,,,,,,,,,,,,,,,,,,,,,,,,,,,,,,,,,
2406150628C,NEW KAPPA IN 1.0,CM3P9,2024-06-15 14:39:03,19.191,39.51,OK,26.95,26.5,OK,23.78,23.46,OK,25.98,25.09,OK,26.04,25.41,OK,24.85,24.82,OK,24.26,23.99,OK,0,0,OK,0,0,,0,0,,0,OK,0,OK,0,OK,0,OK,0,OK,0,OK,0,OK,0,,0,OK,0,OK,0,OK,0,OK,0,OK,0,OK,0,OK,0,OK,0,,0,OK,,,,,,,,,,,,,,,,,,,,,,,,,,,,,,,,,,,,,,,,,,,,,,
2406150629C,NEW KAPPA IN 1.0,CM4P4,2024-06-15 14:39:58,19.195,38.73,OK,24.5,23.79,OK,24.59,24.01,OK,25.77,25.49,OK,25.66,25.25,OK,23.82,23.73,OK,24.67,24.3,OK,0,0,OK,0,0,,0,0,,0,OK,0,OK,0,OK,0,OK,0,OK,0,OK,0,OK,0,,0,OK,0,OK,0,OK,0,OK,0,OK,0,OK,0,OK,0,OK,0,,0,OK,,,,,,,,,,,,,,,,,,,,,,,,,,,,,,,,,,,,,,,,,,,,,,
2406150630C,NEW KAPPA IN 1.0,CM1P5,2024-06-15 14:41:06,19.19,33.85,OK,21.36,21.1,OK,22.5,22.04,OK,22.36,21.8,OK,22.13,21.73,OK,21.64,21.45,OK,21.9,21.45,OK,0,0,OK,0,0,,0,0,,5.66,OK,7.06,OK,7.96,OK,7.3,OK,8.29,OK,7.47,OK,0,OK,0,,0.23,OK,7.62,OK,7.44,OK,7.73,OK,7.5,OK,7.76,OK,7.46,OK,0,OK,0,,0.4,OK,,,,,,,,,,,,,,,,,,,,,,,,,,,,,,,,,,,,,,,,,,,,,,
2406150631C,NEW KAPPA IN 1.0,CM2P6,2024-06-15 14:41:32,19.198,39.32,OK,24.85,24.15,OK,22.57,22.22,OK,21.21,20.72,OK,21.03,20.58,OK,20.19,20,OK,21.24,20.77,OK,0,0,OK,0,0,,0,0,,15.36,OK,15.36,OK,15.36,OK,15.36,OK,15.36,OK,15.36,OK,0,OK,0,,15.36,OK,15.36,OK,15.36,OK,15.36,OK,15.36,OK,15.36,OK,15.36,OK,0,OK,0,,15.36,OK,,,,,,,,,,,,,,,,,,,,,,,,,,,,,,,,,,,,,,,,,,,,,,
2406150632C,NEW KAPPA IN 1.0,CM3P8,2024-06-15 14:42:11,19.187,38.27,OK,25.23,24.8,OK,24.37,24.12,OK,24.78,23.99,OK,25.18,24.55,OK,26.75,26.63,OK,24.39,24.12,OK,0,0,OK,0,0,,0,0,,0,OK,0,OK,0,OK,0,OK,0,OK,0,OK,0,OK,0,,0,OK,0,OK,0,OK,0,OK,0,OK,0,OK,0,OK,0,OK,0,,0,OK,,,,,,,,,,,,,,,,,,,,,,,,,,,,,,,,,,,,,,,,,,,,,,
2406150633C,NEW KAPPA IN 1.0,CM4P3,2024-06-15 14:43:00,19.194,40.3,OK,23.82,23.46,OK,23.99,23.38,OK,25.44,25.16,OK,25.16,24.81,OK,24.08,23.99,OK,23.6,23.2,OK,0,0,OK,0,0,,0,0,,0,OK,0,OK,0,OK,0,OK,0,OK,0,OK,0,OK,0,,0,OK,0,OK,0,OK,0,OK,0,OK,0,OK,0,OK,0,OK,0,,0,OK,,,,,,,,,,,,,,,,,,,,,,,,,,,,,,,,,,,,,,,,,,,,,,
2406150634C,NEW KAPPA IN 1.0,CM1P2,2024-06-15 14:44:17,19.197,28.92,OK,21.78,21.36,OK,22.74,22.32,OK,23.88,23.25,OK,22.74,22.34,OK,22.01,21.92,OK,22.08,21.64,OK,0,0,OK,0,0,,0,0,,5.79,OK,7.28,OK,7.24,OK,7.52,OK,7.52,OK,7.71,OK,0,OK,0,,0.19,OK,7.53,OK,7.76,OK,7.52,OK,8.05,OK,7.78,OK,7.72,OK,0,OK,0,,0.37,OK,,,,,,,,,,,,,,,,,,,,,,,,,,,,,,,,,,,,,,,,,,,,,,
2406150635C,NEW KAPPA IN 1.0,CM2P1,2024-06-15 14:44:37,19.187,31.91,OK,23.64,23.01,OK,22.78,22.5,OK,23.08,22.71,OK,23.08,22.66,OK,22.43,22.29,OK,21.4,20.96,OK,0,0,OK,0,0,,0,0,,15.36,OK,15.36,OK,15.36,OK,15.36,OK,15.36,OK,15.36,OK,0,OK,0,,15.36,OK,15.36,OK,15.36,OK,15.36,OK,15.36,OK,15.36,OK,15.36,OK,0,OK,0,,15.36,OK,,,,,,,,,,,,,,,,,,,,,,,,,,,,,,,,,,,,,,,,,,,,,,
2406150636C,NEW KAPPA IN 1.0,CM3P9,2024-06-15 14:45:16,19.187,31.91,OK,21.45,20.79,OK,23.31,22.88,OK,24.42,23.67,OK,25.66,24.78,OK,26.04,25.89,OK,22.99,22.76,OK,0,0,OK,0,0,,0,0,,0,OK,0,OK,0,OK,0,OK,0,OK,0,OK,0,OK,0,,0,OK,0,OK,0,OK,0,OK,0,OK,0,OK,0,OK,0,OK,0,,0,OK,,,,,,,,,,,,,,,,,,,,,,,,,,,,,,,,,,,,,,,,,,,,,,
2406150637C,NEW KAPPA IN 1.0,CM4P4,2024-06-15 14:46:08,19.151,27.93,OK,22.98,22.43,OK,23.38,22.74,OK,25.82,25.36,OK,23.79,23.18,OK,22.74,22.58,OK,23.82,23.42,OK,0,0,OK,0,0,,0,0,,0,OK,0,OK,0,OK,0,OK,0,OK,0,OK,0,OK,0,,0,OK,0,OK,0,OK,0,OK,0,OK,0,OK,0,OK,0,OK,0,,0,OK,,,,,,,,,,,,,,,,,,,,,,,,,,,,,,,,,,,,,,,,,,,,,,
2406150638C,NEW KAPPA IN 1.0,CM1P5,2024-06-15 14:47:29,19.133,27.48,OK,20.68,20.4,OK,22.83,22.5,OK,22.48,22.06,OK,21.59,21.31,OK,21.15,21.06,OK,22.32,21.9,OK,0,0,OK,0,0,,0,0,,5.77,OK,7.68,OK,7.26,OK,7.43,OK,7.54,OK,7.89,OK,0,OK,0,,0.25,OK,7.6,OK,7.66,OK,7.58,OK,7.7,OK,7.63,OK,7.95,OK,0,OK,0,,0.17,OK,,,,,,,,,,,,,,,,,,,,,,,,,,,,,,,,,,,,,,,,,,,,,,
2406150639C,NEW KAPPA IN 1.0,CM2P6,2024-06-15 14:47:49,19.18,27.62,OK,22.71,22.19,OK,21.87,21.38,OK,22.38,21.98,OK,21.8,21.35,OK,20.49,20.33,OK,20.91,20.49,OK,0,0,OK,0,0,,0,0,,15.36,OK,15.36,OK,15.36,OK,15.36,OK,15.36,OK,15.36,OK,0,OK,0,,15.36,OK,15.36,OK,15.36,OK,15.36,OK,15.36,OK,15.36,OK,15.36,OK,0,OK,0,,15.36,OK,,,,,,,,,,,,,,,,,,,,,,,,,,,,,,,,,,,,,,,,,,,,,,
2406150640C,NEW KAPPA IN 1.0,CM3P8,2024-06-15 14:48:28,18.887,25.77,OK,23.35,22.88,OK,22.56,22.24,OK,25.07,24.28,OK,26.36,25.59,OK,27.27,27.13,OK,23.67,23.44,OK,0,0,OK,0,0,,0,0,,0,OK,0,OK,0,OK,0,OK,0,OK,0,OK,0,OK,0,,0,OK,0,OK,0,OK,0,OK,0,OK,0,OK,0,OK,0,OK,0,,0,OK,,,,,,,,,,,,,,,,,,,,,,,,,,,,,,,,,,,,,,,,,,,,,,
2406150641C,NEW KAPPA IN 1.0,CM4P3,2024-06-15 14:49:17,19.193,31.76,OK,24.52,23.9,OK,24.81,24.39,OK,25.22,25,OK,24.67,24.3,OK,24.19,24.1,OK,24.76,24.37,OK,0,0,OK,0,0,,0,0,,0,OK,0,OK,0,OK,0,OK,0,OK,0,OK,0,OK,0,,0,OK,0,OK,0,OK,0,OK,0,OK,0,OK,0,OK,0,OK,0,,0,OK,,,,,,,,,,,,,,,,,,,,,,,,,,,,,,,,,,,,,,,,,,,,,,
2406150642C,NEW KAPPA IN 1.0,CM1P2,2024-06-15 14:50:41,19.062,29.25,OK,22.2,21.97,OK,22.57,22.27,OK,23.67,23.06,OK,22.64,22.29,OK,23.06,22.97,OK,23.32,23.06,OK,0,0,OK,0,0,,0,0,,5.81,OK,7.18,OK,8.18,OK,7.43,OK,8.27,OK,7.58,OK,0,OK,0,,0.3,OK,7.87,OK,7.56,OK,7.72,OK,7.59,OK,8.03,OK,7.71,OK,0,OK,0,,0.17,OK,,,,,,,,,,,,,,,,,,,,,,,,,,,,,,,,,,,,,,,,,,,,,,
2406150643C,NEW KAPPA IN 1.0,CM2P1,2024-06-15 14:51:01,19.033,26.13,OK,22.99,22.43,OK,23.73,23.31,OK,22.66,22.22,OK,22.64,22.29,OK,22.8,22.68,OK,20.79,20.47,OK,0,0,OK,0,0,,0,0,,15.36,OK,15.36,OK,15.36,OK,15.36,OK,15.36,OK,15.36,OK,0,OK,0,,15.36,OK,15.36,OK,15.36,OK,15.36,OK,15.36,OK,15.36,OK,15.36,OK,0,OK,0,,15.36,OK,,,,,,,,,,,,,,,,,,,,,,,,,,,,,,,,,,,,,,,,,,,,,,
2406150644C,NEW KAPPA IN 1.0,CM3P9,2024-06-15 14:51:46,18.702,25.45,OK,22.92,22.29,OK,23.4,23.01,OK,24.1,23.35,OK,25.73,25.09,OK,27.83,27.58,OK,23.94,23.65,OK,0,0,OK,0,0,,0,0,,0,OK,0,OK,0,OK,0,OK,0,OK,0,OK,0,OK,0,,0,OK,0,OK,0,OK,0,OK,0,OK,0,OK,0,OK,0,OK,0,,0,OK,,,,,,,,,,,,,,,,,,,,,,,,,,,,,,,,,,,,,,,,,,,,,,
2406150645C,NEW KAPPA IN 1.0,CM4P4,2024-06-15 14:52:39,19.195,33.23,OK,23.86,23.16,OK,23.88,23.18,OK,24.52,24.04,OK,22.98,22.43,OK,23.46,23.35,OK,23.51,23.05,OK,0,0,OK,0,0,,0,0,,0,OK,0,OK,0,OK,0,OK,0,OK,0,OK,0,OK,0,,0,OK,0,OK,0,OK,0,OK,0,OK,0,OK,0,OK,0,OK,0,,0,OK,,,,,,,,,,,,,,,,,,,,,,,,,,,,,,,,,,,,,,,,,,,,,,
2406150646C,NEW KAPPA IN 1.0,CM1P5,2024-06-15 14:53:53,19.176,32.15,OK,23.79,23.44,OK,23.65,23.06,OK,23.32,22.81,OK,22.11,21.76,OK,22.04,21.99,OK,22.71,22.34,OK,0,0,OK,0,0,,0,0,,5.88,OK,7.3,OK,7.23,OK,7.53,OK,7.46,OK,7.67,OK,0,OK,0,,0.24,OK,7.73,OK,7.71,OK,7.4,OK,7.87,OK,7.72,OK,8.61,OK,0,OK,0,,0.23,OK,,,,,,,,,,,,,,,,,,,,,,,,,,,,,,,,,,,,,,,,,,,,,,
2406150647C,NEW KAPPA IN 1.0,CM2P6,2024-06-15 14:54:12,19.132,27.55,OK,22.54,21.94,OK,23.55,23.13,OK,21.35,20.86,OK,23.15,22.78,OK,21.05,20.89,OK,21.8,21.42,OK,0,0,OK,0,0,,0,0,,15.36,OK,15.36,OK,15.36,OK,15.36,OK,15.36,OK,15.36,OK,0,OK,0,,15.36,OK,15.36,OK,15.36,OK,15.36,OK,15.36,OK,15.36,OK,15.36,OK,0,OK,0,,15.36,OK,,,,,,,,,,,,,,,,,,,,,,,,,,,,,,,,,,,,,,,,,,,,,,
2406150648C,NEW KAPPA IN 1.0,CM3P8,2024-06-15 14:54:48,19.192,31.65,OK,24.19,23.65,OK,22.97,22.63,OK,25.37,24.57,OK,26.36,25.61,OK,25.23,25.05,OK,23.37,23.1,OK,0,0,OK,0,0,,0,0,,0,OK,0,OK,0,OK,0,OK,0,OK,0,OK,0,OK,0,,0,OK,0,OK,0,OK,0,OK,0,OK,0,OK,0,OK,0,OK,0,,0,OK,,,,,,,,,,,,,,,,,,,,,,,,,,,,,,,,,,,,,,,,,,,,,,
2406150649C,NEW KAPPA IN 1.0,CM4P3,2024-06-15 14:55:44,19.153,31.47,OK,24.61,23.99,OK,25.07,24.59,OK,26.59,26.24,OK,25.58,25.2,OK,23.46,23.38,OK,23.6,23.16,OK,0,0,OK,0,0,,0,0,,0,OK,0,OK,0,OK,0,OK,0,OK,0,OK,0,OK,0,,0,OK,0,OK,0,OK,0,OK,0,OK,0,OK,0,OK,0,OK,0,,0,OK,,,,,,,,,,,,,,,,,,,,,,,,,,,,,,,,,,,,,,,,,,,,,,
2406150650C,NEW KAPPA IN 1.0,CM1P2,2024-06-15 14:57:04,19.187,32.72,OK,22.25,21.85,OK,22.48,22.08,OK,21.99,21.55,OK,21.94,21.57,OK,21.03,20.99,OK,21.27,20.96,OK,0,0,OK,0,0,,0,0,,6.13,OK,7.15,OK,7.38,OK,7.3,OK,7.75,OK,7.49,OK,0,OK,0,,0.21,OK,8.74,OK,7.52,OK,8.04,OK,7.69,OK,8.89,OK,7.91,OK,0,OK,0,,0.21,OK,,,,,,,,,,,,,,,,,,,,,,,,,,,,,,,,,,,,,,,,,,,,,,
2406150651C,NEW KAPPA IN 1.0,CM2P1,2024-06-15 14:57:24,19.187,33.33,OK,24.83,24.27,OK,22.82,22.4,OK,22.47,22.17,OK,22.94,22.45,OK,21.89,21.7,OK,21.54,21.14,OK,0,0,OK,0,0,,0,0,,15.36,OK,15.36,OK,15.36,OK,15.36,OK,15.36,OK,15.36,OK,0,OK,0,,15.36,OK,15.36,OK,15.36,OK,15.36,OK,15.36,OK,15.36,OK,15.36,OK,0,OK,0,,15.36,OK,,,,,,,,,,,,,,,,,,,,,,,,,,,,,,,,,,,,,,,,,,,,,,
2406150652C,NEW KAPPA IN 1.0,CM3P9,2024-06-15 14:58:10,19.177,27.33,OK,24.57,23.92,OK,24.28,23.96,OK,25.09,24.23,OK,24.69,23.78,OK,25.5,25.43,OK,23.35,23.06,OK,0,0,OK,0,0,,0,0,,0,OK,0,OK,0,OK,0,OK,0,OK,0,OK,0,OK,0,,0,OK,0,OK,0,OK,0,OK,0,OK,0,OK,0,OK,0,OK,0,,0,OK,,,,,,,,,,,,,,,,,,,,,,,,,,,,,,,,,,,,,,,,,,,,,,
2406150653C,NEW KAPPA IN 1.0,CM4P4,2024-06-15 14:59:05,19.138,27.18,OK,21.68,21.02,OK,24.39,23.88,OK,25.64,25.29,OK,24.85,24.26,OK,24.96,24.94,OK,23.4,23.02,OK,0,0,OK,0,0,,0,0,,0,OK,0,OK,0,OK,0,OK,0,OK,0,OK,0,OK,0,,0,OK,0,OK,0,OK,0,OK,0,OK,0,OK,0,OK,0,OK,0,,0,OK,,,,,,,,,,,,,,,,,,,,,,,,,,,,,,,,,,,,,,,,,,,,,,
2406150654C,NEW KAPPA IN 1.0,CM1P5,2024-06-15 15:00:13,19.169,26.9,OK,21.13,20.73,OK,23.16,22.88,OK,22.08,21.71,OK,21.97,21.64,OK,21.45,21.34,OK,21.29,21.03,OK,0,0,OK,0,0,,0,0,,5.85,OK,7.26,OK,7.31,OK,7.53,OK,7.62,OK,7.68,OK,0,OK,0,,0.22,OK,7.75,OK,8.46,OK,7.81,OK,8.54,OK,7.87,OK,7.78,OK,0,OK,0,,0.44,OK,,,,,,,,,,,,,,,,,,,,,,,,,,,,,,,,,,,,,,,,,,,,,,
2406150655C,NEW KAPPA IN 1.0,CM2P6,2024-06-15 15:00:36,19.169,26.9,OK,24.41,23.73,OK,22.43,22.08,OK,21.38,21,OK,22.43,21.96,OK,21.61,21.45,OK,21.7,21.38,OK,0,0,OK,0,0,,0,0,,15.36,OK,15.36,OK,15.36,OK,15.36,OK,15.36,OK,15.36,OK,0,OK,0,,15.36,OK,15.36,OK,15.36,OK,15.36,OK,15.36,OK,15.36,OK,15.36,OK,0,OK,0,,15.36,OK,,,,,,,,,,,,,,,,,,,,,,,,,,,,,,,,,,,,,,,,,,,,,,
2406150656C,NEW KAPPA IN 1.0,CM3P8,2024-06-15 15:01:15,18.871,27.93,OK,22.54,21.9,OK,24.89,24.6,OK,24.85,24.23,OK,25.32,24.51,OK,27,26.93,OK,23.01,22.76,OK,0,0,OK,0,0,,0,0,,0,OK,0,OK,0,OK,0,OK,0,OK,0,OK,0,OK,0,,0,OK,0,OK,0,OK,0,OK,0,OK,0,OK,0,OK,0,OK,0,,0,OK,,,,,,,,,,,,,,,,,,,,,,,,,,,,,,,,,,,,,,,,,,,,,,
2406150657C,NEW KAPPA IN 1.0,CM4P3,2024-06-15 15:02:07,19.176,27.35,OK,22.74,21.95,OK,26.85,26.43,OK,26.81,26.61,OK,26.74,26.35,OK,24.96,24.83,OK,23.93,23.62,OK,0,0,OK,0,0,,0,0,,0,OK,0,OK,0,OK,0,OK,0,OK,0,OK,0,OK,0,,0,OK,0,OK,0,OK,0,OK,0,OK,0,OK,0,OK,0,OK,0,,0,OK,,,,,,,,,,,,,,,,,,,,,,,,,,,,,,,,,,,,,,,,,,,,,,
2406150658C,NEW KAPPA IN 1.0,CM1P2,2024-06-15 15:03:25,19.186,32.7,OK,24.81,24.35,OK,23.53,23.06,OK,23.83,23.32,OK,22.57,22.06,OK,23.48,23.32,OK,23.11,22.71,OK,0,0,OK,0,0,,0,0,,5.97,OK,7.02,OK,7.39,OK,7.34,OK,7.63,OK,7.47,OK,0,OK,0,,0.29,OK,7.72,OK,7.46,OK,8.35,OK,7.53,OK,8.02,OK,7.86,OK,0,OK,0,,0.17,OK,,,,,,,,,,,,,,,,,,,,,,,,,,,,,,,,,,,,,,,,,,,,,,
2406150659C,NEW KAPPA IN 1.0,CM2P1,2024-06-15 15:03:48,19.195,33.66,OK,24.92,24.48,OK,23.43,22.82,OK,22.24,21.84,OK,23.48,23.08,OK,21.73,21.61,OK,20.91,20.54,OK,0,0,OK,0,0,,0,0,,15.36,OK,15.36,OK,15.36,OK,15.36,OK,15.36,OK,15.36,OK,0,OK,0,,15.36,OK,15.36,OK,15.36,OK,15.36,OK,15.36,OK,15.36,OK,15.36,OK,0,OK,0,,15.36,OK,,,,,,,,,,,,,,,,,,,,,,,,,,,,,,,,,,,,,,,,,,,,,,
2406150660C,NEW KAPPA IN 1.0,CM3P9,2024-06-15 15:04:27,19.189,29.95,OK,24.46,23.99,OK,24.64,24.17,OK,24.78,24.08,OK,24.85,24.17,OK,25.39,25.34,OK,23.78,23.49,OK,0,0,OK,0,0,,0,0,,0,OK,0,OK,0,OK,0,OK,0,OK,0,OK,0,OK,0,,0,OK,0,OK,0,OK,0,OK,0,OK,0,OK,0,OK,0,OK,0,,0,OK,,,,,,,,,,,,,,,,,,,,,,,,,,,,,,,,,,,,,,,,,,,,,,
2406150661C,NEW KAPPA IN 1.0,CM4P4,2024-06-15 15:05:16,19.122,28.57,OK,24.08,23.35,OK,24.17,23.66,OK,24.87,24.59,OK,26.32,25.91,OK,25.05,24.98,OK,23.29,22.83,OK,0,0,OK,0,0,,0,0,,0,OK,0,OK,0,OK,0,OK,0,OK,0,OK,0,OK,0,,0,OK,0,OK,0,OK,0,OK,0,OK,0,OK,0,OK,0,OK,0,,0,OK,,,,,,,,,,,,,,,,,,,,,,,,,,,,,,,,,,,,,,,,,,,,,,
2406150662C,NEW KAPPA IN 1.0,CM1P5,2024-06-15 15:06:36,19.067,26.48,OK,21.76,21.48,OK,23.23,22.81,OK,22.9,22.43,OK,21.48,21.01,OK,22.85,22.83,OK,21.48,21.1,OK,0,0,OK,0,0,,0,0,,5.78,OK,7.23,OK,7.34,OK,7.49,OK,7.57,OK,7.73,OK,0,OK,0,,0.21,OK,7.8,OK,7.8,OK,7.88,OK,8.77,OK,7.97,OK,7.71,OK,0,OK,0,,0.4,OK,,,,,,,,,,,,,,,,,,,,,,,,,,,,,,,,,,,,,,,,,,,,,,
2406150663C,NEW KAPPA IN 1.0,CM2P6,2024-06-15 15:06:56,19.181,27.47,OK,24.69,24.18,OK,23.13,22.75,OK,22.89,22.4,OK,23.48,23.1,OK,21.84,21.73,OK,21.7,21.38,OK,0,0,OK,0,0,,0,0,,15.36,OK,15.36,OK,15.36,OK,15.36,OK,15.36,OK,15.36,OK,0,OK,0,,15.36,OK,15.36,OK,15.36,OK,15.36,OK,15.36,OK,15.36,OK,15.36,OK,0,OK,0,,15.36,OK,,,,,,,,,,,,,,,,,,,,,,,,,,,,,,,,,,,,,,,,,,,,,,
2406150664C,NEW KAPPA IN 1.0,CM3P8,2024-06-15 15:07:35,19.199,33.36,OK,25.68,25.12,OK,22.92,22.7,OK,25.48,24.64,OK,25.07,24.51,OK,25.05,24.94,OK,24.17,23.92,OK,0,0,OK,0,0,,0,0,,0,OK,0,OK,0,OK,0,OK,0,OK,0,OK,0,OK,0,,0,OK,0,OK,0,OK,0,OK,0,OK,0,OK,0,OK,0,OK,0,,0,OK,,,,,,,,,,,,,,,,,,,,,,,,,,,,,,,,,,,,,,,,,,,,,,
2406150665C,NEW KAPPA IN 1.0,CM4P3,2024-06-15 15:08:24,19.193,32.67,OK,25.58,25,OK,24.3,23.68,OK,26.96,26.68,OK,23.31,22.87,OK,25.09,24.98,OK,25.25,24.94,OK,0,0,OK,0,0,,0,0,,0,OK,0,OK,0,OK,0,OK,0,OK,0,OK,0,OK,0,,0,OK,0,OK,0,OK,0,OK,0,OK,0,OK,0,OK,0,OK,0,,0,OK,,,,,,,,,,,,,,,,,,,,,,,,,,,,,,,,,,,,,,,,,,,,,,
2406150666C,NEW KAPPA IN 1.0,CM1P2,2024-06-15 15:09:48,19.085,25.52,OK,22.01,21.73,OK,23.25,22.67,OK,23.67,23.16,OK,22.95,22.55,OK,23.2,23.11,OK,20.94,20.75,OK,0,0,OK,0,0,,0,0,,5.89,OK,7.72,OK,7.44,OK,7.34,OK,7.68,OK,7.69,OK,0,OK,0,,0.27,OK,7.59,OK,7.61,OK,8.48,OK,7.85,OK,7.76,OK,7.98,OK,0,OK,0,,0.21,OK,,,,,,,,,,,,,,,,,,,,,,,,,,,,,,,,,,,,,,,,,,,,,,
2406150667C,NEW KAPPA IN 1.0,CM1P1,2024-06-15 15:14:02,19.178,28.78,OK,22.32,22.08,OK,22.71,22.43,OK,24.58,23.88,OK,21.9,21.66,OK,21.29,21.2,OK,21.15,20.75,OK,0,0,OK,0,0,,0,0,,5.83,OK,7.21,OK,7.37,OK,7.46,OK,7.54,OK,7.69,OK,0,OK,0,,0.22,OK,7.84,OK,8.65,OK,7.71,OK,8.8,OK,7.81,OK,7.6,OK,0,OK,0,,0.36,OK,,,,,,,,,,,,,,,,,,,,,,,,,,,,,,,,,,,,,,,,,,,,,,
2406150668C,NEW KAPPA IN 1.0,CM2P9,2024-06-15 15:14:25,19.178,28.78,OK,22.8,22.19,OK,23.83,23.43,OK,22.15,21.68,OK,22.24,21.84,OK,21.24,21.17,OK,20.26,20.05,OK,0,0,OK,0,0,,0,0,,15.36,OK,15.36,OK,15.36,OK,15.36,OK,15.36,OK,15.36,OK,0,OK,0,,15.36,OK,15.36,OK,15.36,OK,15.36,OK,15.36,OK,15.36,OK,15.36,OK,0,OK,0,,15.36,OK,,,,,,,,,,,,,,,,,,,,,,,,,,,,,,,,,,,,,,,,,,,,,,
2406150669C,NEW KAPPA IN 1.0,CM3P4,2024-06-15 15:15:04,19.187,31.56,OK,23.6,23.17,OK,23.28,23.03,OK,24.73,23.89,OK,25.68,24.89,OK,27.31,26.97,OK,24.1,23.83,OK,0,0,OK,0,0,,0,0,,0,OK,0,OK,0,OK,0,OK,0,OK,0,OK,0,OK,0,,0,OK,0,OK,0,OK,0,OK,0,OK,0,OK,0,OK,0,OK,0,,0,OK,,,,,,,,,,,,,,,,,,,,,,,,,,,,,,,,,,,,,,,,,,,,,,
2406150670C,NEW KAPPA IN 1.0,CM4P5,2024-06-15 15:15:56,19.172,26.2,OK,21.13,20.45,OK,23.57,23,OK,22.98,22.69,OK,24.65,24.17,OK,23.53,23.49,OK,23.49,23.07,OK,0,0,OK,0,0,,0,0,,0,OK,0,OK,0,OK,0,OK,0,OK,0,OK,0,OK,0,,0,OK,0,OK,0,OK,0,OK,0,OK,0,OK,0,OK,0,OK,0,,0,OK,,,,,,,,,,,,,,,,,,,,,,,,,,,,,,,,,,,,,,,,,,,,,,
2406150671C,NEW KAPPA IN 1.0,CM1P2,2024-06-15 15:17:13,18.833,26.97,OK,22.88,22.62,OK,23.72,23.41,OK,21.76,21.41,OK,22.43,22.04,OK,22.71,22.62,OK,22.15,21.78,OK,0,0,OK,0,0,,0,0,,5.99,OK,7.19,OK,7.42,OK,7.29,OK,7.67,OK,7.57,OK,0,OK,0,,0.28,OK,7.64,OK,7.62,OK,8.54,OK,7.74,OK,7.8,OK,7.77,OK,0,OK,0,,0.24,OK,,,,,,,,,,,,,,,,,,,,,,,,,,,,,,,,,,,,,,,,,,,,,,
2406150672C,NEW KAPPA IN 1.0,CM2P6,2024-06-15 15:17:33,18.774,27.81,OK,21.66,21,OK,23.38,22.92,OK,21.91,21.47,OK,23.01,22.66,OK,21.14,21.07,OK,21.4,21.03,OK,0,0,OK,0,0,,0,0,,15.36,OK,15.36,OK,15.36,OK,15.36,OK,15.36,OK,15.36,OK,0,OK,0,,15.36,OK,15.36,OK,15.36,OK,15.36,OK,15.36,OK,15.36,OK,15.36,OK,0,OK,0,,15.36,OK,,,,,,,,,,,,,,,,,,,,,,,,,,,,,,,,,,,,,,,,,,,,,,
2406150673C,NEW KAPPA IN 1.0,CM3P8,2024-06-15 15:18:16,19.116,27.93,OK,22.36,21.95,OK,22.85,22.51,OK,23.92,23.28,OK,23.44,22.79,OK,26.95,26.68,OK,21.81,21.59,OK,0,0,OK,0,0,,0,0,,0,OK,0,OK,0,OK,0,OK,0,OK,0,OK,0,OK,0,,0,OK,0,OK,0,OK,0,OK,0,OK,0,OK,0,OK,0,OK,0,,0,OK,,,,,,,,,,,,,,,,,,,,,,,,,,,,,,,,,,,,,,,,,,,,,,
2406150674C,NEW KAPPA IN 1.0,CM4P3,2024-06-15 15:19:11,18.899,26.23,OK,23.07,22.63,OK,24.01,23.55,OK,25.18,24.56,OK,24.96,24.39,OK,24.28,24.26,OK,23.31,22.91,OK,0,0,OK,0,0,,0,0,,0,OK,0,OK,0,OK,0,OK,0,OK,0,OK,0,OK,0,,0,OK,0,OK,0,OK,0,OK,0,OK,0,OK,0,OK,0,OK,0,,0,OK,,,,,,,,,,,,,,,,,,,,,,,,,,,,,,,,,,,,,,,,,,,,,,
06AF-C074C,NEW KAPPA IN 1.0,C,2024-06-15 15:16:54,18.495,26.02,OK,23.07,22.63,OK,24.01,23.55,OK,25.18,24.56,OK,24.96,24.39,OK,24.28,24.26,OK,23.31,22.91,OK,0,0,OK,0,0,,0,0,,0,OK,0,OK,0,OK,0,OK,0,OK,0,OK,0,OK,0,,0,OK,0,OK,0,OK,0,OK,0,OK,0,OK,0,OK,0,OK,0,,0,OK,,,,,,,,,,,,,,,,,,,,,,,,,,,,,,,,,,,,,,,,,,,,,,
2406150676C,NEW KAPPA IN 1.0,CM2P9,2024-06-15 15:20:45,19.039,27.81,OK,22.82,22.26,OK,22.68,22.33,OK,22.82,22.45,OK,23.01,22.64,OK,21.12,21.05,OK,20.75,20.44,OK,0,0,OK,0,0,,0,0,,15.36,OK,15.36,OK,15.36,OK,15.36,OK,15.36,OK,15.36,OK,0,OK,0,,15.36,OK,15.36,OK,15.36,OK,15.36,OK,15.36,OK,15.36,OK,15.36,OK,0,OK,0,,15.36,OK,,,,,,,,,,,,,,,,,,,,,,,,,,,,,,,,,,,,,,,,,,,,,,
2406150677C,NEW KAPPA IN 1.0,CM3P4,2024-06-15 15:21:21,19.049,26.98,OK,24.71,24.28,OK,21.7,21.38,OK,24.87,24.12,OK,25.39,24.73,OK,24.98,24.85,OK,24.19,23.89,OK,0,0,OK,0,0,,0,0,,0,OK,0,OK,0,OK,0,OK,0,OK,0,OK,0,OK,0,,0,OK,0,OK,0,OK,0,OK,0,OK,0,OK,0,OK,0,OK,0,,0,OK,,,,,,,,,,,,,,,,,,,,,,,,,,,,,,,,,,,,,,,,,,,,,,
2406150678C,NEW KAPPA IN 1.0,CM4P5,2024-06-15 15:22:16,18.871,27.25,OK,22.8,21.99,OK,22.63,21.88,OK,24.98,24.5,OK,23.64,23.31,OK,23.6,23.49,OK,23.35,22.91,OK,0,0,OK,0,0,,0,0,,0,OK,0,OK,0,OK,0,OK,0,OK,0,OK,0,OK,0,,0,OK,0,OK,0,OK,0,OK,0,OK,0,OK,0,OK,0,OK,0,,0,OK,,,,,,,,,,,,,,,,,,,,,,,,,,,,,,,,,,,,,,,,,,,,,,
2406150679C,NEW KAPPA IN 1.0,CM1P2,2024-06-15 15:23:37,18.871,27.25,OK,22.13,21.76,OK,23.39,22.99,OK,24.58,23.97,OK,23.23,22.9,OK,22.22,22.08,OK,23.95,23.53,OK,0,0,OK,0,0,,0,0,,5.96,OK,7.83,OK,7.5,OK,7.42,OK,7.66,OK,8.8,OK,0,OK,0,,0.29,OK,7.71,OK,7.69,OK,8.03,OK,7.8,OK,7.74,OK,8.01,OK,0,OK,0,,0.25,OK,,,,,,,,,,,,,,,,,,,,,,,,,,,,,,,,,,,,,,,,,,,,,,
2406150675C,NEW KAPPA IN 1.0,CM1P1,2024-06-15 15:20:25,18.871,27.25,OK,21.48,21.29,OK,24.25,23.9,OK,23.58,23.25,OK,22.88,22.57,OK,22.46,22.36,OK,22.83,22.36,OK,0,0,OK,0,0,,0,0,,5.66,OK,7.11,OK,7.3,OK,7.4,OK,7.52,OK,7.67,OK,0,OK,0,,0.21,OK,7.83,OK,7.43,OK,7.55,OK,8.59,OK,7.76,OK,7.57,OK,0,OK,0,,0.32,OK,,,,,,,,,,,,,,,,,,,,,,,,,,,,,,,,,,,,,,,,,,,,,,
2406150680C,NEW KAPPA IN 1.0,CM2P6,2024-06-15 15:23:57,18.75,25.58,OK,22.1,21.52,OK,24.95,24.57,OK,22.59,22.22,OK,22.15,21.87,OK,20.98,20.79,OK,22.59,22.31,OK,0,0,OK,0,0,,0,0,,15.36,OK,15.36,OK,15.36,OK,15.36,OK,15.36,OK,15.36,OK,0,OK,0,,15.36,OK,15.36,OK,15.36,OK,15.36,OK,15.36,OK,15.36,OK,15.36,OK,0,OK,0,,15.36,OK,,,,,,,,,,,,,,,,,,,,,,,,,,,,,,,,,,,,,,,,,,,,,,
2406150681C,NEW KAPPA IN 1.0,CM3P8,2024-06-15 15:24:39,19.192,28.27,OK,22.9,22.17,OK,22.45,22.06,OK,24.96,23.99,OK,23.85,22.9,OK,24.48,24.35,OK,24.3,23.99,OK,0,0,OK,0,0,,0,0,,0,OK,0,OK,0,OK,0,OK,0,OK,0,OK,0,OK,0,,0,OK,0,OK,0,OK,0,OK,0,OK,0,OK,0,OK,0,OK,0,,0,OK,,,,,,,,,,,,,,,,,,,,,,,,,,,,,,,,,,,,,,,,,,,,,,
2406150682C,NEW KAPPA IN 1.0,CM4P3,2024-06-15 15:25:25,18.987,26.77,OK,22.06,21.31,OK,25.33,24.65,OK,28.88,28.52,OK,24.67,24.34,OK,23.55,23.46,OK,24.15,23.75,OK,0,0,OK,0,0,,0,0,,0,OK,0,OK,0,OK,0,OK,0,OK,0,OK,0,OK,0,,0,OK,0,OK,0,OK,0,OK,0,OK,0,OK,0,OK,0,OK,0,,0,OK,,,,,,,,,,,,,,,,,,,,,,,,,,,,,,,,,,,,,,,,,,,,,,
2406150683C,NEW KAPPA IN 1.0,CM1P1,2024-06-15 15:26:49,18.81,27.5,OK,22.43,21.94,OK,24.11,23.62,OK,24.81,24.16,OK,21.83,21.34,OK,22.36,22.22,OK,20.89,20.59,OK,0,0,OK,0,0,,0,0,,5.69,OK,7.13,OK,7.91,OK,7.31,OK,8.43,OK,7.36,OK,0,OK,0,,0.29,OK,7.67,OK,7.3,OK,7.69,OK,7.49,OK,7.74,OK,7.53,OK,0,OK,0,,0.29,OK,,,,,,,,,,,,,,,,,,,,,,,,,,,,,,,,,,,,,,,,,,,,,,
2406150684C,NEW KAPPA IN 1.0,CM2P9,2024-06-15 15:27:08,19.189,32.77,OK,23.06,22.5,OK,23.76,23.5,OK,22.71,22.31,OK,21.42,20.93,OK,22.45,22.36,OK,21.03,20.58,OK,0,0,OK,0,0,,0,0,,15.36,OK,15.36,OK,15.36,OK,15.36,OK,15.36,OK,15.36,OK,0,OK,0,,15.36,OK,15.36,OK,15.36,OK,15.36,OK,15.36,OK,15.36,OK,15.36,OK,0,OK,0,,15.36,OK,,,,,,,,,,,,,,,,,,,,,,,,,,,,,,,,,,,,,,,,,,,,,,
2406150685C,NEW KAPPA IN 1.0,CM3P4,2024-06-15 15:27:54,18.618,27.22,OK,21.74,21.29,OK,22.63,22.24,OK,23.42,22.74,OK,24.26,23.6,OK,25.46,25.39,OK,23.17,22.92,OK,0,0,OK,0,0,,0,0,,0,OK,0,OK,0,OK,0,OK,0,OK,0,OK,0,OK,0,,0,OK,0,OK,0,OK,0,OK,0,OK,0,OK,0,OK,0,OK,0,,0,OK,,,,,,,,,,,,,,,,,,,,,,,,,,,,,,,,,,,,,,,,,,,,,,
2406150686C,NEW KAPPA IN 1.0,CM4P5,2024-06-15 15:28:43,18.724,27.17,OK,22.63,21.88,OK,25.44,24.89,OK,25.75,25.38,OK,22.94,22.78,OK,23.9,23.77,OK,24.34,24.04,OK,0,0,OK,0,0,,0,0,,0,OK,0,OK,0,OK,0,OK,0,OK,0,OK,0,OK,0,,0,OK,0,OK,0,OK,0,OK,0,OK,0,OK,0,OK,0,OK,0,,0,OK,,,,,,,,,,,,,,,,,,,,,,,,,,,,,,,,,,,,,,,,,,,,,,
2406150687C,NEW KAPPA IN 1.0,CM1P2,2024-06-15 15:30:00,18.876,26.51,OK,21.85,21.31,OK,23.11,22.78,OK,23.53,22.92,OK,24.16,23.76,OK,21.48,21.36,OK,23.65,23.34,OK,0,0,OK,0,0,,0,0,,5.72,OK,7.34,OK,7.2,OK,7.96,OK,7.49,OK,7.9,OK,0,OK,0,,0.25,OK,7.44,OK,7.56,OK,7.5,OK,7.71,OK,7.5,OK,7.93,OK,0,OK,0,,0.15,OK,,,,,,,,,,,,,,,,,,,,,,,,,,,,,,,,,,,,,,,,,,,,,,
2406150688C,NEW KAPPA IN 1.0,CM2P6,2024-06-15 15:30:17,19.18,29.2,OK,22.78,22.15,OK,23.01,22.61,OK,22.24,21.75,OK,22.31,21.82,OK,22.82,22.68,OK,22.15,21.7,OK,0,0,OK,0,0,,0,0,,15.36,OK,15.36,OK,15.36,OK,15.36,OK,15.36,OK,15.36,OK,0,OK,0,,15.36,OK,15.36,OK,15.36,OK,15.36,OK,15.36,OK,15.36,OK,15.36,OK,0,OK,0,,15.36,OK,,,,,,,,,,,,,,,,,,,,,,,,,,,,,,,,,,,,,,,,,,,,,,
2406150689C,NEW KAPPA IN 1.0,CM3P8,2024-06-15 15:30:59,19.127,27.21,OK,21.7,20.93,OK,22.85,22.54,OK,22.92,22.56,OK,25.57,24.75,OK,24.82,24.62,OK,22.47,22.17,OK,0,0,OK,0,0,,0,0,,0,OK,0,OK,0,OK,0,OK,0,OK,0,OK,0,OK,0,,0,OK,0,OK,0,OK,0,OK,0,OK,0,OK,0,OK,0,OK,0,,0,OK,,,,,,,,,,,,,,,,,,,,,,,,,,,,,,,,,,,,,,,,,,,,,,
2406150690C,NEW KAPPA IN 1.0,CM4P3,2024-06-15 15:31:52,19.155,31.38,OK,23.27,22.61,OK,24.89,24.39,OK,24.74,24.17,OK,23.9,23.51,OK,22.85,22.74,OK,22.52,22.19,OK,0,0,OK,0,0,,0,0,,0,OK,0,OK,0,OK,0,OK,0,OK,0,OK,0,OK,0,,0,OK,0,OK,0,OK,0,OK,0,OK,0,OK,0,OK,0,OK,0,,0,OK,,,,,,,,,,,,,,,,,,,,,,,,,,,,,,,,,,,,,,,,,,,,,,
2406150691C,NEW KAPPA IN 1.0,CM1P1,2024-06-15 15:33:12,19.194,32.43,OK,23.79,23.53,OK,23.27,22.85,OK,25.19,24.65,OK,22.46,22.13,OK,22.69,22.67,OK,22.81,22.55,OK,0,0,OK,0,0,,0,0,,5.86,OK,7.23,OK,7.99,OK,7.46,OK,8.05,OK,7.63,OK,0,OK,0,,0.2,OK,7.94,OK,7.44,OK,7.85,OK,7.63,OK,7.99,OK,7.82,OK,0,OK,0,,0.34,OK,,,,,,,,,,,,,,,,,,,,,,,,,,,,,,,,,,,,,,,,,,,,,,
2406150692C,NEW KAPPA IN 1.0,CM2P9,2024-06-15 15:33:32,19.179,32.7,OK,25.76,25.27,OK,23.41,22.99,OK,22.73,22.38,OK,22.45,21.98,OK,21.14,20.96,OK,22.73,22.33,OK,0,0,OK,0,0,,0,0,,15.36,OK,15.36,OK,15.36,OK,15.36,OK,15.36,OK,15.36,OK,0,OK,0,,15.36,OK,15.36,OK,15.36,OK,15.36,OK,15.36,OK,15.36,OK,15.36,OK,0,OK,0,,15.36,OK,,,,,,,,,,,,,,,,,,,,,,,,,,,,,,,,,,,,,,,,,,,,,,
2406150693C,NEW KAPPA IN 1.0,CM3P4,2024-06-15 15:34:08,19.195,31.57,OK,24.21,23.56,OK,23.01,22.74,OK,24.44,23.58,OK,25.84,25.09,OK,26.38,26.25,OK,22.42,22.13,OK,0,0,OK,0,0,,0,0,,0,OK,0,OK,0,OK,0,OK,0,OK,0,OK,0,OK,0,,0,OK,0,OK,0,OK,0,OK,0,OK,0,OK,0,OK,0,OK,0,,0,OK,,,,,,,,,,,,,,,,,,,,,,,,,,,,,,,,,,,,,,,,,,,,,,
2406150694C,NEW KAPPA IN 1.0,CM4P5,2024-06-15 15:35:00,19.195,31.57,OK,24.7,23.95,OK,25.69,25.07,OK,26.5,25.91,OK,24.61,24.28,OK,23.79,23.71,OK,22.74,22.39,OK,0,0,OK,0,0,,0,0,,0,OK,0,OK,0,OK,0,OK,0,OK,0,OK,0,OK,0,,0,OK,0,OK,0,OK,0,OK,0,OK,0,OK,0,OK,0,OK,0,,0,OK,,,,,,,,,,,,,,,,,,,,,,,,,,,,,,,,,,,,,,,,,,,,,,
2406150695C,NEW KAPPA IN 1.0,CM1P2,2024-06-15 15:36:21,19.191,32.01,OK,25.14,24.77,OK,23.67,23.16,OK,23.88,23.3,OK,22.9,22.39,OK,22.95,22.81,OK,23.6,23.25,OK,0,0,OK,0,0,,0,0,,5.68,OK,7.39,OK,7.2,OK,7.71,OK,7.46,OK,7.69,OK,0,OK,0,,0.25,OK,7.6,OK,7.49,OK,7.37,OK,7.65,OK,7.55,OK,7.94,OK,0,OK,0,,0.23,OK,,,,,,,,,,,,,,,,,,,,,,,,,,,,,,,,,,,,,,,,,,,,,,
2406150696C,NEW KAPPA IN 1.0,CM2P6,2024-06-15 15:36:40,19.18,31.23,OK,22.5,21.7,OK,23.08,22.78,OK,22.05,21.56,OK,23.78,23.36,OK,21.7,21.59,OK,21.4,21,OK,0,0,OK,0,0,,0,0,,15.36,OK,15.36,OK,15.36,OK,15.36,OK,15.36,OK,15.36,OK,0,OK,0,,15.36,OK,15.36,OK,15.36,OK,15.36,OK,15.36,OK,15.36,OK,15.36,OK,0,OK,0,,15.36,OK,,,,,,,,,,,,,,,,,,,,,,,,,,,,,,,,,,,,,,,,,,,,,,
2406150697C,NEW KAPPA IN 1.0,CM1P8,2024-06-15 15:44:18,19.134,31.46,OK,23.11,22.81,OK,22.11,21.78,OK,22.08,21.69,OK,22.32,21.97,OK,21.5,21.41,OK,22.48,22.08,OK,0,0,OK,0,0,,0,0,,5.95,OK,7.24,OK,7.24,OK,7.76,OK,7.43,OK,7.69,OK,0,OK,0,,0.27,OK,7.72,OK,7.84,OK,7.68,OK,7.95,OK,7.6,OK,8.08,OK,0,OK,0,,0.24,OK,,,,,,,,,,,,,,,,,,,,,,,,,,,,,,,,,,,,,,,,,,,,,,
2406150698C,NEW KAPPA IN 1.0,CM2P3,2024-06-15 15:44:41,19.191,32.52,OK,25.95,25.3,OK,22.15,21.68,OK,22.64,22.31,OK,22.73,22.36,OK,23.43,23.34,OK,20.96,20.49,OK,0,0,OK,0,0,,0,0,,15.36,OK,15.36,OK,15.36,OK,15.36,OK,15.36,OK,15.36,OK,0,OK,0,,15.36,OK,15.36,OK,15.36,OK,15.36,OK,15.36,OK,15.36,OK,15.36,OK,0,OK,0,,15.36,OK,,,,,,,,,,,,,,,,,,,,,,,,,,,,,,,,,,,,,,,,,,,,,,
2406150699C,NEW KAPPA IN 1.0,CM3P1,2024-06-15 15:45:24,19.195,30.35,OK,23.51,23.06,OK,21.93,21.63,OK,26.09,25.3,OK,25.55,24.75,OK,26.18,25.98,OK,24.42,24.1,OK,0,0,OK,0,0,,0,0,,0,OK,0,OK,0,OK,0,OK,0,OK,0,OK,0,OK,0,,0,OK,0,OK,0,OK,0,OK,0,OK,0,OK,0,OK,0,OK,0,,0,OK,,,,,,,,,,,,,,,,,,,,,,,,,,,,,,,,,,,,,,,,,,,,,,
2406150700C,NEW KAPPA IN 1.0,CM4P9,2024-06-15 15:46:19,19.073,31,OK,22.74,22.19,OK,24.92,24.28,OK,25.88,25.33,OK,24.26,23.75,OK,24.94,24.85,OK,23.22,22.85,OK,0,0,OK,0,0,,0,0,,0,OK,0,OK,0,OK,0,OK,0,OK,0,OK,0,OK,0,,0,OK,0,OK,0,OK,0,OK,0,OK,0,OK,0,OK,0,OK,0,,0,OK,,,,,,,,,,,,,,,,,,,,,,,,,,,,,,,,,,,,,,,,,,,,,,
2406150701C,NEW KAPPA IN 1.0,CM1P2,2024-06-15 15:47:30,18.703,26.15,OK,21.13,20.61,OK,23.41,23.06,OK,22.85,22.27,OK,22.34,21.83,OK,22.27,22.13,OK,22.29,21.92,OK,0,0,OK,0,0,,0,0,,5.68,OK,7.04,OK,7.48,OK,7.2,OK,7.74,OK,7.41,OK,0,OK,0,,0.27,OK,7.86,OK,7.47,OK,7.84,OK,7.52,OK,8.24,OK,7.7,OK,0,OK,0,,0.19,OK,,,,,,,,,,,,,,,,,,,,,,,,,,,,,,,,,,,,,,,,,,,,,,
2406150702C,NEW KAPPA IN 1.0,CM2P6,2024-06-15 15:48:58,18.637,26.95,OK,22.75,22.17,OK,22.12,21.75,OK,22.92,22.43,OK,21.56,21.21,OK,22.38,22.19,OK,20.93,20.51,OK,0,0,OK,0,0,,0,0,,15.36,OK,15.36,OK,15.36,OK,15.36,OK,15.36,OK,15.36,OK,0,OK,0,,15.36,OK,15.36,OK,15.36,OK,15.36,OK,15.36,OK,15.36,OK,15.36,OK,0,OK,0,,15.36,OK,,,,,,,,,,,,,,,,,,,,,,,,,,,,,,,,,,,,,,,,,,,,,,
2406150703C,NEW KAPPA IN 1.0,CM3P4,2024-06-15 15:49:44,19.127,30.23,OK,24.21,23.69,OK,23.6,23.26,OK,25.25,24.37,OK,24.69,24.01,OK,25.57,25.46,OK,23.13,22.79,OK,0,0,OK,0,0,,0,0,,0,OK,0,OK,0,OK,0,OK,0,OK,0,OK,0,OK,0,,0,OK,0,OK,0,OK,0,OK,0,OK,0,OK,0,OK,0,OK,0,,0,OK,,,,,,,,,,,,,,,,,,,,,,,,,,,,,,,,,,,,,,,,,,,,,,
2406150704C,NEW KAPPA IN 1.0,CM1P5,2024-06-15 15:50:52,18.992,27.02,OK,21.97,21.62,OK,24.42,23.95,OK,22.13,21.48,OK,22.01,21.73,OK,21.48,21.41,OK,22.71,22.27,OK,0,0,OK,0,0,,0,0,,5.82,OK,7.87,OK,7.31,OK,7.88,OK,7.58,OK,7.95,OK,0,OK,0,,0.25,OK,7.49,OK,7.51,OK,7.49,OK,7.61,OK,7.56,OK,7.89,OK,0,OK,0,,0.25,OK,,,,,,,,,,,,,,,,,,,,,,,,,,,,,,,,,,,,,,,,,,,,,,
2406150705C,NEW KAPPA IN 1.0,CM4P8,2024-06-15 15:51:12,18.565,25.8,OK,22.63,22.01,OK,25,24.54,OK,25.2,24.61,OK,24.48,23.93,OK,23.2,23.07,OK,22.74,22.39,OK,0,0,OK,0,0,,0,0,,0,OK,0,OK,0,OK,0,OK,0,OK,0,OK,0,OK,0,,0,OK,0,OK,0,OK,0,OK,0,OK,0,OK,0,OK,0,OK,0,,0,OK,,,,,,,,,,,,,,,,,,,,,,,,,,,,,,,,,,,,,,,,,,,,,,
2406150706C,NEW KAPPA IN 1.0,CM2P3,2024-06-15 15:52:00,19.186,33.27,OK,25.34,24.67,OK,23.01,22.64,OK,21.89,21.49,OK,21.77,21.49,OK,22.03,21.91,OK,23.17,22.78,OK,0,0,OK,0,0,,0,0,,15.36,OK,15.36,OK,15.36,OK,15.36,OK,15.36,OK,15.36,OK,0,OK,0,,15.36,OK,15.36,OK,15.36,OK,15.36,OK,15.36,OK,15.36,OK,15.36,OK,0,OK,0,,15.36,OK,,,,,,,,,,,,,,,,,,,,,,,,,,,,,,,,,,,,,,,,,,,,,,
2406150707C,NEW KAPPA IN 1.0,CM3P1,2024-06-15 15:52:39,19.177,32,OK,25.5,24.85,OK,24.3,23.89,OK,24.21,23.49,OK,24.96,24.28,OK,25.59,25.37,OK,22.94,22.67,OK,0,0,OK,0,0,,0,0,,0,OK,0,OK,0,OK,0,OK,0,OK,0,OK,0,OK,0,,0,OK,0,OK,0,OK,0,OK,0,OK,0,OK,0,OK,0,OK,0,,0,OK,,,,,,,,,,,,,,,,,,,,,,,,,,,,,,,,,,,,,,,,,,,,,,
2406150708C,NEW KAPPA IN 1.0,CM1P2,2024-06-15 15:54:03,19.159,29.61,OK,23.46,23.06,OK,24.46,24.02,OK,24.42,23.81,OK,21.83,21.48,OK,23.13,22.95,OK,21.85,21.45,OK,0,0,OK,0,0,,0,0,,5.77,OK,7.07,OK,7.87,OK,7.32,OK,8.13,OK,7.51,OK,0,OK,0,,0.22,OK,7.92,OK,7.4,OK,7.74,OK,7.62,OK,7.84,OK,7.54,OK,0,OK,0,,0.41,OK,,,,,,,,,,,,,,,,,,,,,,,,,,,,,,,,,,,,,,,,,,,,,,
2406150709C,NEW KAPPA IN 1.0,CM4P9,2024-06-15 15:54:24,19.195,32.33,OK,23.6,22.87,OK,24.63,24.06,OK,25.84,25.27,OK,24.37,24.01,OK,24.92,24.81,OK,24.21,23.77,OK,0,0,OK,0,0,,0,0,,0,OK,0,OK,0,OK,0,OK,0,OK,0,OK,0,OK,0,,0,OK,0,OK,0,OK,0,OK,0,OK,0,OK,0,OK,0,OK,0,,0,OK,,,,,,,,,,,,,,,,,,,,,,,,,,,,,,,,,,,,,,,,,,,,,,
2406150710C,NEW KAPPA IN 1.0,CM2P6,2024-06-15 15:55:09,19.175,28.51,OK,23.48,22.94,OK,23.48,23.1,OK,22.15,21.75,OK,22.5,22.22,OK,22.5,22.36,OK,22.68,22.24,OK,0,0,OK,0,0,,0,0,,15.36,OK,15.36,OK,15.36,OK,15.36,OK,15.36,OK,15.36,OK,0,OK,0,,15.36,OK,15.36,OK,15.36,OK,15.36,OK,15.36,OK,15.36,OK,15.36,OK,0,OK,0,,15.36,OK,,,,,,,,,,,,,,,,,,,,,,,,,,,,,,,,,,,,,,,,,,,,,,
2406150711C,NEW KAPPA IN 1.0,CM3P4,2024-06-15 15:55:41,18.61,26.22,OK,23.19,22.58,OK,23.4,23.03,OK,24.73,23.89,OK,25.93,25.3,OK,25.73,25.61,OK,24.21,23.94,OK,0,0,OK,0,0,,0,0,,0,OK,0,OK,0,OK,0,OK,0,OK,0,OK,0,OK,0,,0,OK,0,OK,0,OK,0,OK,0,OK,0,OK,0,OK,0,OK,0,,0,OK,,,,,,,,,,,,,,,,,,,,,,,,,,,,,,,,,,,,,,,,,,,,,,
2406150712C,NEW KAPPA IN 1.0,CM1P5,2024-06-15 15:57:15,19.176,31.16,OK,22.74,22.32,OK,23.32,22.95,OK,23.09,22.6,OK,23.51,23.2,OK,22.81,22.74,OK,23.23,22.78,OK,0,0,OK,0,0,,0,0,,5.96,OK,7.47,OK,7.33,OK,8.11,OK,7.7,OK,8.09,OK,0,OK,0,,0.27,OK,7.66,OK,7.72,OK,7.53,OK,7.8,OK,7.71,OK,8.05,OK,0,OK,0,,0.18,OK,,,,,,,,,,,,,,,,,,,,,,,,,,,,,,,,,,,,,,,,,,,,,,
2406150713C,NEW KAPPA IN 1.0,CM4P8,2024-06-15 15:57:32,19.156,30.57,OK,23.73,23.13,OK,23.84,23.18,OK,26.1,25.49,OK,24.48,24.04,OK,24.65,24.63,OK,23.88,23.49,OK,0,0,OK,0,0,,0,0,,0,OK,0,OK,0,OK,0,OK,0,OK,0,OK,0,OK,0,,0,OK,0,OK,0,OK,0,OK,0,OK,0,OK,0,OK,0,OK,0,,0,OK,,,,,,,,,,,,,,,,,,,,,,,,,,,,,,,,,,,,,,,,,,,,,,
2406150714C,NEW KAPPA IN 1.0,CM2P3,2024-06-15 15:58:20,19.177,29.47,OK,23.66,23.03,OK,23.5,22.94,OK,23.03,22.64,OK,23.03,22.61,OK,22.68,22.57,OK,20.61,20.19,OK,0,0,OK,0,0,,0,0,,15.36,OK,15.36,OK,15.36,OK,15.36,OK,15.36,OK,15.36,OK,0,OK,0,,15.36,OK,15.36,OK,15.36,OK,15.36,OK,15.36,OK,15.36,OK,15.36,OK,0,OK,0,,15.36,OK,,,,,,,,,,,,,,,,,,,,,,,,,,,,,,,,,,,,,,,,,,,,,,
2406150715C,NEW KAPPA IN 1.0,CM3P1,2024-06-15 15:59:03,19.185,31.68,OK,22.85,22.31,OK,22.24,21.99,OK,23.67,23.01,OK,25.3,24.42,OK,25,24.78,OK,23.24,22.92,OK,0,0,OK,0,0,,0,0,,0,OK,0,OK,0,OK,0,OK,0,OK,0,OK,0,OK,0,,0,OK,0,OK,0,OK,0,OK,0,OK,0,OK,0,OK,0,OK,0,,0,OK,,,,,,,,,,,,,,,,,,,,,,,,,,,,,,,,,,,,,,,,,,,,,,
2406150716C,NEW KAPPA IN 1.0,CM1P2,2024-06-15 16:00:27,19.167,30,OK,21.92,21.45,OK,23.41,22.99,OK,24.07,23.58,OK,22.06,21.76,OK,22.29,22.11,OK,22.99,22.69,OK,0,0,OK,0,0,,0,0,,5.79,OK,7.16,OK,7.19,OK,7.41,OK,7.41,OK,7.58,OK,0,OK,0,,0.22,OK,7.75,OK,7.42,OK,7.6,OK,7.54,OK,7.75,OK,7.65,OK,0,OK,0,,0.38,OK,,,,,,,,,,,,,,,,,,,,,,,,,,,,,,,,,,,,,,,,,,,,,,
2406150717C,NEW KAPPA IN 1.0,CM4P9,2024-06-15 16:00:44,19.182,25.47,OK,21.75,21.15,OK,24.94,24.23,OK,25.42,24.94,OK,24.39,24.08,OK,23.51,23.44,OK,23.49,23.09,OK,0,0,OK,0,0,,0,0,,0,OK,0,OK,0,OK,0,OK,0,OK,0,OK,0,OK,0,,0,OK,0,OK,0,OK,0,OK,0,OK,0,OK,0,OK,0,OK,0,,0,OK,,,,,,,,,,,,,,,,,,,,,,,,,,,,,,,,,,,,,,,,,,,,,,
2406150718C,NEW KAPPA IN 1.0,CM2P6,2024-06-15 16:01:32,19.112,25.7,OK,22.75,22.1,OK,23.43,23.03,OK,23.17,22.71,OK,22.82,22.47,OK,22.66,22.54,OK,22.47,22.05,OK,0,0,OK,0,0,,0,0,,15.36,OK,15.36,OK,15.36,OK,15.36,OK,15.36,OK,15.36,OK,0,OK,0,,15.36,OK,15.36,OK,15.36,OK,15.36,OK,15.36,OK,15.36,OK,15.36,OK,0,OK,0,,15.36,OK,,,,,,,,,,,,,,,,,,,,,,,,,,,,,,,,,,,,,,,,,,,,,,
2406150719C,NEW KAPPA IN 1.0,CM3P4,2024-06-15 16:02:15,19.112,25.7,OK,22.58,21.97,OK,25.21,24.85,OK,25.37,24.51,OK,25.66,25.16,OK,26.11,25.86,OK,23.83,23.44,OK,0,0,OK,0,0,,0,0,,0,OK,0,OK,0,OK,0,OK,0,OK,0,OK,0,OK,0,,0,OK,0,OK,0,OK,0,OK,0,OK,0,OK,0,OK,0,OK,0,,0,OK,,,,,,,,,,,,,,,,,,,,,,,,,,,,,,,,,,,,,,,,,,,,,,
2406150720C,NEW KAPPA IN 1.0,CM1P5,2024-06-15 16:03:39,19.053,26.56,OK,21.34,21.01,OK,24.16,23.65,OK,23.74,23.2,OK,23.27,22.74,OK,22.64,22.43,OK,22.67,22.06,OK,0,0,OK,0,0,,0,0,,5.87,OK,7.22,OK,7.45,OK,7.37,OK,7.7,OK,7.53,OK,0,OK,0,,0.25,OK,7.68,OK,7.42,OK,8.62,OK,7.7,OK,8.48,OK,7.72,OK,0,OK,0,,0.24,OK,,,,,,,,,,,,,,,,,,,,,,,,,,,,,,,,,,,,,,,,,,,,,,
2406150721C,NEW KAPPA IN 1.0,CM4P8,2024-06-15 16:03:55,19.188,31.57,OK,22.96,22.41,OK,24.39,23.75,OK,24.98,24.61,OK,23.88,23.49,OK,22.36,22.3,OK,24.01,23.62,OK,0,0,OK,0,0,,0,0,,0,OK,0,OK,0,OK,0,OK,0,OK,0,OK,0,OK,0,,0,OK,0,OK,0,OK,0,OK,0,OK,0,OK,0,OK,0,OK,0,,0,OK,,,,,,,,,,,,,,,,,,,,,,,,,,,,,,,,,,,,,,,,,,,,,,
2406150722C,NEW KAPPA IN 1.0,CM2P3,2024-06-15 16:04:47,18.893,26.9,OK,21.87,20.96,OK,23.15,22.61,OK,22.31,21.82,OK,22.31,21.73,OK,22.52,22.36,OK,21.33,20.79,OK,0,0,OK,0,0,,0,0,,15.36,OK,15.36,OK,15.36,OK,15.36,OK,15.36,OK,15.36,OK,0,OK,0,,15.36,OK,15.36,OK,15.36,OK,15.36,OK,15.36,OK,15.36,OK,15.36,OK,0,OK,0,,15.36,OK,,,,,,,,,,,,,,,,,,,,,,,,,,,,,,,,,,,,,,,,,,,,,,
2406150723C,NEW KAPPA IN 1.0,CM3P1,2024-06-15 16:05:33,19.173,31.08,OK,25.16,24.53,OK,24.73,24.28,OK,26.47,25.71,OK,25.86,25.03,OK,26.02,25.93,OK,24.26,24.01,OK,0,0,OK,0,0,,0,0,,0,OK,0,OK,0,OK,0,OK,0,OK,0,OK,0,OK,0,,0,OK,0,OK,0,OK,0,OK,0,OK,0,OK,0,OK,0,OK,0,,0,OK,,,,,,,,,,,,,,,,,,,,,,,,,,,,,,,,,,,,,,,,,,,,,,
2406150724C,NEW KAPPA IN 1.0,CM1P2,2024-06-15 16:06:50,19.193,31.63,OK,21.92,21.55,OK,23.34,22.9,OK,22.62,22.13,OK,23.16,22.76,OK,21.66,21.5,OK,22.39,21.83,OK,0,0,OK,0,0,,0,0,,5.8,OK,7.11,OK,7.25,OK,7.48,OK,7.46,OK,7.7,OK,0,OK,0,,0.24,OK,7.63,OK,8.18,OK,7.61,OK,7.87,OK,7.71,OK,8.19,OK,0,OK,0,,0.23,OK,,,,,,,,,,,,,,,,,,,,,,,,,,,,,,,,,,,,,,,,,,,,,,
2406150725C,NEW KAPPA IN 1.0,CM4P9,2024-06-15 16:07:11,19.125,27.23,OK,21.86,21.2,OK,23.44,22.87,OK,25.22,24.81,OK,23.66,23.07,OK,22.12,21.92,OK,23.18,22.76,OK,0,0,OK,0,0,,0,0,,0,OK,0,OK,0,OK,0,OK,0,OK,0,OK,0,OK,0,,0,OK,0,OK,0,OK,0,OK,0,OK,0,OK,0,OK,0,OK,0,,0,OK,,,,,,,,,,,,,,,,,,,,,,,,,,,,,,,,,,,,,,,,,,,,,,
2406150726C,NEW KAPPA IN 1.0,CM2P6,2024-06-15 16:07:56,18.849,24.46,OK,20.86,20.28,OK,22.87,22.45,OK,21.26,20.84,OK,22.1,21.59,OK,19.67,19.53,OK,21.98,21.68,OK,0,0,OK,0,0,,0,0,,15.36,OK,15.36,OK,15.36,OK,15.36,OK,15.36,OK,15.36,OK,0,OK,0,,15.36,OK,15.36,OK,15.36,OK,15.36,OK,15.36,OK,15.36,OK,15.36,OK,0,OK,0,,15.36,OK,,,,,,,,,,,,,,,,,,,,,,,,,,,,,,,,,,,,,,,,,,,,,,
2406150727C,NEW KAPPA IN 1.0,CM3P4,2024-06-15 16:08:32,19.195,30.68,OK,23.71,23.19,OK,24.23,23.87,OK,23.96,23.1,OK,24.96,24.05,OK,24.53,24.46,OK,23.22,22.92,OK,0,0,OK,0,0,,0,0,,0,OK,0,OK,0,OK,0,OK,0,OK,0,OK,0,OK,0,,0,OK,0,OK,0,OK,0,OK,0,OK,0,OK,0,OK,0,OK,0,,0,OK,,,,,,,,,,,,,,,,,,,,,,,,,,,,,,,,,,,,,,,,,,,,,,
2406150728C,NEW KAPPA IN 1.0,CM1P5,2024-06-15 16:10:02,19.19,30.7,OK,21.76,21.29,OK,23.11,22.76,OK,22.69,22.27,OK,22.34,22.04,OK,22.76,22.69,OK,21.34,20.87,OK,0,0,OK,0,0,,0,0,,5.74,OK,7.11,OK,7.6,OK,7.28,OK,8.03,OK,7.52,OK,0,OK,0,,0.3,OK,8.27,OK,7.49,OK,7.77,OK,7.59,OK,7.85,OK,7.57,OK,0,OK,0,,0.45,OK,,,,,,,,,,,,,,,,,,,,,,,,,,,,,,,,,,,,,,,,,,,,,,
2406150729C,NEW KAPPA IN 1.0,CM4P8,2024-06-15 16:10:19,19.191,31.61,OK,21.13,20.43,OK,25.16,24.45,OK,25.49,24.98,OK,23.9,23.27,OK,24.34,24.15,OK,22.32,21.9,OK,0,0,OK,0,0,,0,0,,0,OK,0,OK,0,OK,0,OK,0,OK,0,OK,0,OK,0,,0,OK,0,OK,0,OK,0,OK,0,OK,0,OK,0,OK,0,OK,0,,0,OK,,,,,,,,,,,,,,,,,,,,,,,,,,,,,,,,,,,,,,,,,,,,,,
2406150730C,NEW KAPPA IN 1.0,CM2P3,2024-06-15 16:11:04,19.191,30.78,OK,26.84,26.37,OK,24.67,24.32,OK,22.59,22.19,OK,22.5,22.05,OK,22.82,22.68,OK,23.2,22.82,OK,0,0,OK,0,0,,0,0,,15.36,OK,15.36,OK,15.36,OK,15.36,OK,15.36,OK,15.36,OK,0,OK,0,,15.36,OK,15.36,OK,15.36,OK,15.36,OK,15.36,OK,15.36,OK,15.36,OK,0,OK,0,,15.36,OK,,,,,,,,,,,,,,,,,,,,,,,,,,,,,,,,,,,,,,,,,,,,,,
2406150731C,NEW KAPPA IN 1.0,CM3P1,2024-06-15 16:11:43,18.75,25.35,OK,22.33,21.72,OK,22.27,21.9,OK,23.13,22.45,OK,25.55,24.75,OK,25.91,25.68,OK,21.93,21.63,OK,0,0,OK,0,0,,0,0,,0,OK,0,OK,0,OK,0,OK,0,OK,0,OK,0,OK,0,,0,OK,0,OK,0,OK,0,OK,0,OK,0,OK,0,OK,0,OK,0,,0,OK,,,,,,,,,,,,,,,,,,,,,,,,,,,,,,,,,,,,,,,,,,,,,,
2406150732C,NEW KAPPA IN 1.0,CM1P2,2024-06-15 16:13:14,19.152,31,OK,21.78,21.43,OK,23.72,23.25,OK,23.72,23.04,OK,22.15,21.92,OK,22.06,21.83,OK,22.41,21.94,OK,0,0,OK,0,0,,0,0,,5.89,OK,7.91,OK,7.32,OK,7.31,OK,7.64,OK,8.32,OK,0,OK,0,,0.22,OK,7.6,OK,7.68,OK,8.18,OK,7.6,OK,7.67,OK,7.84,OK,0,OK,0,,0.15,OK,,,,,,,,,,,,,,,,,,,,,,,,,,,,,,,,,,,,,,,,,,,,,,
2406150733C,NEW KAPPA IN 1.0,CM4P9,2024-06-15 16:13:31,19.167,30.81,OK,23.07,22.41,OK,23.9,23.27,OK,23.86,23.51,OK,24.76,24.12,OK,23.29,23.16,OK,22.69,22.34,OK,0,0,OK,0,0,,0,0,,0,OK,0,OK,0,OK,0,OK,0,OK,0,OK,0,OK,0,,0,OK,0,OK,0,OK,0,OK,0,OK,0,OK,0,OK,0,OK,0,,0,OK,,,,,,,,,,,,,,,,,,,,,,,,,,,,,,,,,,,,,,,,,,,,,,
2406150734C,NEW KAPPA IN 1.0,CM2P6,2024-06-15 16:14:16,19.189,31.88,OK,22.12,21.54,OK,22.15,21.77,OK,22.4,21.98,OK,22.31,21.87,OK,21.61,21.47,OK,21.61,21.07,OK,0,0,OK,0,0,,0,0,,15.36,OK,15.36,OK,15.36,OK,15.36,OK,15.36,OK,15.36,OK,0,OK,0,,15.36,OK,15.36,OK,15.36,OK,15.36,OK,15.36,OK,15.36,OK,15.36,OK,0,OK,0,,15.36,OK,,,,,,,,,,,,,,,,,,,,,,,,,,,,,,,,,,,,,,,,,,,,,,
2406150735C,NEW KAPPA IN 1.0,CM3P4,2024-06-15 16:14:52,18.827,24.95,OK,22.63,21.97,OK,24.08,23.69,OK,24.6,23.89,OK,25.43,24.71,OK,26.63,26.47,OK,23.4,23.17,OK,0,0,OK,0,0,,0,0,,0,OK,0,OK,0,OK,0,OK,0,OK,0,OK,0,OK,0,,0,OK,0,OK,0,OK,0,OK,0,OK,0,OK,0,OK,0,OK,0,,0,OK,,,,,,,,,,,,,,,,,,,,,,,,,,,,,,,,,,,,,,,,,,,,,,
2406150736C,NEW KAPPA IN 1.0,CM1P5,2024-06-15 16:17:01,19.198,33.51,OK,22.36,22.08,OK,22.99,22.57,OK,23.46,22.83,OK,21.57,21.29,OK,22.18,22.01,OK,21.8,21.41,OK,0,0,OK,0,0,,0,0,,5.88,OK,7.22,OK,7.36,OK,7.28,OK,7.65,OK,7.51,OK,0,OK,0,,0.28,OK,7.73,OK,7.51,OK,8.2,OK,7.5,OK,8.31,OK,7.71,OK,0,OK,0,,0.16,OK,,,,,,,,,,,,,,,,,,,,,,,,,,,,,,,,,,,,,,,,,,,,,,
2406150737C,NEW KAPPA IN 1.0,CM2P8,2024-06-15 16:17:31,18.94,26.33,OK,21.63,21.14,OK,21.05,20.7,OK,21.31,20.89,OK,20.86,20.44,OK,21.35,21.17,OK,18.74,18.46,OK,0,0,OK,0,0,,0,0,,15.36,OK,15.36,OK,15.36,OK,15.36,OK,15.36,OK,15.36,OK,0,OK,0,,15.36,OK,15.36,OK,15.36,OK,15.36,OK,15.36,OK,15.36,OK,15.36,OK,0,OK,0,,15.36,OK,,,,,,,,,,,,,,,,,,,,,,,,,,,,,,,,,,,,,,,,,,,,,,
2406150738C,NEW KAPPA IN 1.0,CM3P3,2024-06-15 16:18:23,19.199,32.86,OK,21.97,21.25,OK,22.04,21.74,OK,23.44,22.67,OK,24.39,23.62,OK,24.57,24.48,OK,22.06,21.81,OK,0,0,OK,0,0,,0,0,,0,OK,0,OK,0,OK,0,OK,0,OK,0,OK,0,OK,0,,0,OK,0,OK,0,OK,0,OK,0,OK,0,OK,0,OK,0,OK,0,,0,OK,,,,,,,,,,,,,,,,,,,,,,,,,,,,,,,,,,,,,,,,,,,,,,
2406150739C,NEW KAPPA IN 1.0,CM4P1,2024-06-15 16:19:22,19.153,31.75,OK,23.18,22.5,OK,24.21,23.53,OK,24.43,24.08,OK,23.84,23.4,OK,23.57,23.49,OK,24.19,23.84,OK,0,0,OK,0,0,,0,0,,0,OK,0,OK,0,OK,0,OK,0,OK,0,OK,0,OK,0,,0,OK,0,OK,0,OK,0,OK,0,OK,0,OK,0,OK,0,OK,0,,0,OK,,,,,,,,,,,,,,,,,,,,,,,,,,,,,,,,,,,,,,,,,,,,,,
2406150740C,NEW KAPPA IN 1.0,CM1P2,2024-06-15 16:20:39,19.191,32,OK,23.9,23.53,OK,23.76,23.51,OK,24.28,23.62,OK,23.34,22.99,OK,23.72,23.55,OK,22.36,21.94,OK,0,0,OK,0,0,,0,0,,5.82,OK,7.05,OK,7.65,OK,7.4,OK,8.31,OK,7.56,OK,0,OK,0,,0.17,OK,7.94,OK,7.48,OK,7.82,OK,7.61,OK,8.05,OK,7.64,OK,0,OK,0,,0.38,OK,,,,,,,,,,,,,,,,,,,,,,,,,,,,,,,,,,,,,,,,,,,,,,
2406150741C,NEW KAPPA IN 1.0,CM2P6,2024-06-15 16:21:02,19.185,31.07,OK,21.42,20.82,OK,21.45,20.98,OK,21.05,20.61,OK,23.83,23.52,OK,20.84,20.65,OK,20.68,20.3,OK,0,0,OK,0,0,,0,0,,15.36,OK,15.36,OK,15.36,OK,15.36,OK,15.36,OK,15.36,OK,0,OK,0,,15.36,OK,15.36,OK,15.36,OK,15.36,OK,15.36,OK,15.36,OK,15.36,OK,0,OK,0,,15.36,OK,,,,,,,,,,,,,,,,,,,,,,,,,,,,,,,,,,,,,,,,,,,,,,
2406150742C,NEW KAPPA IN 1.0,CM3P4,2024-06-15 16:21:48,19.173,31,OK,22.4,21.86,OK,23.56,23.15,OK,23.28,22.6,OK,25.39,24.6,OK,24.64,24.44,OK,23.85,23.58,OK,0,0,OK,0,0,,0,0,,0,OK,0,OK,0,OK,0,OK,0,OK,0,OK,0,OK,0,,0,OK,0,OK,0,OK,0,OK,0,OK,0,OK,0,OK,0,OK,0,,0,OK,,,,,,,,,,,,,,,,,,,,,,,,,,,,,,,,,,,,,,,,,,,,,,
2406150743C,NEW KAPPA IN 1.0,CM4P9,2024-06-15 16:22:34,19.129,27.5,OK,23.4,22.58,OK,25.11,24.56,OK,25.91,25.49,OK,25.33,25,OK,23.86,23.82,OK,24.61,24.19,OK,0,0,OK,0,0,,0,0,,0,OK,0,OK,0,OK,0,OK,0,OK,0,OK,0,OK,0,,0,OK,0,OK,0,OK,0,OK,0,OK,0,OK,0,OK,0,OK,0,,0,OK,,,,,,,,,,,,,,,,,,,,,,,,,,,,,,,,,,,,,,,,,,,,,,
2406150744C,NEW KAPPA IN 1.0,CM1P5,2024-06-15 16:23:48,18.691,25.48,OK,22.67,22.18,OK,24.07,23.67,OK,23.37,22.95,OK,22.32,21.9,OK,23.27,23.13,OK,22.6,22.25,OK,0,0,OK,0,0,,0,0,,5.83,OK,7.67,OK,7.37,OK,7.35,OK,7.58,OK,7.7,OK,0,OK,0,,0.27,OK,7.66,OK,7.56,OK,7.72,OK,7.68,OK,7.51,OK,7.84,OK,0,OK,0,,0.24,OK,,,,,,,,,,,,,,,,,,,,,,,,,,,,,,,,,,,,,,,,,,,,,,
2406150745C,NEW KAPPA IN 1.0,CM2P8,2024-06-15 16:24:07,19.194,32.67,OK,23.13,22.54,OK,21.4,21.03,OK,23.36,22.92,OK,22.94,22.57,OK,21.8,21.66,OK,21.66,21.21,OK,0,0,OK,0,0,,0,0,,15.36,OK,15.36,OK,15.36,OK,15.36,OK,15.36,OK,15.36,OK,0,OK,0,,15.36,OK,15.36,OK,15.36,OK,15.36,OK,15.36,OK,15.36,OK,15.36,OK,0,OK,0,,15.36,OK,,,,,,,,,,,,,,,,,,,,,,,,,,,,,,,,,,,,,,,,,,,,,,
2406150746C,NEW KAPPA IN 1.0,CM3P3,2024-06-15 16:24:53,19.193,33.52,OK,22.7,22.17,OK,22.7,22.31,OK,25.12,24.37,OK,25.14,24.42,OK,25.48,25.3,OK,22.2,21.84,OK,0,0,OK,0,0,,0,0,,0,OK,0,OK,0,OK,0,OK,0,OK,0,OK,0,OK,0,,0,OK,0,OK,0,OK,0,OK,0,OK,0,OK,0,OK,0,OK,0,,0,OK,,,,,,,,,,,,,,,,,,,,,,,,,,,,,,,,,,,,,,,,,,,,,,
2406150747C,NEW KAPPA IN 1.0,CM4P1,2024-06-15 16:25:42,19.154,31.98,OK,23.95,23.13,OK,23.9,23.31,OK,25.73,25.33,OK,24.61,24.1,OK,23.33,23.29,OK,22.21,21.79,OK,0,0,OK,0,0,,0,0,,0,OK,0,OK,0,OK,0,OK,0,OK,0,OK,0,OK,0,,0,OK,0,OK,0,OK,0,OK,0,OK,0,OK,0,OK,0,OK,0,,0,OK,,,,,,,,,,,,,,,,,,,,,,,,,,,,,,,,,,,,,,,,,,,,,,
2406150748C,NEW KAPPA IN 1.0,CM1P2,2024-06-15 16:26:59,19.144,28.65,OK,21.43,21.01,OK,23.65,23.2,OK,22.97,22.39,OK,22.13,21.59,OK,22.15,21.99,OK,21.55,21.13,OK,0,0,OK,0,0,,0,0,,5.77,OK,7.14,OK,7.19,OK,7.5,OK,7.42,OK,7.7,OK,0,OK,0,,0.21,OK,7.64,OK,7.94,OK,7.41,OK,7.85,OK,7.55,OK,8.04,OK,0,OK,0,,0.21,OK,,,,,,,,,,,,,,,,,,,,,,,,,,,,,,,,,,,,,,,,,,,,,,
2406150749C,NEW KAPPA IN 1.0,CM2P6,2024-06-15 16:27:19,19.161,27.75,OK,22.22,21.66,OK,23.24,22.85,OK,21.94,21.56,OK,21.91,21.47,OK,21.98,21.82,OK,20.72,20.44,OK,0,0,OK,0,0,,0,0,,15.36,OK,15.36,OK,15.36,OK,15.36,OK,15.36,OK,15.36,OK,0,OK,0,,15.36,OK,15.36,OK,15.36,OK,15.36,OK,15.36,OK,15.36,OK,15.36,OK,0,OK,0,,15.36,OK,,,,,,,,,,,,,,,,,,,,,,,,,,,,,,,,,,,,,,,,,,,,,,
2406150750C,NEW KAPPA IN 1.0,CM3P4,2024-06-15 16:27:58,19.136,30.4,OK,24.26,23.76,OK,23.56,23.03,OK,24.91,24.08,OK,25.34,24.53,OK,26.36,26.2,OK,24.14,23.78,OK,0,0,OK,0,0,,0,0,,0,OK,0,OK,0,OK,0,OK,0,OK,0,OK,0,OK,0,,0,OK,0,OK,0,OK,0,OK,0,OK,0,OK,0,OK,0,OK,0,,0,OK,,,,,,,,,,,,,,,,,,,,,,,,,,,,,,,,,,,,,,,,,,,,,,
2406150751C,NEW KAPPA IN 1.0,CM4P9,2024-06-15 16:28:47,19.195,33.43,OK,23.22,22.47,OK,24.43,23.68,OK,25.44,24.98,OK,25.31,24.85,OK,23,22.87,OK,25,24.65,OK,0,0,OK,0,0,,0,0,,0,OK,0,OK,0,OK,0,OK,0,OK,0,OK,0,OK,0,,0,OK,0,OK,0,OK,0,OK,0,OK,0,OK,0,OK,0,OK,0,,0,OK,,,,,,,,,,,,,,,,,,,,,,,,,,,,,,,,,,,,,,,,,,,,,,
2406150752C,NEW KAPPA IN 1.0,CM1P5,2024-06-15 16:30:11,19.187,31.88,OK,23.32,22.85,OK,24.14,23.72,OK,23.48,23.02,OK,22.74,22.39,OK,22.99,22.85,OK,21.73,21.38,OK,0,0,OK,0,0,,0,0,,5.76,OK,7.13,OK,7.26,OK,7.44,OK,7.5,OK,7.55,OK,0,OK,0,,0.23,OK,7.95,OK,7.46,OK,7.67,OK,8.58,OK,7.77,OK,7.49,OK,0,OK,0,,0.23,OK,,,,,,,,,,,,,,,,,,,,,,,,,,,,,,,,,,,,,,,,,,,,,,
2406150753C,NEW KAPPA IN 1.0,CM2P8,2024-06-15 16:30:31,19.113,27.22,OK,22.87,22.29,OK,23.99,23.69,OK,23.52,23.08,OK,22.52,22.08,OK,22.52,22.36,OK,22.57,22.19,OK,0,0,OK,0,0,,0,0,,15.36,OK,15.36,OK,15.36,OK,15.36,OK,15.36,OK,15.36,OK,0,OK,0,,15.36,OK,15.36,OK,15.36,OK,15.36,OK,15.36,OK,15.36,OK,15.36,OK,0,OK,0,,15.36,OK,,,,,,,,,,,,,,,,,,,,,,,,,,,,,,,,,,,,,,,,,,,,,,
2406150754C,NEW KAPPA IN 1.0,CM3P3,2024-06-15 16:31:17,19.188,36.03,OK,25.41,24.87,OK,24.64,24.21,OK,26.14,25.37,OK,26.09,25.32,OK,26.88,26.7,OK,24.23,23.94,OK,0,0,OK,0,0,,0,0,,0,OK,0,OK,0,OK,0,OK,0,OK,0,OK,0,OK,0,,0,OK,0,OK,0,OK,0,OK,0,OK,0,OK,0,OK,0,OK,0,,0,OK,,,,,,,,,,,,,,,,,,,,,,,,,,,,,,,,,,,,,,,,,,,,,,
2406150755C,NEW KAPPA IN 1.0,CM4P1,2024-06-15 16:32:09,19.185,34.47,OK,23.62,22.98,OK,23.93,23.31,OK,25.25,24.89,OK,24.5,24.19,OK,24.45,24.3,OK,23.51,23,OK,0,0,OK,0,0,,0,0,,0,OK,0,OK,0,OK,0,OK,0,OK,0,OK,0,OK,0,,0,OK,0,OK,0,OK,0,OK,0,OK,0,OK,0,OK,0,OK,0,,0,OK,,,,,,,,,,,,,,,,,,,,,,,,,,,,,,,,,,,,,,,,,,,,,,
2406150756C,NEW KAPPA IN 1.0,CM1P2,2024-06-15 16:33:23,19.181,31.78,OK,22.67,22.15,OK,24.16,23.65,OK,23.97,23.23,OK,22.62,22.22,OK,23.3,23.23,OK,22.53,22.2,OK,0,0,OK,0,0,,0,0,,5.82,OK,7.04,OK,7.69,OK,7.28,OK,8.51,OK,7.52,OK,0,OK,0,,0.22,OK,8.21,OK,7.44,OK,7.75,OK,7.57,OK,7.94,OK,7.58,OK,0,OK,0,,0.35,OK,,,,,,,,,,,,,,,,,,,,,,,,,,,,,,,,,,,,,,,,,,,,,,
2406150757C,NEW KAPPA IN 1.0,CM2P6,2024-06-15 16:33:39,19.188,31.4,OK,23.24,22.59,OK,23.73,23.31,OK,23.38,23.01,OK,22.71,22.19,OK,21.59,21.33,OK,21.26,20.79,OK,0,0,OK,0,0,,0,0,,15.36,OK,15.36,OK,15.36,OK,15.36,OK,15.36,OK,15.36,OK,0,OK,0,,15.36,OK,15.36,OK,15.36,OK,15.36,OK,15.36,OK,15.36,OK,15.36,OK,0,OK,0,,15.36,OK,,,,,,,,,,,,,,,,,,,,,,,,,,,,,,,,,,,,,,,,,,,,,,
2406150758C,NEW KAPPA IN 1.0,CM3P4,2024-06-15 16:34:19,19.193,33.38,OK,23.49,22.97,OK,23.31,22.97,OK,25.14,24.51,OK,25.52,24.71,OK,24.6,24.44,OK,23.37,22.9,OK,0,0,OK,0,0,,0,0,,0,OK,0,OK,0,OK,0,OK,0,OK,0,OK,0,OK,0,,0,OK,0,OK,0,OK,0,OK,0,OK,0,OK,0,OK,0,OK,0,,0,OK,,,,,,,,,,,,,,,,,,,,,,,,,,,,,,,,,,,,,,,,,,,,,,
2406150759C,NEW KAPPA IN 1.0,CM4P9,2024-06-15 16:35:11,19.183,32.41,OK,23.73,22.94,OK,26.37,25.6,OK,26.02,25.58,OK,24.61,24.21,OK,24.76,24.63,OK,24.72,24.39,OK,0,0,OK,0,0,,0,0,,0,OK,0,OK,0,OK,0,OK,0,OK,0,OK,0,OK,0,,0,OK,0,OK,0,OK,0,OK,0,OK,0,OK,0,OK,0,OK,0,,0,OK,,,,,,,,,,,,,,,,,,,,,,,,,,,,,,,,,,,,,,,,,,,,,,
2406150760C,NEW KAPPA IN 1.0,CM1P5,2024-06-15 16:36:35,19.185,27.51,OK,22.71,22.15,OK,23.37,23.04,OK,23.09,22.41,OK,22.32,21.76,OK,22.13,21.94,OK,22.81,22.27,OK,0,0,OK,0,0,,0,0,,5.8,OK,7.45,OK,7.34,OK,7.31,OK,7.76,OK,7.43,OK,0,OK,0,,0.28,OK,7.55,OK,7.54,OK,7.94,OK,7.67,OK,8.15,OK,7.75,OK,0,OK,0,,0.18,OK,,,,,,,,,,,,,,,,,,,,,,,,,,,,,,,,,,,,,,,,,,,,,,
2406150761C,NEW KAPPA IN 1.0,CM2P8,2024-06-15 16:36:54,18.924,27.62,OK,21.98,21.31,OK,23.71,23.29,OK,22.92,22.54,OK,23.48,23.08,OK,21.87,21.73,OK,21.7,21.35,OK,0,0,OK,0,0,,0,0,,15.36,OK,15.36,OK,15.36,OK,15.36,OK,15.36,OK,15.36,OK,0,OK,0,,15.36,OK,15.36,OK,15.36,OK,15.36,OK,15.36,OK,15.36,OK,15.36,OK,0,OK,0,,15.36,OK,,,,,,,,,,,,,,,,,,,,,,,,,,,,,,,,,,,,,,,,,,,,,,
2406150762C,NEW KAPPA IN 1.0,CM3P3,2024-06-15 16:37:34,18.989,26.98,OK,23.44,22.7,OK,22.88,22.4,OK,24.46,23.8,OK,26.79,25.82,OK,25.46,25.3,OK,22.92,22.65,OK,0,0,OK,0,0,,0,0,,0,OK,0,OK,0,OK,0,OK,0,OK,0,OK,0,OK,0,,0,OK,0,OK,0,OK,0,OK,0,OK,0,OK,0,OK,0,OK,0,,0,OK,,,,,,,,,,,,,,,,,,,,,,,,,,,,,,,,,,,,,,,,,,,,,,
2406150763C,NEW KAPPA IN 1.0,CM4P1,2024-06-15 16:38:22,19.165,28.12,OK,23.84,23.2,OK,23.49,23.02,OK,26.19,25.66,OK,24.28,23.84,OK,25.14,25.07,OK,24.43,23.99,OK,0,0,OK,0,0,,0,0,,0,OK,0,OK,0,OK,0,OK,0,OK,0,OK,0,OK,0,,0,OK,0,OK,0,OK,0,OK,0,OK,0,OK,0,OK,0,OK,0,,0,OK,,,,,,,,,,,,,,,,,,,,,,,,,,,,,,,,,,,,,,,,,,,,,,
2406150764C,NEW KAPPA IN 1.0,CM1P2,2024-06-15 16:39:46,19.143,28.58,OK,23.06,22.55,OK,23.97,23.44,OK,22.81,22.25,OK,21.92,21.36,OK,22.95,22.67,OK,21.31,20.92,OK,0,0,OK,0,0,,0,0,,5.71,OK,7.29,OK,7.23,OK,7.17,OK,7.52,OK,7.33,OK,0,OK,0,,0.27,OK,7.42,OK,7.43,OK,8.26,OK,7.39,OK,8.6,OK,7.47,OK,0,OK,0,,0.19,OK,,,,,,,,,,,,,,,,,,,,,,,,,,,,,,,,,,,,,,,,,,,,,,
2406150765C,NEW KAPPA IN 1.0,CM2P6,2024-06-15 16:40:03,19.176,27.48,OK,21.14,20.4,OK,22.96,22.5,OK,21.77,21.38,OK,21.26,20.89,OK,21.68,21.49,OK,21.33,21,OK,0,0,OK,0,0,,0,0,,15.36,OK,15.36,OK,15.36,OK,15.36,OK,15.36,OK,15.36,OK,0,OK,0,,15.36,OK,15.36,OK,15.36,OK,15.36,OK,15.36,OK,15.36,OK,15.36,OK,0,OK,0,,15.36,OK,,,,,,,,,,,,,,,,,,,,,,,,,,,,,,,,,,,,,,,,,,,,,,
2406150766C,NEW KAPPA IN 1.0,CM3P4,2024-06-15 16:40:49,19.12,31.45,OK,22.97,22.13,OK,23.53,23.17,OK,25.77,24.85,OK,25.16,24.28,OK,24.28,24.21,OK,23.31,22.99,OK,0,0,OK,0,0,,0,0,,0,OK,0,OK,0,OK,0,OK,0,OK,0,OK,0,OK,0,,0,OK,0,OK,0,OK,0,OK,0,OK,0,OK,0,OK,0,OK,0,,0,OK,,,,,,,,,,,,,,,,,,,,,,,,,,,,,,,,,,,,,,,,,,,,,,
2406150767C,NEW KAPPA IN 1.0,CM4P9,2024-06-15 16:42:33,19.136,28.33,OK,22.65,22.01,OK,24.92,24.28,OK,25.95,25.44,OK,25.03,24.5,OK,23.62,23.6,OK,23.6,23.13,OK,0,0,OK,0,0,,0,0,,0,OK,0,OK,0,OK,0,OK,0,OK,0,OK,0,OK,0,,0,OK,0,OK,0,OK,0,OK,0,OK,0,OK,0,OK,0,OK,0,,0,OK,,,,,,,,,,,,,,,,,,,,,,,,,,,,,,,,,,,,,,,,,,,,,,
2406150768C,NEW KAPPA IN 1.0,CM1P5,2024-06-15 16:43:44,18.701,27.88,OK,22.71,22.27,OK,24.11,23.53,OK,24.25,23.53,OK,22.06,21.66,OK,22.15,22.11,OK,22.43,22.13,OK,0,0,OK,0,0,,0,0,,5.73,OK,7.12,OK,8.11,OK,7.33,OK,7.39,OK,7.57,OK,0,OK,0,,0.25,OK,7.99,OK,7.47,OK,7.79,OK,7.55,OK,7.73,OK,7.59,OK,0,OK,0,,0.46,OK,,,,,,,,,,,,,,,,,,,,,,,,,,,,,,,,,,,,,,,,,,,,,,
2406150769C,NEW KAPPA IN 1.0,CM2P8,2024-06-15 16:44:03,18.708,26.17,OK,22.01,21.42,OK,22.43,22.05,OK,23.2,22.85,OK,23.73,23.29,OK,23.87,23.76,OK,21.77,21.26,OK,0,0,OK,0,0,,0,0,,15.36,OK,15.36,OK,15.36,OK,15.36,OK,15.36,OK,15.36,OK,0,OK,0,,15.36,OK,15.36,OK,15.36,OK,15.36,OK,15.36,OK,15.36,OK,15.36,OK,0,OK,0,,15.36,OK,,,,,,,,,,,,,,,,,,,,,,,,,,,,,,,,,,,,,,,,,,,,,,
2406150770C,NEW KAPPA IN 1.0,CM3P3,2024-06-15 16:45:12,18.856,27.85,OK,23.85,23.13,OK,24.37,23.96,OK,24.96,24.14,OK,25.89,25.21,OK,26.04,25.86,OK,24.05,23.65,OK,0,0,OK,0,0,,0,0,,0,OK,0,OK,0,OK,0,OK,0,OK,0,OK,0,OK,0,,0,OK,0,OK,0,OK,0,OK,0,OK,0,OK,0,OK,0,OK,0,,0,OK,,,,,,,,,,,,,,,,,,,,,,,,,,,,,,,,,,,,,,,,,,,,,,
2406150771C,NEW KAPPA IN 1.0,CM4P1,2024-06-15 16:46:01,19.198,33.01,OK,24.19,23.62,OK,25.71,25.03,OK,26.19,25.53,OK,23.18,22.8,OK,24.52,24.43,OK,22.65,22.17,OK,0,0,OK,0,0,,0,0,,0,OK,0,OK,0,OK,0,OK,0,OK,0,OK,0,OK,0,,0,OK,0,OK,0,OK,0,OK,0,OK,0,OK,0,OK,0,OK,0,,0,OK,,,,,,,,,,,,,,,,,,,,,,,,,,,,,,,,,,,,,,,,,,,,,,
2406150772C,NEW KAPPA IN 1.0,CM1P2,2024-06-15 16:47:05,18.795,28.45,OK,23.48,23.06,OK,24.35,23.93,OK,23.32,22.76,OK,23.25,22.76,OK,22.97,22.92,OK,21.94,21.48,OK,0,0,OK,0,0,,0,0,,5.74,OK,7.05,OK,7.9,OK,7.35,OK,7.48,OK,7.66,OK,0,OK,0,,0.21,OK,7.96,OK,7.42,OK,7.61,OK,7.51,OK,7.84,OK,7.66,OK,0,OK,0,,0.32,OK,,,,,,,,,,,,,,,,,,,,,,,,,,,,,,,,,,,,,,,,,,,,,,
2406150773C,NEW KAPPA IN 1.0,CM2P6,2024-06-15 16:47:28,18.841,27.75,OK,22.66,22.03,OK,23.15,22.73,OK,22.61,22.36,OK,22.71,22.29,OK,22.15,22.05,OK,20.58,20.12,OK,0,0,OK,0,0,,0,0,,15.36,OK,15.36,OK,15.36,OK,15.36,OK,15.36,OK,15.36,OK,0,OK,0,,15.36,OK,15.36,OK,15.36,OK,15.36,OK,15.36,OK,15.36,OK,15.36,OK,0,OK,0,,15.36,OK,,,,,,,,,,,,,,,,,,,,,,,,,,,,,,,,,,,,,,,,,,,,,,
2406150774C,NEW KAPPA IN 1.0,CM3P4,2024-06-15 16:48:14,19.19,31.82,OK,24.6,23.99,OK,24.91,24.6,OK,24.48,23.76,OK,26.59,25.84,OK,24.44,24.26,OK,23.78,23.49,OK,0,0,OK,0,0,,0,0,,0,OK,0,OK,0,OK,0,OK,0,OK,0,OK,0,OK,0,,0,OK,0,OK,0,OK,0,OK,0,OK,0,OK,0,OK,0,OK,0,,0,OK,,,,,,,,,,,,,,,,,,,,,,,,,,,,,,,,,,,,,,,,,,,,,,
2406150775C,NEW KAPPA IN 1.0,CM4P9,2024-06-15 16:49:03,19.193,32.21,OK,24.15,23.66,OK,25.84,25.22,OK,27.62,27.09,OK,24.92,24.39,OK,25.58,25.51,OK,24.67,24.3,OK,0,0,OK,0,0,,0,0,,0,OK,0,OK,0,OK,0,OK,0,OK,0,OK,0,OK,0,,0,OK,0,OK,0,OK,0,OK,0,OK,0,OK,0,OK,0,OK,0,,0,OK,,,,,,,,,,,,,,,,,,,,,,,,,,,,,,,,,,,,,,,,,,,,,,
2406150776C,NEW KAPPA IN 1.0,CM1P5,2024-06-15 16:50:17,18.894,26.51,OK,24.6,24.09,OK,24,23.58,OK,25.07,24.6,OK,23.16,22.74,OK,21.73,21.59,OK,21.8,21.5,OK,0,0,OK,0,0,,0,0,,6.03,OK,7.11,OK,7.81,OK,7.4,OK,7.62,OK,7.65,OK,0,OK,0,,0.22,OK,8.18,OK,7.44,OK,7.72,OK,7.63,OK,7.84,OK,7.76,OK,0,OK,0,,0.42,OK,,,,,,,,,,,,,,,,,,,,,,,,,,,,,,,,,,,,,,,,,,,,,,
2406150777C,NEW KAPPA IN 1.0,CM2P8,2024-06-15 16:50:37,19.195,31.45,OK,22.92,22.15,OK,23.52,23.15,OK,22.78,22.43,OK,23.27,22.78,OK,21.38,21.26,OK,22.38,22.03,OK,0,0,OK,0,0,,0,0,,15.36,OK,15.36,OK,15.36,OK,15.36,OK,15.36,OK,15.36,OK,0,OK,0,,15.36,OK,15.36,OK,15.36,OK,15.36,OK,15.36,OK,15.36,OK,15.36,OK,0,OK,0,,15.36,OK,,,,,,,,,,,,,,,,,,,,,,,,,,,,,,,,,,,,,,,,,,,,,,
2406150778C,NEW KAPPA IN 1.0,CM3P3,2024-06-15 16:51:19,19.049,26.51,OK,24.98,24.28,OK,24.51,24.1,OK,24.96,24.17,OK,24.85,24.19,OK,26.43,26.23,OK,24.12,23.8,OK,0,0,OK,0,0,,0,0,,0,OK,0,OK,0,OK,0,OK,0,OK,0,OK,0,OK,0,,0,OK,0,OK,0,OK,0,OK,0,OK,0,OK,0,OK,0,OK,0,,0,OK,,,,,,,,,,,,,,,,,,,,,,,,,,,,,,,,,,,,,,,,,,,,,,
2406150779C,NEW KAPPA IN 1.0,CM4P1,2024-06-15 16:52:11,19.064,29.78,OK,21.79,21.11,OK,23,22.39,OK,24.74,24.28,OK,23.99,23.62,OK,23.4,23.24,OK,24.63,24.34,OK,0,0,OK,0,0,,0,0,,0,OK,0,OK,0,OK,0,OK,0,OK,0,OK,0,OK,0,,0,OK,0,OK,0,OK,0,OK,0,OK,0,OK,0,OK,0,OK,0,,0,OK,,,,,,,,,,,,,,,,,,,,,,,,,,,,,,,,,,,,,,,,,,,,,,
2406150780C,NEW KAPPA IN 1.0,CM1P2,2024-06-15 16:53:38,19.193,31.91,OK,23.65,23.39,OK,22.76,22.25,OK,23.44,22.83,OK,21.94,21.59,OK,22.62,22.46,OK,22.48,22.15,OK,0,0,OK,0,0,,0,0,,6.11,OK,7.09,OK,7.52,OK,7.42,OK,8.04,OK,7.7,OK,0,OK,0,,0.28,OK,7.76,OK,7.52,OK,7.87,OK,7.65,OK,8.05,OK,7.72,OK,0,OK,0,,0.43,OK,,,,,,,,,,,,,,,,,,,,,,,,,,,,,,,,,,,,,,,,,,,,,,
2406150781C,NEW KAPPA IN 1.0,CM2P6,2024-06-15 16:53:58,19.193,32.35,OK,22.47,21.66,OK,22.43,22.03,OK,22.89,22.57,OK,22.22,21.77,OK,22.89,22.68,OK,21.84,21.42,OK,0,0,OK,0,0,,0,0,,15.36,OK,15.36,OK,15.36,OK,15.36,OK,15.36,OK,15.36,OK,0,OK,0,,15.36,OK,15.36,OK,15.36,OK,15.36,OK,15.36,OK,15.36,OK,15.36,OK,0,OK,0,,15.36,OK,,,,,,,,,,,,,,,,,,,,,,,,,,,,,,,,,,,,,,,,,,,,,,
2406150782C,NEW KAPPA IN 1.0,CM3P4,2024-06-15 16:54:37,19.184,30.4,OK,23.03,22.29,OK,21.93,21.54,OK,25.46,24.73,OK,25.37,24.42,OK,24.6,24.57,OK,23.33,23.01,OK,0,0,OK,0,0,,0,0,,0,OK,0,OK,0,OK,0,OK,0,OK,0,OK,0,OK,0,,0,OK,0,OK,0,OK,0,OK,0,OK,0,OK,0,OK,0,OK,0,,0,OK,,,,,,,,,,,,,,,,,,,,,,,,,,,,,,,,,,,,,,,,,,,,,,
2406150783C,NEW KAPPA IN 1.0,CM4P9,2024-06-15 16:55:23,19.195,30.02,OK,23.6,23.07,OK,24.92,24.15,OK,24.12,23.53,OK,23.13,22.74,OK,23.79,23.64,OK,23.46,23.18,OK,0,0,OK,0,0,,0,0,,0,OK,0,OK,0,OK,0,OK,0,OK,0,OK,0,OK,0,,0,OK,0,OK,0,OK,0,OK,0,OK,0,OK,0,OK,0,OK,0,,0,OK,,,,,,,,,,,,,,,,,,,,,,,,,,,,,,,,,,,,,,,,,,,,,,
2406150784C,NEW KAPPA IN 1.0,CM1P5,2024-06-15 16:56:50,19.186,34.25,OK,23.13,22.83,OK,23.76,23.41,OK,22.55,22.18,OK,22.22,21.87,OK,22.99,22.95,OK,21.55,21.24,OK,0,0,OK,0,0,,0,0,,6.09,OK,7.53,OK,7.64,OK,7.39,OK,7.99,OK,7.7,OK,0,OK,0,,0.29,OK,7.86,OK,7.65,OK,7.98,OK,7.77,OK,8.23,OK,7.7,OK,0,OK,0,,0.46,OK,,,,,,,,,,,,,,,,,,,,,,,,,,,,,,,,,,,,,,,,,,,,,,
2406150785C,NEW KAPPA IN 1.0,CM2P8,2024-06-15 16:57:07,19.184,35.28,OK,24.5,23.94,OK,22.33,21.98,OK,22.45,21.94,OK,22.87,22.5,OK,20.7,20.56,OK,21.89,21.56,OK,0,0,OK,0,0,,0,0,,15.36,OK,15.36,OK,15.36,OK,15.36,OK,15.36,OK,15.36,OK,0,OK,0,,15.36,OK,15.36,OK,15.36,OK,15.36,OK,15.36,OK,15.36,OK,15.36,OK,0,OK,0,,15.36,OK,,,,,,,,,,,,,,,,,,,,,,,,,,,,,,,,,,,,,,,,,,,,,,
2406150786C,NEW KAPPA IN 1.0,CM3P3,2024-06-15 16:57:43,19.177,32.7,OK,25.21,24.62,OK,23.87,23.37,OK,25.25,24.57,OK,26.11,25.3,OK,25.77,25.68,OK,24.32,23.99,OK,0,0,OK,0,0,,0,0,,0,OK,0,OK,0,OK,0,OK,0,OK,0,OK,0,OK,0,,0,OK,0,OK,0,OK,0,OK,0,OK,0,OK,0,OK,0,OK,0,,0,OK,,,,,,,,,,,,,,,,,,,,,,,,,,,,,,,,,,,,,,,,,,,,,,
2406150787C,NEW KAPPA IN 1.0,CM4P1,2024-06-15 16:58:35,19.184,29.81,OK,23.05,22.34,OK,24.67,23.99,OK,25,24.63,OK,24.61,24.21,OK,23.05,22.96,OK,22.72,22.28,OK,0,0,OK,0,0,,0,0,,0,OK,0,OK,0,OK,0,OK,0,OK,0,OK,0,OK,0,,0,OK,0,OK,0,OK,0,OK,0,OK,0,OK,0,OK,0,OK,0,,0,OK,,,,,,,,,,,,,,,,,,,,,,,,,,,,,,,,,,,,,,,,,,,,,,
2406150788C,NEW KAPPA IN 1.0,CM1P2,2024-06-15 17:00:02,19.186,29.65,OK,22.83,22.48,OK,23.58,22.97,OK,24.02,23.34,OK,23.27,22.76,OK,23.79,23.65,OK,22.62,22.11,OK,0,0,OK,0,0,,0,0,,5.97,OK,7.08,OK,7.61,OK,7.35,OK,8.12,OK,7.62,OK,0,OK,0,,0.21,OK,7.56,OK,7.49,OK,8.01,OK,7.65,OK,8.03,OK,7.73,OK,0,OK,0,,0.48,OK,,,,,,,,,,,,,,,,,,,,,,,,,,,,,,,,,,,,,,,,,,,,,,
2406150789C,NEW KAPPA IN 1.0,CM2P6,2024-06-15 17:00:18,19.186,29.65,OK,24.76,24.25,OK,23.2,22.71,OK,21.14,20.79,OK,20.61,20.23,OK,22.73,22.59,OK,22.43,22.1,OK,0,0,OK,0,0,,0,0,,15.36,OK,15.36,OK,15.36,OK,15.36,OK,15.36,OK,15.36,OK,0,OK,0,,15.36,OK,15.36,OK,15.36,OK,15.36,OK,15.36,OK,15.36,OK,15.36,OK,0,OK,0,,15.36,OK,,,,,,,,,,,,,,,,,,,,,,,,,,,,,,,,,,,,,,,,,,,,,,
2406150790C,NEW KAPPA IN 1.0,CM3P4,2024-06-15 17:01:07,19.19,31.65,OK,25.16,24.62,OK,22.7,22.2,OK,23.71,23.17,OK,25.21,24.46,OK,25.59,25.43,OK,24.21,23.92,OK,0,0,OK,0,0,,0,0,,0,OK,0,OK,0,OK,0,OK,0,OK,0,OK,0,OK,0,,0,OK,0,OK,0,OK,0,OK,0,OK,0,OK,0,OK,0,OK,0,,0,OK,,,,,,,,,,,,,,,,,,,,,,,,,,,,,,,,,,,,,,,,,,,,,,
2406150791C,NEW KAPPA IN 1.0,CM4P9,2024-06-15 17:01:53,19.163,30.38,OK,22.74,22.3,OK,23.86,23.2,OK,25.2,24.76,OK,23.57,23.22,OK,24.01,23.88,OK,23.49,22.98,OK,0,0,OK,0,0,,0,0,,0,OK,0,OK,0,OK,0,OK,0,OK,0,OK,0,OK,0,,0,OK,0,OK,0,OK,0,OK,0,OK,0,OK,0,OK,0,OK,0,,0,OK,,,,,,,,,,,,,,,,,,,,,,,,,,,,,,,,,,,,,,,,,,,,,,
2406150792C,NEW KAPPA IN 1.0,CM1P5,2024-06-15 17:03:14,19.193,27.53,OK,22.62,22.15,OK,23.65,23.11,OK,23.97,23.27,OK,23.41,23.06,OK,22.5,22.34,OK,22.04,21.62,OK,0,0,OK,0,0,,0,0,,5.89,OK,7.88,OK,7.41,OK,7.4,OK,7.81,OK,7.55,OK,0,OK,0,,0.29,OK,7.57,OK,7.56,OK,8.13,OK,7.7,OK,8.15,OK,7.67,OK,0,OK,0,,0.17,OK,,,,,,,,,,,,,,,,,,,,,,,,,,,,,,,,,,,,,,,,,,,,,,
2406150793C,NEW KAPPA IN 1.0,CM2P8,2024-06-15 17:03:30,19.171,31.43,OK,23.29,22.71,OK,22.29,21.8,OK,22.47,22.17,OK,21.82,21.38,OK,21.42,21.19,OK,21.1,20.75,OK,0,0,OK,0,0,,0,0,,15.36,OK,15.36,OK,15.36,OK,15.36,OK,15.36,OK,15.36,OK,0,OK,0,,15.36,OK,15.36,OK,15.36,OK,15.36,OK,15.36,OK,15.36,OK,15.36,OK,0,OK,0,,15.36,OK,,,,,,,,,,,,,,,,,,,,,,,,,,,,,,,,,,,,,,,,,,,,,,
2406150794C,NEW KAPPA IN 1.0,CM3P3,2024-06-15 17:04:13,19.193,30.8,OK,25.73,25.18,OK,23.56,23.13,OK,25.25,24.55,OK,26.52,25.61,OK,25.95,25.73,OK,23.44,23.08,OK,0,0,OK,0,0,,0,0,,0,OK,0,OK,0,OK,0,OK,0,OK,0,OK,0,OK,0,,0,OK,0,OK,0,OK,0,OK,0,OK,0,OK,0,OK,0,OK,0,,0,OK,,,,,,,,,,,,,,,,,,,,,,,,,,,,,,,,,,,,,,,,,,,,,,
2406150795C,NEW KAPPA IN 1.0,CM4P1,2024-06-15 17:05:11,18.757,27.83,OK,21.26,20.49,OK,25.18,24.41,OK,24.85,24.48,OK,23.16,22.65,OK,23.88,23.75,OK,22.98,22.61,OK,0,0,OK,0,0,,0,0,,0,OK,0,OK,0,OK,0,OK,0,OK,0,OK,0,OK,0,,0,OK,0,OK,0,OK,0,OK,0,OK,0,OK,0,OK,0,OK,0,,0,OK,,,,,,,,,,,,,,,,,,,,,,,,,,,,,,,,,,,,,,,,,,,,,,
2406150796C,NEW KAPPA IN 1.0,CM1P2,2024-06-15 17:06:25,19.195,31.05,OK,23.11,22.71,OK,23.37,22.74,OK,23.2,22.69,OK,22.69,22.2,OK,22.32,22.15,OK,22.53,22.13,OK,0,0,OK,0,0,,0,0,,5.84,OK,7.39,OK,7.28,OK,7.25,OK,7.55,OK,7.52,OK,0,OK,0,,0.27,OK,7.51,OK,7.55,OK,8.35,OK,7.55,OK,8.67,OK,7.65,OK,0,OK,0,,0.2,OK,,,,,,,,,,,,,,,,,,,,,,,,,,,,,,,,,,,,,,,,,,,,,,
2406150797C,NEW KAPPA IN 1.0,CM2P6,2024-06-15 17:06:55,19.033,25.33,OK,23.06,22.47,OK,22.24,21.87,OK,22.99,22.59,OK,22.85,22.33,OK,23.01,22.85,OK,22.26,21.89,OK,0,0,OK,0,0,,0,0,,15.36,OK,15.36,OK,15.36,OK,15.36,OK,15.36,OK,15.36,OK,0,OK,0,,15.36,OK,15.36,OK,15.36,OK,15.36,OK,15.36,OK,15.36,OK,15.36,OK,0,OK,0,,15.36,OK,,,,,,,,,,,,,,,,,,,,,,,,,,,,,,,,,,,,,,,,,,,,,,
2406150798C,NEW KAPPA IN 1.0,CM3P4,2024-06-15 17:07:50,18.813,25.53,OK,23.4,22.83,OK,23.76,23.51,OK,24.32,23.49,OK,25.61,25,OK,25.66,25.46,OK,23.96,23.6,OK,0,0,OK,0,0,,0,0,,0,OK,0,OK,0,OK,0,OK,0,OK,0,OK,0,OK,0,,0,OK,0,OK,0,OK,0,OK,0,OK,0,OK,0,OK,0,OK,0,,0,OK,,,,,,,,,,,,,,,,,,,,,,,,,,,,,,,,,,,,,,,,,,,,,,
2406150799C,NEW KAPPA IN 1.0,CM4P9,2024-06-15 17:08:39,19.193,33.1,OK,25.88,24.92,OK,24.21,23.44,OK,26.24,25.55,OK,23.31,22.74,OK,23.35,23.24,OK,23.07,22.63,OK,0,0,OK,0,0,,0,0,,0,OK,0,OK,0,OK,0,OK,0,OK,0,OK,0,OK,0,,0,OK,0,OK,0,OK,0,OK,0,OK,0,OK,0,OK,0,OK,0,,0,OK,,,,,,,,,,,,,,,,,,,,,,,,,,,,,,,,,,,,,,,,,,,,,,
2406150800C,NEW KAPPA IN 1.0,CM1P5,2024-06-15 17:09:50,19.196,33.42,OK,23.83,23.18,OK,23.69,23.25,OK,23.6,23.02,OK,22.53,22.11,OK,22.83,22.62,OK,21.85,21.34,OK,0,0,OK,0,0,,0,0,,5.89,OK,7.17,OK,8.22,OK,7.48,OK,7.47,OK,7.62,OK,0,OK,0,,0.18,OK,8.07,OK,7.56,OK,7.79,OK,7.8,OK,7.87,OK,7.56,OK,0,OK,0,,0.38,OK,,,,,,,,,,,,,,,,,,,,,,,,,,,,,,,,,,,,,,,,,,,,,,
2406150801C,NEW KAPPA IN 1.0,CM2P8,2024-06-15 17:10:16,19.191,31.07,OK,24.48,23.9,OK,22.75,22.33,OK,24.08,23.62,OK,24.13,23.8,OK,21.89,21.8,OK,23.34,23.15,OK,0,0,OK,0,0,,0,0,,15.36,OK,15.36,OK,15.36,OK,15.36,OK,15.36,OK,15.36,OK,0,OK,0,,15.36,OK,15.36,OK,15.36,OK,15.36,OK,15.36,OK,15.36,OK,15.36,OK,0,OK,0,,15.36,OK,,,,,,,,,,,,,,,,,,,,,,,,,,,,,,,,,,,,,,,,,,,,,,
2406150802C,NEW KAPPA IN 1.0,CM3P3,2024-06-15 17:10:56,18.999,27.55,OK,24.03,23.49,OK,24.23,23.78,OK,25.34,24.53,OK,25.3,24.51,OK,24.75,24.71,OK,25.16,24.55,OK,0,0,OK,0,0,,0,0,,0,OK,0,OK,0,OK,0,OK,0,OK,0,OK,0,OK,0,,0,OK,0,OK,0,OK,0,OK,0,OK,0,OK,0,OK,0,OK,0,,0,OK,,,,,,,,,,,,,,,,,,,,,,,,,,,,,,,,,,,,,,,,,,,,,,
2406150803C,NEW KAPPA IN 1.0,CM4P1,2024-06-15 17:11:51,18.853,26.27,OK,22.17,21.51,OK,24.45,23.77,OK,26.21,25.91,OK,24.65,24.17,OK,25.29,25.14,OK,23.29,22.87,OK,0,0,OK,0,0,,0,0,,0,OK,0,OK,0,OK,0,OK,0,OK,0,OK,0,OK,0,,0,OK,0,OK,0,OK,0,OK,0,OK,0,OK,0,OK,0,OK,0,,0,OK,,,,,,,,,,,,,,,,,,,,,,,,,,,,,,,,,,,,,,,,,,,,,,
2406150804C,NEW KAPPA IN 1.0,CM1P2,2024-06-15 17:13:02,19.185,33.02,OK,23.95,23.51,OK,23.93,23.46,OK,23.83,23.09,OK,23.9,23.32,OK,23.53,23.39,OK,22.27,21.78,OK,0,0,OK,0,0,,0,0,,6.29,OK,7.15,OK,7.57,OK,7.41,OK,7.99,OK,7.6,OK,0,OK,0,,0.25,OK,8.23,OK,7.47,OK,7.91,OK,7.57,OK,8.07,OK,7.65,OK,0,OK,0,,0.41,OK,,,,,,,,,,,,,,,,,,,,,,,,,,,,,,,,,,,,,,,,,,,,,,
2406150805C,NEW KAPPA IN 1.0,CM2P6,2024-06-15 17:13:25,19.186,31.4,OK,23.76,23.2,OK,23.27,22.87,OK,23.31,22.92,OK,23.03,22.54,OK,22.17,22.05,OK,21.31,20.91,OK,0,0,OK,0,0,,0,0,,15.36,OK,15.36,OK,15.36,OK,15.36,OK,15.36,OK,15.36,OK,0,OK,0,,15.36,OK,15.36,OK,15.36,OK,15.36,OK,15.36,OK,15.36,OK,15.36,OK,0,OK,0,,15.36,OK,,,,,,,,,,,,,,,,,,,,,,,,,,,,,,,,,,,,,,,,,,,,,,
2406150806C,NEW KAPPA IN 1.0,CM3P4,2024-06-15 17:14:07,19.163,30.77,OK,22.31,21.63,OK,23.56,23.17,OK,23.87,23.01,OK,25.25,24.64,OK,23.76,23.76,OK,22.9,22.7,OK,0,0,OK,0,0,,0,0,,0,OK,0,OK,0,OK,0,OK,0,OK,0,OK,0,OK,0,,0,OK,0,OK,0,OK,0,OK,0,OK,0,OK,0,OK,0,OK,0,,0,OK,,,,,,,,,,,,,,,,,,,,,,,,,,,,,,,,,,,,,,,,,,,,,,
2406150807C,NEW KAPPA IN 1.0,CM4P9,2024-06-15 17:14:53,19.171,32.72,OK,22.91,22.41,OK,24.41,23.84,OK,25.6,25.27,OK,24.89,24.26,OK,23.93,23.84,OK,23.38,23,OK,0,0,OK,0,0,,0,0,,0,OK,0,OK,0,OK,0,OK,0,OK,0,OK,0,OK,0,,0,OK,0,OK,0,OK,0,OK,0,OK,0,OK,0,OK,0,OK,0,,0,OK,,,,,,,,,,,,,,,,,,,,,,,,,,,,,,,,,,,,,,,,,,,,,,
2406150808C,NEW KAPPA IN 1.0,CM1P5,2024-06-15 17:16:14,18.943,24.87,OK,21.57,21.06,OK,22.5,22.01,OK,23.44,23.06,OK,22.39,21.9,OK,21.99,21.92,OK,22.88,22.41,OK,0,0,OK,0,0,,0,0,,6.03,OK,7.79,OK,7.46,OK,7.5,OK,7.83,OK,7.66,OK,0,OK,0,,0.2,OK,7.59,OK,7.56,OK,8.55,OK,7.91,OK,8.39,OK,8.06,OK,0,OK,0,,0.25,OK,,,,,,,,,,,,,,,,,,,,,,,,,,,,,,,,,,,,,,,,,,,,,,
2406150809C,NEW KAPPA IN 1.0,CM2P8,2024-06-15 17:16:33,18.95,30.82,OK,22.43,21.82,OK,22.52,22.08,OK,23.24,22.94,OK,21.7,21.19,OK,21.91,21.87,OK,21.98,21.73,OK,0,0,OK,0,0,,0,0,,15.36,OK,15.36,OK,15.36,OK,15.36,OK,15.36,OK,15.36,OK,0,OK,0,,15.36,OK,15.36,OK,15.36,OK,15.36,OK,15.36,OK,15.36,OK,15.36,OK,0,OK,0,,15.36,OK,,,,,,,,,,,,,,,,,,,,,,,,,,,,,,,,,,,,,,,,,,,,,,
2406150810C,NEW KAPPA IN 1.0,CM3P3,2024-06-15 17:17:16,19.176,32.28,OK,23.19,22.65,OK,23.17,22.74,OK,24.48,23.85,OK,24.71,24.12,OK,25.84,25.68,OK,24.21,23.87,OK,0,0,OK,0,0,,0,0,,0,OK,0,OK,0,OK,0,OK,0,OK,0,OK,0,OK,0,,0,OK,0,OK,0,OK,0,OK,0,OK,0,OK,0,OK,0,OK,0,,0,OK,,,,,,,,,,,,,,,,,,,,,,,,,,,,,,,,,,,,,,,,,,,,,,
0737-C010C,NEW KAPPA IN 1.0,C,2024-06-15 17:15:05,19.148,26.93,OK,23.19,22.65,OK,23.17,22.74,OK,24.48,23.85,OK,24.71,24.12,OK,25.84,25.68,OK,24.21,23.87,OK,0,0,OK,0,0,,0,0,,0,OK,0,OK,0,OK,0,OK,0,OK,0,OK,0,OK,0,,0,OK,0,OK,0,OK,0,OK,0,OK,0,OK,0,OK,0,OK,0,,0,OK,,,,,,,,,,,,,,,,,,,,,,,,,,,,,,,,,,,,,,,,,,,,,,
2406150812C,NEW KAPPA IN 1.0,CM1P2,2024-06-15 17:19:25,19.148,26.93,OK,21.99,21.69,OK,24.11,23.41,OK,23.51,22.97,OK,24.11,23.69,OK,22.74,22.64,OK,21.03,20.66,OK,0,0,OK,0,0,,0,0,,5.96,OK,7.41,OK,7.44,OK,7.96,OK,7.69,OK,7.94,OK,0,OK,0,,0.26,OK,7.83,OK,7.92,OK,7.74,OK,7.96,OK,7.84,OK,8.1,OK,0,OK,0,,0.19,OK,,,,,,,,,,,,,,,,,,,,,,,,,,,,,,,,,,,,,,,,,,,,,,
2406150813C,NEW KAPPA IN 1.0,CM2P6,2024-06-15 17:19:45,19.191,27.96,OK,24.15,23.43,OK,24.01,23.62,OK,23.83,23.48,OK,21.91,21.47,OK,22.45,22.31,OK,22.64,22.36,OK,0,0,OK,0,0,,0,0,,15.36,OK,15.36,OK,15.36,OK,15.36,OK,15.36,OK,15.36,OK,0,OK,0,,15.36,OK,15.36,OK,15.36,OK,15.36,OK,15.36,OK,15.36,OK,15.36,OK,0,OK,0,,15.36,OK,,,,,,,,,,,,,,,,,,,,,,,,,,,,,,,,,,,,,,,,,,,,,,
2406150814C,NEW KAPPA IN 1.0,CM3P4,2024-06-15 17:20:24,19.197,30.7,OK,23.08,22.38,OK,22.42,21.99,OK,24.21,23.4,OK,26.29,25.61,OK,24.46,24.35,OK,22.38,22.13,OK,0,0,OK,0,0,,0,0,,0,OK,0,OK,0,OK,0,OK,0,OK,0,OK,0,OK,0,,0,OK,0,OK,0,OK,0,OK,0,OK,0,OK,0,OK,0,OK,0,,0,OK,,,,,,,,,,,,,,,,,,,,,,,,,,,,,,,,,,,,,,,,,,,,,,
2406150815C,NEW KAPPA IN 1.0,CM4P9,2024-06-15 17:21:20,19.035,30.73,OK,24.61,24.04,OK,24.17,23.66,OK,25.88,25.33,OK,23.07,22.41,OK,24.41,24.37,OK,23.16,22.76,OK,0,0,OK,0,0,,0,0,,0,OK,0,OK,0,OK,0,OK,0,OK,0,OK,0,OK,0,,0,OK,0,OK,0,OK,0,OK,0,OK,0,OK,0,OK,0,OK,0,,0,OK,,,,,,,,,,,,,,,,,,,,,,,,,,,,,,,,,,,,,,,,,,,,,,
2406150811C,NEW KAPPA IN 1.0,CM4P1,2024-06-15 17:18:11,19.035,30.73,OK,23.42,22.76,OK,25.07,24.43,OK,26.08,25.64,OK,24.3,23.97,OK,25.66,25.51,OK,24.63,24.26,OK,0,0,OK,0,0,,0,0,,0,OK,0,OK,0,OK,0,OK,0,OK,0,OK,0,OK,0,,0,OK,0,OK,0,OK,0,OK,0,OK,0,OK,0,OK,0,OK,0,,0,OK,,,,,,,,,,,,,,,,,,,,,,,,,,,,,,,,,,,,,,,,,,,,,,
2406150816C,NEW KAPPA IN 1.0,CM1P5,2024-06-15 17:22:37,19.195,28.18,OK,25.86,25.54,OK,23.44,22.99,OK,24.51,23.95,OK,22.76,22.39,OK,22.39,22.39,OK,22.92,22.43,OK,0,0,OK,0,0,,0,0,,5.83,OK,7.15,OK,7.78,OK,7.4,OK,7.54,OK,7.69,OK,0,OK,0,,0.21,OK,7.95,OK,7.47,OK,7.82,OK,8.51,OK,7.94,OK,7.71,OK,0,OK,0,,0.45,OK,,,,,,,,,,,,,,,,,,,,,,,,,,,,,,,,,,,,,,,,,,,,,,
2406150817C,NEW KAPPA IN 1.0,CM2P8,2024-06-15 17:23:07,19.19,27.33,OK,21.59,20.84,OK,24.01,23.64,OK,22.45,22.03,OK,21.98,21.49,OK,20.35,20.21,OK,20.23,19.84,OK,0,0,OK,0,0,,0,0,,15.36,OK,15.36,OK,15.36,OK,15.36,OK,15.36,OK,15.36,OK,0,OK,0,,15.36,OK,15.36,OK,15.36,OK,15.36,OK,15.36,OK,15.36,OK,15.36,OK,0,OK,0,,15.36,OK,,,,,,,,,,,,,,,,,,,,,,,,,,,,,,,,,,,,,,,,,,,,,,
2406150818C,NEW KAPPA IN 1.0,CM3P3,2024-06-15 17:23:56,18.93,26.43,OK,25.48,24.8,OK,22.79,22.42,OK,23.53,22.81,OK,24.26,23.49,OK,24.39,24.23,OK,22.31,21.93,OK,0,0,OK,0,0,,0,0,,0,OK,0,OK,0,OK,0,OK,0,OK,0,OK,0,OK,0,,0,OK,0,OK,0,OK,0,OK,0,OK,0,OK,0,OK,0,OK,0,,0,OK,,,,,,,,,,,,,,,,,,,,,,,,,,,,,,,,,,,,,,,,,,,,,,
2406150819C,NEW KAPPA IN 1.0,CM4P1,2024-06-15 17:24:54,19.012,26.57,OK,22.41,21.84,OK,24.06,23.31,OK,25.93,25.6,OK,24.89,24.54,OK,23.9,23.84,OK,23.07,22.67,OK,0,0,OK,0,0,,0,0,,0,OK,0,OK,0,OK,0,OK,0,OK,0,OK,0,OK,0,,0,OK,0,OK,0,OK,0,OK,0,OK,0,OK,0,OK,0,OK,0,,0,OK,,,,,,,,,,,,,,,,,,,,,,,,,,,,,,,,,,,,,,,,,,,,,,
2406150820C,NEW KAPPA IN 1.0,CM1P2,2024-06-15 17:26:12,19.174,27.56,OK,22.41,21.99,OK,24.21,23.6,OK,24.65,24.02,OK,22.76,22.48,OK,23.25,23.11,OK,22.57,22.18,OK,0,0,OK,0,0,,0,0,,6.1,OK,7.26,OK,7.85,OK,7.49,OK,8.08,OK,7.68,OK,0,OK,0,,0.25,OK,8.37,OK,7.72,OK,8.06,OK,7.79,OK,8.32,OK,7.8,OK,0,OK,0,,0.17,OK,,,,,,,,,,,,,,,,,,,,,,,,,,,,,,,,,,,,,,,,,,,,,,
2406150821C,NEW KAPPA IN 1.0,CM2P6,2024-06-15 17:26:44,19.08,26.22,OK,23.24,22.47,OK,22.92,22.54,OK,22.33,21.87,OK,22.85,22.45,OK,22.57,22.47,OK,21.61,21.1,OK,0,0,OK,0,0,,0,0,,15.36,OK,15.36,OK,15.36,OK,15.36,OK,15.36,OK,15.36,OK,0,OK,0,,15.36,OK,15.36,OK,15.36,OK,15.36,OK,15.36,OK,15.36,OK,15.36,OK,0,OK,0,,15.36,OK,,,,,,,,,,,,,,,,,,,,,,,,,,,,,,,,,,,,,,,,,,,,,,
2406150822C,NEW KAPPA IN 1.0,CM3P4,2024-06-15 17:27:27,19.14,27.52,OK,22.06,21.47,OK,22.51,22.13,OK,24.35,23.65,OK,25.57,24.85,OK,25.64,25.43,OK,22.63,22.4,OK,0,0,OK,0,0,,0,0,,0,OK,0,OK,0,OK,0,OK,0,OK,0,OK,0,OK,0,,0,OK,0,OK,0,OK,0,OK,0,OK,0,OK,0,OK,0,OK,0,,0,OK,,,,,,,,,,,,,,,,,,,,,,,,,,,,,,,,,,,,,,,,,,,,,,
2406150823C,NEW KAPPA IN 1.0,CM4P9,2024-06-15 17:28:29,18.989,26.2,OK,23.9,23.13,OK,24.76,24.15,OK,27.34,26.9,OK,24.76,24.39,OK,22.98,22.87,OK,23.62,23.18,OK,0,0,OK,0,0,,0,0,,0,OK,0,OK,0,OK,0,OK,0,OK,0,OK,0,OK,0,,0,OK,0,OK,0,OK,0,OK,0,OK,0,OK,0,OK,0,OK,0,,0,OK,,,,,,,,,,,,,,,,,,,,,,,,,,,,,,,,,,,,,,,,,,,,,,
2406150824C,NEW KAPPA IN 1.0,CM1P5,2024-06-15 17:29:46,19.156,25.6,OK,21.66,21.38,OK,24.25,23.69,OK,23.34,22.88,OK,23.34,23.11,OK,23.04,22.9,OK,22.53,22.11,OK,0,0,OK,0,0,,0,0,,6.02,OK,7.25,OK,7.6,OK,7.53,OK,7.96,OK,7.73,OK,0,OK,0,,0.22,OK,7.86,OK,7.77,OK,8.49,OK,7.83,OK,8.96,OK,8.07,OK,0,OK,0,,0.18,OK,,,,,,,,,,,,,,,,,,,,,,,,,,,,,,,,,,,,,,,,,,,,,,
2406150825C,NEW KAPPA IN 1.0,CM2P8,2024-06-15 17:31:11,19.158,26.06,OK,23.34,22.68,OK,21.77,21.42,OK,23.22,22.87,OK,22.85,22.38,OK,22.38,22.31,OK,21.63,21.28,OK,0,0,OK,0,0,,0,0,,15.36,OK,15.36,OK,15.36,OK,15.36,OK,15.36,OK,15.36,OK,0,OK,0,,15.36,OK,15.36,OK,15.36,OK,15.36,OK,15.36,OK,15.36,OK,15.36,OK,0,OK,0,,15.36,OK,,,,,,,,,,,,,,,,,,,,,,,,,,,,,,,,,,,,,,,,,,,,,,
2406150826C,NEW KAPPA IN 1.0,CM3P3,2024-06-15 17:31:47,19.12,26.9,OK,24.53,23.89,OK,23.56,23.08,OK,25.28,24.55,OK,25.05,24.32,OK,25.86,25.75,OK,22.79,22.42,OK,0,0,OK,0,0,,0,0,,0,OK,0,OK,0,OK,0,OK,0,OK,0,OK,0,OK,0,,0,OK,0,OK,0,OK,0,OK,0,OK,0,OK,0,OK,0,OK,0,,0,OK,,,,,,,,,,,,,,,,,,,,,,,,,,,,,,,,,,,,,,,,,,,,,,
2406150827C,NEW KAPPA IN 1.0,CM4P1,2024-06-15 17:32:33,19.021,27.2,OK,21.7,21.2,OK,25.18,24.56,OK,25.62,25.18,OK,24.1,23.66,OK,23.9,23.71,OK,24.01,23.57,OK,0,0,OK,0,0,,0,0,,0,OK,0,OK,0,OK,0,OK,0,OK,0,OK,0,OK,0,,0,OK,0,OK,0,OK,0,OK,0,OK,0,OK,0,OK,0,OK,0,,0,OK,,,,,,,,,,,,,,,,,,,,,,,,,,,,,,,,,,,,,,,,,,,,,,
2406150828C,NEW KAPPA IN 1.0,CM1P2,2024-06-15 17:33:43,19.198,26.8,OK,22.46,21.85,OK,24.46,23.83,OK,23.13,22.67,OK,22.08,21.59,OK,22.13,21.99,OK,21.59,21.1,OK,0,0,OK,0,0,,0,0,,5.98,OK,7.09,OK,7.43,OK,7.3,OK,7.81,OK,7.48,OK,0,OK,0,,0.24,OK,8.48,OK,7.37,OK,7.84,OK,7.55,OK,8.18,OK,7.62,OK,0,OK,0,,0.17,OK,,,,,,,,,,,,,,,,,,,,,,,,,,,,,,,,,,,,,,,,,,,,,,
2406150829C,NEW KAPPA IN 1.0,CM2P6,2024-06-15 17:34:10,18.966,25.76,OK,21.91,20.93,OK,23.87,23.31,OK,22.64,22.12,OK,22.5,22.12,OK,22.29,22.17,OK,21.26,20.82,OK,0,0,OK,0,0,,0,0,,15.36,OK,15.36,OK,15.36,OK,15.36,OK,15.36,OK,15.36,OK,0,OK,0,,15.36,OK,15.36,OK,15.36,OK,15.36,OK,15.36,OK,15.36,OK,15.36,OK,0,OK,0,,15.36,OK,,,,,,,,,,,,,,,,,,,,,,,,,,,,,,,,,,,,,,,,,,,,,,
2406150830C,NEW KAPPA IN 1.0,CM3P4,2024-06-15 17:34:52,18.788,28.62,OK,23.74,23.28,OK,23.31,22.94,OK,23.67,23.01,OK,28.42,27.67,OK,25.3,25.23,OK,24.53,24.12,OK,0,0,OK,0,0,,0,0,,0,OK,0,OK,0,OK,0,OK,0,OK,0,OK,0,OK,0,,0,OK,0,OK,0,OK,0,OK,0,OK,0,OK,0,OK,0,OK,0,,0,OK,,,,,,,,,,,,,,,,,,,,,,,,,,,,,,,,,,,,,,,,,,,,,,
2406150831C,NEW KAPPA IN 1.0,CM4P9,2024-06-15 17:35:38,19.19,33.62,OK,23.33,22.8,OK,24.54,23.95,OK,26.39,26.06,OK,25.11,24.59,OK,24.76,24.63,OK,24.67,24.3,OK,0,0,OK,0,0,,0,0,,0,OK,0,OK,0,OK,0,OK,0,OK,0,OK,0,OK,0,,0,OK,0,OK,0,OK,0,OK,0,OK,0,OK,0,OK,0,OK,0,,0,OK,,,,,,,,,,,,,,,,,,,,,,,,,,,,,,,,,,,,,,,,,,,,,,
2406150832C,NEW KAPPA IN 1.0,CM1P5,2024-06-15 17:36:52,18.876,30.85,OK,21.83,21.41,OK,23.79,23.51,OK,23.2,22.64,OK,22.41,21.99,OK,22.53,22.43,OK,22.15,21.66,OK,0,0,OK,0,0,,0,0,,5.83,OK,7.32,OK,7.32,OK,7.64,OK,7.61,OK,7.74,OK,0,OK,0,,0.25,OK,7.72,OK,7.95,OK,7.63,OK,7.98,OK,7.67,OK,8.62,OK,0,OK,0,,0.18,OK,,,,,,,,,,,,,,,,,,,,,,,,,,,,,,,,,,,,,,,,,,,,,,
2406150833C,NEW KAPPA IN 1.0,CM2P8,2024-06-15 17:37:18,19.144,30.16,OK,22.43,21.68,OK,22.24,21.8,OK,22.22,21.87,OK,21.87,21.33,OK,22.5,22.29,OK,20.7,20.28,OK,0,0,OK,0,0,,0,0,,15.36,OK,15.36,OK,15.36,OK,15.36,OK,15.36,OK,15.36,OK,0,OK,0,,15.36,OK,15.36,OK,15.36,OK,15.36,OK,15.36,OK,15.36,OK,15.36,OK,0,OK,0,,15.36,OK,,,,,,,,,,,,,,,,,,,,,,,,,,,,,,,,,,,,,,,,,,,,,,
2406150834C,NEW KAPPA IN 1.0,CM3P3,2024-06-15 17:37:57,18.899,29.15,OK,23.74,23.13,OK,23.62,23.19,OK,24.73,23.83,OK,26.61,25.71,OK,25.59,25.5,OK,23.92,23.58,OK,0,0,OK,0,0,,0,0,,0,OK,0,OK,0,OK,0,OK,0,OK,0,OK,0,OK,0,,0,OK,0,OK,0,OK,0,OK,0,OK,0,OK,0,OK,0,OK,0,,0,OK,,,,,,,,,,,,,,,,,,,,,,,,,,,,,,,,,,,,,,,,,,,,,,
2406150835C,NEW KAPPA IN 1.0,CM4P1,2024-06-15 17:38:53,19.012,31.93,OK,22.25,21.64,OK,23.46,22.74,OK,25.38,24.76,OK,24.59,23.9,OK,22.23,22.08,OK,24.56,24.23,OK,0,0,OK,0,0,,0,0,,0,OK,0,OK,0,OK,0,OK,0,OK,0,OK,0,OK,0,,0,OK,0,OK,0,OK,0,OK,0,OK,0,OK,0,OK,0,OK,0,,0,OK,,,,,,,,,,,,,,,,,,,,,,,,,,,,,,,,,,,,,,,,,,,,,,
2406150836C,NEW KAPPA IN 1.0,CM1P2,2024-06-15 17:40:04,19.012,31.93,OK,21.97,21.71,OK,23.97,23.44,OK,24.11,23.51,OK,22.29,21.78,OK,21.71,21.62,OK,22.6,22.2,OK,0,0,OK,0,0,,0,0,,5.81,OK,7,OK,7.57,OK,7.22,OK,7.79,OK,7.46,OK,0,OK,0,,0.28,OK,8.33,OK,7.46,OK,7.86,OK,7.44,OK,8.11,OK,7.67,OK,0,OK,0,,0.2,OK,,,,,,,,,,,,,,,,,,,,,,,,,,,,,,,,,,,,,,,,,,,,,,
2406150837C,NEW KAPPA IN 1.0,CM2P6,2024-06-15 17:40:23,19.167,31.93,OK,25.25,24.48,OK,23.01,22.5,OK,23.94,23.52,OK,23.69,23.31,OK,24.53,24.43,OK,21.94,21.52,OK,0,0,OK,0,0,,0,0,,15.36,OK,15.36,OK,15.36,OK,15.36,OK,15.36,OK,15.36,OK,0,OK,0,,15.36,OK,15.36,OK,15.36,OK,15.36,OK,15.36,OK,15.36,OK,15.36,OK,0,OK,0,,15.36,OK,,,,,,,,,,,,,,,,,,,,,,,,,,,,,,,,,,,,,,,,,,,,,,
2406150838C,NEW KAPPA IN 1.0,CM3P4,2024-06-15 17:40:59,19.182,31.6,OK,24.94,24.39,OK,22.92,22.54,OK,24.44,23.74,OK,25.77,25.07,OK,26.02,25.93,OK,23.58,23.24,OK,0,0,OK,0,0,,0,0,,0,OK,0,OK,0,OK,0,OK,0,OK,0,OK,0,OK,0,,0,OK,0,OK,0,OK,0,OK,0,OK,0,OK,0,OK,0,OK,0,,0,OK,,,,,,,,,,,,,,,,,,,,,,,,,,,,,,,,,,,,,,,,,,,,,,
2406150839C,NEW KAPPA IN 1.0,CM4P9,2024-06-15 17:41:52,19.181,30.53,OK,23.62,22.87,OK,24.92,24.21,OK,27.2,26.68,OK,25.84,25.47,OK,23.77,23.66,OK,25.33,24.89,OK,0,0,OK,0,0,,0,0,,0,OK,0,OK,0,OK,0,OK,0,OK,0,OK,0,OK,0,,0,OK,0,OK,0,OK,0,OK,0,OK,0,OK,0,OK,0,OK,0,,0,OK,,,,,,,,,,,,,,,,,,,,,,,,,,,,,,,,,,,,,,,,,,,,,,
2406150840C,NEW KAPPA IN 1.0,CM1P5,2024-06-15 17:43:15,19.194,33.86,OK,24.28,23.81,OK,24.32,23.76,OK,23.25,22.55,OK,22.22,21.92,OK,22.95,22.67,OK,21.76,21.5,OK,0,0,OK,0,0,,0,0,,5.86,OK,7.36,OK,7.29,OK,7.58,OK,7.53,OK,7.83,OK,0,OK,0,,0.25,OK,7.61,OK,7.83,OK,7.42,OK,7.79,OK,7.57,OK,8.33,OK,0,OK,0,,0.26,OK,,,,,,,,,,,,,,,,,,,,,,,,,,,,,,,,,,,,,,,,,,,,,,
2406150841C,NEW KAPPA IN 1.0,CM2P8,2024-06-15 17:43:42,19.162,30.96,OK,24.41,23.85,OK,22.8,22.45,OK,22.15,21.73,OK,23.62,23.17,OK,21.47,21.24,OK,22.5,22.03,OK,0,0,OK,0,0,,0,0,,15.36,OK,15.36,OK,15.36,OK,15.36,OK,15.36,OK,15.36,OK,0,OK,0,,15.36,OK,15.36,OK,15.36,OK,15.36,OK,15.36,OK,15.36,OK,15.36,OK,0,OK,0,,15.36,OK,,,,,,,,,,,,,,,,,,,,,,,,,,,,,,,,,,,,,,,,,,,,,,
2406150842C,NEW KAPPA IN 1.0,CM3P3,2024-06-15 17:44:31,19.156,32.16,OK,22.51,21.79,OK,23.78,23.42,OK,25.48,24.55,OK,26.23,25.46,OK,26.57,26.36,OK,23.65,23.24,OK,0,0,OK,0,0,,0,0,,0,OK,0,OK,0,OK,0,OK,0,OK,0,OK,0,OK,0,,0,OK,0,OK,0,OK,0,OK,0,OK,0,OK,0,OK,0,OK,0,,0,OK,,,,,,,,,,,,,,,,,,,,,,,,,,,,,,,,,,,,,,,,,,,,,,
2406150843C,NEW KAPPA IN 1.0,CM4P1,2024-06-15 17:45:29,19.119,27.53,OK,22.19,21.48,OK,25.99,25.44,OK,26.81,26.37,OK,25.03,24.52,OK,24.96,24.81,OK,23.93,23.51,OK,0,0,OK,0,0,,0,0,,0,OK,0,OK,0,OK,0,OK,0,OK,0,OK,0,OK,0,,0,OK,0,OK,0,OK,0,OK,0,OK,0,OK,0,OK,0,OK,0,,0,OK,,,,,,,,,,,,,,,,,,,,,,,,,,,,,,,,,,,,,,,,,,,,,,
2406150844C,NEW KAPPA IN 1.0,CM1P2,2024-06-15 17:46:47,19.195,32.03,OK,24.3,23.9,OK,24.11,23.76,OK,23.81,23.25,OK,22.71,22.36,OK,22.85,22.76,OK,23.09,22.62,OK,0,0,OK,0,0,,0,0,,6.16,OK,7.23,OK,7.53,OK,7.34,OK,7.72,OK,7.54,OK,0,OK,0,,0.2,OK,8.76,OK,7.59,OK,8.02,OK,7.63,OK,8.6,OK,7.83,OK,0,OK,0,,0.21,OK,,,,,,,,,,,,,,,,,,,,,,,,,,,,,,,,,,,,,,,,,,,,,,
2406150845C,NEW KAPPA IN 1.0,CM2P6,2024-06-15 17:47:19,19.18,28.15,OK,24.69,24.18,OK,23.59,23.17,OK,22.4,21.94,OK,24.46,23.97,OK,21.56,21.42,OK,22.24,21.87,OK,0,0,OK,0,0,,0,0,,15.36,OK,15.36,OK,15.36,OK,15.36,OK,15.36,OK,15.36,OK,0,OK,0,,15.36,OK,15.36,OK,15.36,OK,15.36,OK,15.36,OK,15.36,OK,15.36,OK,0,OK,0,,15.36,OK,,,,,,,,,,,,,,,,,,,,,,,,,,,,,,,,,,,,,,,,,,,,,,
2406150846C,NEW KAPPA IN 1.0,CM3P4,2024-06-15 17:48:08,19.087,31.88,OK,24.08,23.49,OK,22.85,22.4,OK,24.71,23.87,OK,25.89,25.07,OK,26.61,26.47,OK,24.39,24.05,OK,0,0,OK,0,0,,0,0,,0,OK,0,OK,0,OK,0,OK,0,OK,0,OK,0,OK,0,,0,OK,0,OK,0,OK,0,OK,0,OK,0,OK,0,OK,0,OK,0,,0,OK,,,,,,,,,,,,,,,,,,,,,,,,,,,,,,,,,,,,,,,,,,,,,,
2406150847C,NEW KAPPA IN 1.0,CM4P9,2024-06-15 17:49:10,19.169,32.75,OK,23.62,23.02,OK,25.51,25,OK,26.17,25.44,OK,24.83,24.37,OK,23.62,23.46,OK,23.99,23.6,OK,0,0,OK,0,0,,0,0,,0,OK,0,OK,0,OK,0,OK,0,OK,0,OK,0,OK,0,,0,OK,0,OK,0,OK,0,OK,0,OK,0,OK,0,OK,0,OK,0,,0,OK,,,,,,,,,,,,,,,,,,,,,,,,,,,,,,,,,,,,,,,,,,,,,,
2406150848C,NEW KAPPA IN 1.0,CM1P5,2024-06-15 17:50:24,19.141,31.06,OK,24.51,24,OK,24.25,23.69,OK,23.39,22.78,OK,22.32,21.92,OK,22.46,22.34,OK,23.18,22.81,OK,0,0,OK,0,0,,0,0,,6.06,OK,7.12,OK,7.41,OK,7.39,OK,7.8,OK,7.55,OK,0,OK,0,,0.2,OK,8.38,OK,7.57,OK,8.11,OK,7.75,OK,8.34,OK,7.83,OK,0,OK,0,,0.23,OK,,,,,,,,,,,,,,,,,,,,,,,,,,,,,,,,,,,,,,,,,,,,,,
2406150849C,NEW KAPPA IN 1.0,CM2P8,2024-06-15 17:50:57,19.186,33.18,OK,23.43,22.92,OK,21.49,21.03,OK,22.01,21.56,OK,22.71,22.38,OK,21.49,21.35,OK,21.05,20.65,OK,0,0,OK,0,0,,0,0,,15.36,OK,15.36,OK,15.36,OK,15.36,OK,15.36,OK,15.36,OK,0,OK,0,,15.36,OK,15.36,OK,15.36,OK,15.36,OK,15.36,OK,15.36,OK,15.36,OK,0,OK,0,,15.36,OK,,,,,,,,,,,,,,,,,,,,,,,,,,,,,,,,,,,,,,,,,,,,,,
2406150850C,NEW KAPPA IN 1.0,CM3P3,2024-06-15 17:51:46,19.172,33.48,OK,27.43,26.61,OK,24.51,24.08,OK,24.85,23.8,OK,26.04,25.16,OK,26.36,26.2,OK,23.85,23.46,OK,0,0,OK,0,0,,0,0,,0,OK,0,OK,0,OK,0,OK,0,OK,0,OK,0,OK,0,,0,OK,0,OK,0,OK,0,OK,0,OK,0,OK,0,OK,0,OK,0,,0,OK,,,,,,,,,,,,,,,,,,,,,,,,,,,,,,,,,,,,,,,,,,,,,,
2406150851C,NEW KAPPA IN 1.0,CM1P1,2024-06-15 17:55:36,19.189,33.2,OK,23.46,23.06,OK,23.74,23.44,OK,22.81,22.43,OK,22.57,22.15,OK,22.32,22.13,OK,22.55,22.15,OK,0,0,OK,0,0,,0,0,,6.27,OK,7.22,OK,7.61,OK,7.47,OK,7.86,OK,7.61,OK,0,OK,0,,0.23,OK,8.55,OK,7.63,OK,8,OK,7.77,OK,8.62,OK,7.91,OK,0,OK,0,,0.18,OK,,,,,,,,,,,,,,,,,,,,,,,,,,,,,,,,,,,,,,,,,,,,,,
2406150852C,NEW KAPPA IN 1.0,CM2P2,2024-06-15 17:55:59,19.181,34.06,OK,24.25,23.59,OK,21.63,21.17,OK,22.22,21.91,OK,21.84,21.26,OK,22.26,22.08,OK,22.12,21.59,OK,0,0,OK,0,0,,0,0,,15.36,OK,15.36,OK,15.36,OK,15.36,OK,15.36,OK,15.36,OK,0,OK,0,,15.36,OK,15.36,OK,15.36,OK,15.36,OK,15.36,OK,15.36,OK,15.36,OK,0,OK,0,,15.36,OK,,,,,,,,,,,,,,,,,,,,,,,,,,,,,,,,,,,,,,,,,,,,,,
2406150853C,NEW KAPPA IN 1.0,CM3P6,2024-06-15 17:56:39,18.943,31.26,OK,22.81,22.04,OK,24.08,23.76,OK,24.73,23.89,OK,24.98,24.35,OK,25.64,25.39,OK,22.56,22.27,OK,0,0,OK,0,0,,0,0,,0,OK,0,OK,0,OK,0,OK,0,OK,0,OK,0,OK,0,,0,OK,0,OK,0,OK,0,OK,0,OK,0,OK,0,OK,0,OK,0,,0,OK,,,,,,,,,,,,,,,,,,,,,,,,,,,,,,,,,,,,,,,,,,,,,,
2406150854C,NEW KAPPA IN 1.0,CM4P4,2024-06-15 17:57:37,19.078,33.38,OK,25.49,24.81,OK,25.2,24.45,OK,25.97,25.47,OK,25.33,24.76,OK,24.43,24.37,OK,22.87,22.47,OK,0,0,OK,0,0,,0,0,,0,OK,0,OK,0,OK,0,OK,0,OK,0,OK,0,OK,0,,0,OK,0,OK,0,OK,0,OK,0,OK,0,OK,0,OK,0,OK,0,,0,OK,,,,,,,,,,,,,,,,,,,,,,,,,,,,,,,,,,,,,,,,,,,,,,
2406150855C,NEW KAPPA IN 1.0,CM1P5,2024-06-15 17:58:48,18.748,27.15,OK,23.62,23.23,OK,23.65,23.18,OK,22.97,22.41,OK,22.2,21.71,OK,22.67,22.55,OK,21.5,21.08,OK,0,0,OK,0,0,,0,0,,5.8,OK,7.25,OK,7.34,OK,7.55,OK,7.51,OK,7.63,OK,0,OK,0,,0.21,OK,7.79,OK,8.48,OK,7.68,OK,8.17,OK,7.72,OK,7.49,OK,0,OK,0,,0.16,OK,,,,,,,,,,,,,,,,,,,,,,,,,,,,,,,,,,,,,,,,,,,,,,
2406150856C,NEW KAPPA IN 1.0,CM2P8,2024-06-15 17:59:08,18.927,31.42,OK,22.64,22.08,OK,23.52,23.03,OK,22.47,21.82,OK,21.61,21.14,OK,22.17,22.01,OK,20.61,20.19,OK,0,0,OK,0,0,,0,0,,15.36,OK,15.36,OK,15.36,OK,15.36,OK,15.36,OK,15.36,OK,0,OK,0,,15.36,OK,15.36,OK,15.36,OK,15.36,OK,15.36,OK,15.36,OK,15.36,OK,0,OK,0,,15.36,OK,,,,,,,,,,,,,,,,,,,,,,,,,,,,,,,,,,,,,,,,,,,,,,
2406150857C,NEW KAPPA IN 1.0,CM3P3,2024-06-15 17:59:54,18.927,31.42,OK,25.75,25.23,OK,23.71,23.35,OK,24.96,24.19,OK,25.77,24.85,OK,26.54,26.45,OK,23.74,23.42,OK,0,0,OK,0,0,,0,0,,0,OK,0,OK,0,OK,0,OK,0,OK,0,OK,0,OK,0,,0,OK,0,OK,0,OK,0,OK,0,OK,0,OK,0,OK,0,OK,0,,0,OK,,,,,,,,,,,,,,,,,,,,,,,,,,,,,,,,,,,,,,,,,,,,,,
2406150858C,NEW KAPPA IN 1.0,CM4P9,2024-06-15 18:00:46,18.771,29.37,OK,22.96,22.36,OK,25.84,25.38,OK,25.77,25,OK,23.57,23.22,OK,23.68,23.62,OK,24.48,24.1,OK,0,0,OK,0,0,,0,0,,0,OK,0,OK,0,OK,0,OK,0,OK,0,OK,0,OK,0,,0,OK,0,OK,0,OK,0,OK,0,OK,0,OK,0,OK,0,OK,0,,0,OK,,,,,,,,,,,,,,,,,,,,,,,,,,,,,,,,,,,,,,,,,,,,,,
2406150859C,NEW KAPPA IN 1.0,CM1P1,2024-06-15 18:02:00,19.137,32.72,OK,23.13,22.74,OK,23.97,23.53,OK,22.48,22.08,OK,22.64,22.2,OK,21.43,21.36,OK,23.6,23.25,OK,0,0,OK,0,0,,0,0,,5.9,OK,7.69,OK,7.35,OK,7.22,OK,7.62,OK,8.26,OK,0,OK,0,,0.26,OK,7.8,OK,7.68,OK,8.6,OK,7.66,OK,7.7,OK,8.03,OK,0,OK,0,,0.17,OK,,,,,,,,,,,,,,,,,,,,,,,,,,,,,,,,,,,,,,,,,,,,,,
2406150860C,NEW KAPPA IN 1.0,CM2P2,2024-06-15 18:02:20,18.696,29.61,OK,22.92,22.26,OK,23.34,22.87,OK,23.87,23.52,OK,24.04,23.66,OK,22.03,21.94,OK,22.75,22.33,OK,0,0,OK,0,0,,0,0,,15.36,OK,15.36,OK,15.36,OK,15.36,OK,15.36,OK,15.36,OK,0,OK,0,,15.36,OK,15.36,OK,15.36,OK,15.36,OK,15.36,OK,15.36,OK,15.36,OK,0,OK,0,,15.36,OK,,,,,,,,,,,,,,,,,,,,,,,,,,,,,,,,,,,,,,,,,,,,,,
2406150861C,NEW KAPPA IN 1.0,CM3P6,2024-06-15 18:02:52,18.747,28,OK,23.46,22.99,OK,23.17,22.79,OK,25.16,24.3,OK,25.37,24.6,OK,26.14,26,OK,23.99,23.56,OK,0,0,OK,0,0,,0,0,,0,OK,0,OK,0,OK,0,OK,0,OK,0,OK,0,OK,0,,0,OK,0,OK,0,OK,0,OK,0,OK,0,OK,0,OK,0,OK,0,,0,OK,,,,,,,,,,,,,,,,,,,,,,,,,,,,,,,,,,,,,,,,,,,,,,
2406150862C,NEW KAPPA IN 1.0,CM4P4,2024-06-15 18:03:48,19.025,32.8,OK,24.32,23.71,OK,25.44,24.81,OK,26.17,25.88,OK,23.68,23.16,OK,24.32,24.21,OK,24.96,24.48,OK,0,0,OK,0,0,,0,0,,0,OK,0,OK,0,OK,0,OK,0,OK,0,OK,0,OK,0,,0,OK,0,OK,0,OK,0,OK,0,OK,0,OK,0,OK,0,OK,0,,0,OK,,,,,,,,,,,,,,,,,,,,,,,,,,,,,,,,,,,,,,,,,,,,,,
2406150863C,NEW KAPPA IN 1.0,CM1P5,2024-06-15 18:05:12,19.127,32.28,OK,22.71,22.48,OK,22.74,22.11,OK,23.86,23.13,OK,22.39,21.83,OK,22.34,22.11,OK,23.62,23.3,OK,0,0,OK,0,0,,0,0,,5.77,OK,7.14,OK,7.78,OK,7.39,OK,7.84,OK,7.54,OK,0,OK,0,,0.25,OK,8.15,OK,7.42,OK,7.76,OK,7.63,OK,8.12,OK,7.74,OK,0,OK,0,,0.17,OK,,,,,,,,,,,,,,,,,,,,,,,,,,,,,,,,,,,,,,,,,,,,,,
2406150864C,NEW KAPPA IN 1.0,CM2P8,2024-06-15 18:05:28,18.677,28.13,OK,23.62,23.2,OK,21.82,21.42,OK,22.92,22.45,OK,22.71,22.17,OK,20.86,20.79,OK,20.89,20.47,OK,0,0,OK,0,0,,0,0,,15.36,OK,15.36,OK,15.36,OK,15.36,OK,15.36,OK,15.36,OK,0,OK,0,,15.36,OK,15.36,OK,15.36,OK,15.36,OK,15.36,OK,15.36,OK,15.36,OK,0,OK,0,,15.36,OK,,,,,,,,,,,,,,,,,,,,,,,,,,,,,,,,,,,,,,,,,,,,,,
2406150865C,NEW KAPPA IN 1.0,CM3P3,2024-06-15 18:06:04,18.642,27.93,OK,24.57,23.96,OK,23.78,23.35,OK,24.78,23.8,OK,26.14,25.3,OK,26.57,26.32,OK,24.42,24.12,OK,0,0,OK,0,0,,0,0,,0,OK,0,OK,0,OK,0,OK,0,OK,0,OK,0,OK,0,,0,OK,0,OK,0,OK,0,OK,0,OK,0,OK,0,OK,0,OK,0,,0,OK,,,,,,,,,,,,,,,,,,,,,,,,,,,,,,,,,,,,,,,,,,,,,,
2406150866C,NEW KAPPA IN 1.0,CM4P9,2024-06-15 18:07:00,19.16,33.26,OK,24.17,23.57,OK,25.8,25.31,OK,27.58,27.34,OK,24.76,24.43,OK,24.28,24.21,OK,23.79,23.42,OK,0,0,OK,0,0,,0,0,,0,OK,0,OK,0,OK,0,OK,0,OK,0,OK,0,OK,0,,0,OK,0,OK,0,OK,0,OK,0,OK,0,OK,0,OK,0,OK,0,,0,OK,,,,,,,,,,,,,,,,,,,,,,,,,,,,,,,,,,,,,,,,,,,,,,
2406150867C,NEW KAPPA IN 1.0,CM1P1,2024-06-15 18:08:23,18.962,28.66,OK,21.92,21.62,OK,23.53,23.09,OK,21.62,21.24,OK,22.36,22.01,OK,21.69,21.59,OK,21.36,20.87,OK,0,0,OK,0,0,,0,0,,5.66,OK,7.14,OK,7.13,OK,7.33,OK,7.36,OK,7.5,OK,0,OK,0,,0.29,OK,7.61,OK,7.81,OK,7.64,OK,7.93,OK,7.64,OK,7.64,OK,0,OK,0,,0.23,OK,,,,,,,,,,,,,,,,,,,,,,,,,,,,,,,,,,,,,,,,,,,,,,
2406150868C,NEW KAPPA IN 1.0,CM2P2,2024-06-15 18:08:40,18.366,26.52,OK,21.56,20.86,OK,24.62,24.22,OK,22.71,22.38,OK,23.17,22.87,OK,22.85,22.68,OK,21,20.56,OK,0,0,OK,0,0,,0,0,,15.36,OK,15.36,OK,15.36,OK,15.36,OK,15.36,OK,15.36,OK,0,OK,0,,15.36,OK,15.36,OK,15.36,OK,15.36,OK,15.36,OK,15.36,OK,15.36,OK,0,OK,0,,15.36,OK,,,,,,,,,,,,,,,,,,,,,,,,,,,,,,,,,,,,,,,,,,,,,,
2406150869C,NEW KAPPA IN 1.0,CM3P6,2024-06-15 18:09:22,18.925,30.78,OK,24.03,23.44,OK,22.85,22.58,OK,24.64,23.76,OK,24.19,23.33,OK,24.62,24.53,OK,22.7,22.36,OK,0,0,OK,0,0,,0,0,,0,OK,0,OK,0,OK,0,OK,0,OK,0,OK,0,OK,0,,0,OK,0,OK,0,OK,0,OK,0,OK,0,OK,0,OK,0,OK,0,,0,OK,,,,,,,,,,,,,,,,,,,,,,,,,,,,,,,,,,,,,,,,,,,,,,
2406150870C,NEW KAPPA IN 1.0,CM4P4,2024-06-15 18:10:18,18.688,28.32,OK,22.45,21.92,OK,24.76,24.23,OK,25.25,24.87,OK,24.56,24.12,OK,23.11,23.07,OK,24.98,24.7,OK,0,0,OK,0,0,,0,0,,0,OK,0,OK,0,OK,0,OK,0,OK,0,OK,0,OK,0,,0,OK,0,OK,0,OK,0,OK,0,OK,0,OK,0,OK,0,OK,0,,0,OK,,,,,,,,,,,,,,,,,,,,,,,,,,,,,,,,,,,,,,,,,,,,,,
2406150871C,NEW KAPPA IN 1.0,CM1P5,2024-06-15 18:11:35,19.187,31.43,OK,23.27,22.92,OK,23.86,23.53,OK,24.04,23.32,OK,22.32,22.01,OK,23.11,23.06,OK,22.29,22.01,OK,0,0,OK,0,0,,0,0,,5.73,OK,7.18,OK,7.46,OK,7.38,OK,7.72,OK,7.62,OK,0,OK,0,,0.21,OK,8.38,OK,7.6,OK,8,OK,7.72,OK,8.47,OK,7.96,OK,0,OK,0,,0.21,OK,,,,,,,,,,,,,,,,,,,,,,,,,,,,,,,,,,,,,,,,,,,,,,
2406150872C,NEW KAPPA IN 1.0,CM2P8,2024-06-15 18:11:55,19.192,30.48,OK,23.08,22.47,OK,22.61,22.19,OK,23.45,23.06,OK,22.99,22.59,OK,22.66,22.54,OK,22.17,21.8,OK,0,0,OK,0,0,,0,0,,15.36,OK,15.36,OK,15.36,OK,15.36,OK,15.36,OK,15.36,OK,0,OK,0,,15.36,OK,15.36,OK,15.36,OK,15.36,OK,15.36,OK,15.36,OK,15.36,OK,0,OK,0,,15.36,OK,,,,,,,,,,,,,,,,,,,,,,,,,,,,,,,,,,,,,,,,,,,,,,
2406150873C,NEW KAPPA IN 1.0,CM3P3,2024-06-15 18:12:31,19.169,30.6,OK,24.12,23.71,OK,22.63,22.24,OK,26.16,25.3,OK,25.71,25.05,OK,25.59,25.48,OK,25.05,24.69,OK,0,0,OK,0,0,,0,0,,0,OK,0,OK,0,OK,0,OK,0,OK,0,OK,0,OK,0,,0,OK,0,OK,0,OK,0,OK,0,OK,0,OK,0,OK,0,OK,0,,0,OK,,,,,,,,,,,,,,,,,,,,,,,,,,,,,,,,,,,,,,,,,,,,,,
2406150874C,NEW KAPPA IN 1.0,CM4P9,2024-06-15 18:13:23,19.19,33.71,OK,22.74,22.08,OK,23.13,22.36,OK,26.43,26.19,OK,25.22,24.61,OK,23.55,23.49,OK,21.62,21.15,OK,0,0,OK,0,0,,0,0,,0,OK,0,OK,0,OK,0,OK,0,OK,0,OK,0,OK,0,,0,OK,0,OK,0,OK,0,OK,0,OK,0,OK,0,OK,0,OK,0,,0,OK,,,,,,,,,,,,,,,,,,,,,,,,,,,,,,,,,,,,,,,,,,,,,,
2406150875C,NEW KAPPA IN 1.0,CM1P1,2024-06-15 18:14:47,19.179,34.22,OK,22.55,22.22,OK,23.11,22.74,OK,23.51,22.97,OK,22.5,22.27,OK,21.2,21.1,OK,22.46,22.04,OK,0,0,OK,0,0,,0,0,,5.8,OK,7.22,OK,7.28,OK,7.41,OK,7.53,OK,7.57,OK,0,OK,0,,0.2,OK,7.88,OK,8.51,OK,7.59,OK,8.68,OK,7.73,OK,7.62,OK,0,OK,0,,0.42,OK,,,,,,,,,,,,,,,,,,,,,,,,,,,,,,,,,,,,,,,,,,,,,,
2406150876C,NEW KAPPA IN 1.0,CM2P2,2024-06-15 18:15:07,19.19,31.1,OK,22.38,21.82,OK,23.78,23.38,OK,21.59,21.1,OK,22.94,22.66,OK,22.15,21.96,OK,21.84,21.35,OK,0,0,OK,0,0,,0,0,,15.36,OK,15.36,OK,15.36,OK,15.36,OK,15.36,OK,15.36,OK,0,OK,0,,15.36,OK,15.36,OK,15.36,OK,15.36,OK,15.36,OK,15.36,OK,15.36,OK,0,OK,0,,15.36,OK,,,,,,,,,,,,,,,,,,,,,,,,,,,,,,,,,,,,,,,,,,,,,,
2406150877C,NEW KAPPA IN 1.0,CM3P6,2024-06-15 18:15:56,19.148,27.67,OK,22.76,22.2,OK,23.71,23.15,OK,24.87,23.99,OK,24.28,23.46,OK,25.64,25.48,OK,23.4,23.06,OK,0,0,OK,0,0,,0,0,,0,OK,0,OK,0,OK,0,OK,0,OK,0,OK,0,OK,0,,0,OK,0,OK,0,OK,0,OK,0,OK,0,OK,0,OK,0,OK,0,,0,OK,,,,,,,,,,,,,,,,,,,,,,,,,,,,,,,,,,,,,,,,,,,,,,
2406150878C,NEW KAPPA IN 1.0,CM4P4,2024-06-15 18:16:54,19.096,30.81,OK,22.08,21.46,OK,25.6,25.05,OK,25.95,25.53,OK,26.15,25.58,OK,24.32,24.23,OK,23.49,23.11,OK,0,0,OK,0,0,,0,0,,0,OK,0,OK,0,OK,0,OK,0,OK,0,OK,0,OK,0,,0,OK,0,OK,0,OK,0,OK,0,OK,0,OK,0,OK,0,OK,0,,0,OK,,,,,,,,,,,,,,,,,,,,,,,,,,,,,,,,,,,,,,,,,,,,,,
2406150879C,NEW KAPPA IN 1.0,CM1P5,2024-06-15 18:18:08,19.197,31.85,OK,23.79,23.41,OK,23.6,23.13,OK,23.6,23.06,OK,22.11,21.55,OK,21.43,21.34,OK,21.43,21.1,OK,0,0,OK,0,0,,0,0,,5.89,OK,7.33,OK,7.34,OK,7.66,OK,7.51,OK,7.69,OK,0,OK,0,,0.25,OK,7.73,OK,7.72,OK,7.65,OK,7.95,OK,7.78,OK,8.2,OK,0,OK,0,,0.16,OK,,,,,,,,,,,,,,,,,,,,,,,,,,,,,,,,,,,,,,,,,,,,,,
2406150880C,NEW KAPPA IN 1.0,CM2P8,2024-06-15 18:18:38,19.121,32.33,OK,23.22,22.71,OK,22.12,21.75,OK,22.31,21.77,OK,23.69,23.22,OK,21.19,21.1,OK,22.54,22.22,OK,0,0,OK,0,0,,0,0,,15.36,OK,15.36,OK,15.36,OK,15.36,OK,15.36,OK,15.36,OK,0,OK,0,,15.36,OK,15.36,OK,15.36,OK,15.36,OK,15.36,OK,15.36,OK,15.36,OK,0,OK,0,,15.36,OK,,,,,,,,,,,,,,,,,,,,,,,,,,,,,,,,,,,,,,,,,,,,,,
2406150881C,NEW KAPPA IN 1.0,CM3P3,2024-06-15 18:19:27,19.161,31.7,OK,24.26,23.65,OK,22.13,21.79,OK,24.53,23.6,OK,24.62,23.74,OK,25.21,25.09,OK,23.6,23.35,OK,0,0,OK,0,0,,0,0,,0,OK,0,OK,0,OK,0,OK,0,OK,0,OK,0,OK,0,,0,OK,0,OK,0,OK,0,OK,0,OK,0,OK,0,OK,0,OK,0,,0,OK,,,,,,,,,,,,,,,,,,,,,,,,,,,,,,,,,,,,,,,,,,,,,,
2406150882C,NEW KAPPA IN 1.0,CM4P9,2024-06-15 18:20:29,19.175,30.82,OK,24.74,23.95,OK,25.51,24.96,OK,25.71,25.29,OK,25.62,25.2,OK,24.19,24.08,OK,22.96,22.54,OK,0,0,OK,0,0,,0,0,,0,OK,0,OK,0,OK,0,OK,0,OK,0,OK,0,OK,0,,0,OK,0,OK,0,OK,0,OK,0,OK,0,OK,0,OK,0,OK,0,,0,OK,,,,,,,,,,,,,,,,,,,,,,,,,,,,,,,,,,,,,,,,,,,,,,
2406150883C,NEW KAPPA IN 1.0,CM1P1,2024-06-15 18:21:43,19.198,33.31,OK,22.57,22.18,OK,23.27,23.02,OK,23.09,22.43,OK,21.2,20.71,OK,22.08,21.99,OK,21.43,21.06,OK,0,0,OK,0,0,,0,0,,5.79,OK,7.08,OK,8.01,OK,7.29,OK,7.95,OK,7.42,OK,0,OK,0,,0.2,OK,7.92,OK,7.59,OK,7.73,OK,7.47,OK,8.15,OK,7.65,OK,0,OK,0,,0.39,OK,,,,,,,,,,,,,,,,,,,,,,,,,,,,,,,,,,,,,,,,,,,,,,
2406150884C,NEW KAPPA IN 1.0,CM2P2,2024-06-15 18:22:16,18.654,26.25,OK,22.85,22.15,OK,24.08,23.64,OK,23.9,23.38,OK,22.94,22.4,OK,23.08,23.03,OK,20.75,20.26,OK,0,0,OK,0,0,,0,0,,15.36,OK,15.36,OK,15.36,OK,15.36,OK,15.36,OK,15.36,OK,0,OK,0,,15.36,OK,15.36,OK,15.36,OK,15.36,OK,15.36,OK,15.36,OK,15.36,OK,0,OK,0,,15.36,OK,,,,,,,,,,,,,,,,,,,,,,,,,,,,,,,,,,,,,,,,,,,,,,
2406150885C,NEW KAPPA IN 1.0,CM3P6,2024-06-15 18:23:05,19.188,32.9,OK,24.08,23.44,OK,24.21,23.83,OK,24.75,23.89,OK,24.57,23.87,OK,25.71,25.5,OK,22.47,22.17,OK,0,0,OK,0,0,,0,0,,0,OK,0,OK,0,OK,0,OK,0,OK,0,OK,0,OK,0,,0,OK,0,OK,0,OK,0,OK,0,OK,0,OK,0,OK,0,OK,0,,0,OK,,,,,,,,,,,,,,,,,,,,,,,,,,,,,,,,,,,,,,,,,,,,,,
2406150886C,NEW KAPPA IN 1.0,CM4P4,2024-06-15 18:24:03,19.134,30.36,OK,22.52,21.77,OK,24.67,24.12,OK,25.18,24.83,OK,24.76,24.37,OK,24.54,24.54,OK,23.86,23.42,OK,0,0,OK,0,0,,0,0,,0,OK,0,OK,0,OK,0,OK,0,OK,0,OK,0,OK,0,,0,OK,0,OK,0,OK,0,OK,0,OK,0,OK,0,OK,0,OK,0,,0,OK,,,,,,,,,,,,,,,,,,,,,,,,,,,,,,,,,,,,,,,,,,,,,,
2406150887C,NEW KAPPA IN 1.0,CM1P5,2024-06-15 18:25:17,19.194,33.01,OK,23.72,23.41,OK,22.27,21.85,OK,23.13,22.62,OK,21.94,21.5,OK,21.87,21.59,OK,22.01,21.71,OK,0,0,OK,0,0,,0,0,,5.9,OK,7.46,OK,7.21,OK,7.63,OK,7.44,OK,7.67,OK,0,OK,0,,0.22,OK,7.77,OK,7.67,OK,7.6,OK,7.82,OK,7.61,OK,8.29,OK,0,OK,0,,0.16,OK,,,,,,,,,,,,,,,,,,,,,,,,,,,,,,,,,,,,,,,,,,,,,,
2406150888C,NEW KAPPA IN 1.0,CM2P8,2024-06-15 18:25:47,18.943,29.48,OK,22.89,22.36,OK,21.87,21.47,OK,22.8,22.45,OK,22.52,22.08,OK,21.61,21.42,OK,20.75,20.26,OK,0,0,OK,0,0,,0,0,,15.36,OK,15.36,OK,15.36,OK,15.36,OK,15.36,OK,15.36,OK,0,OK,0,,15.36,OK,15.36,OK,15.36,OK,15.36,OK,15.36,OK,15.36,OK,15.36,OK,0,OK,0,,15.36,OK,,,,,,,,,,,,,,,,,,,,,,,,,,,,,,,,,,,,,,,,,,,,,,
2406150889C,NEW KAPPA IN 1.0,C,2024-06-15 18:23:27,19.184,32.81,OK,22.89,22.36,OK,21.87,21.47,OK,22.8,22.45,OK,22.52,22.08,OK,21.61,21.42,OK,20.75,20.26,OK,0,0,OK,0,0,,0,0,,15.36,OK,15.36,OK,15.36,OK,15.36,OK,15.36,OK,15.36,OK,0,OK,0,,15.36,OK,15.36,OK,15.36,OK,15.36,OK,15.36,OK,15.36,OK,15.36,OK,0,OK,0,,15.36,OK,,,,,,,,,,,,,,,,,,,,,,,,,,,,,,,,,,,,,,,,,,,,,,
2406150890C,NEW KAPPA IN 1.0,CM4P9,2024-06-15 18:27:41,19.188,31.2,OK,22.8,22.21,OK,23.05,22.41,OK,26.13,25.69,OK,23.97,23.62,OK,23.64,23.53,OK,23.79,23.38,OK,0,0,OK,0,0,,0,0,,0,OK,0,OK,0,OK,0,OK,0,OK,0,OK,0,OK,0,,0,OK,0,OK,0,OK,0,OK,0,OK,0,OK,0,OK,0,OK,0,,0,OK,,,,,,,,,,,,,,,,,,,,,,,,,,,,,,,,,,,,,,,,,,,,,,
2406150891C,NEW KAPPA IN 1.0,CM1P1,2024-06-15 18:28:55,18.668,26.61,OK,21.66,21.27,OK,23.27,22.85,OK,23.2,22.57,OK,22.69,22.27,OK,21.69,21.55,OK,21.94,21.66,OK,0,0,OK,0,0,,0,0,,5.76,OK,7.23,OK,7.35,OK,7.46,OK,7.54,OK,7.71,OK,0,OK,0,,0.21,OK,7.82,OK,8.51,OK,7.69,OK,8.29,OK,8.02,OK,7.7,OK,0,OK,0,,0.23,OK,,,,,,,,,,,,,,,,,,,,,,,,,,,,,,,,,,,,,,,,,,,,,,
2406150892C,NEW KAPPA IN 1.0,CM2P2,2024-06-15 18:29:28,19.179,32.01,OK,23.22,22.54,OK,21.54,21.1,OK,21.98,21.52,OK,21.17,20.82,OK,22.24,22.1,OK,22.43,21.96,OK,0,0,OK,0,0,,0,0,,15.36,OK,15.36,OK,15.36,OK,15.36,OK,15.36,OK,15.36,OK,0,OK,0,,15.36,OK,15.36,OK,15.36,OK,15.36,OK,15.36,OK,15.36,OK,15.36,OK,0,OK,0,,15.36,OK,,,,,,,,,,,,,,,,,,,,,,,,,,,,,,,,,,,,,,,,,,,,,,
22605-D3C,NEW KAPPA IN 1.0,CM3P3,2024-06-15 18:26:36,19.179,32.01,OK,24.3,23.78,OK,24.32,23.92,OK,25.16,24.28,OK,24.57,23.94,OK,26.27,26.14,OK,22.85,22.51,OK,0,0,OK,0,0,,0,0,,0,OK,0,OK,0,OK,0,OK,0,OK,0,OK,0,OK,0,,0,OK,0,OK,0,OK,0,OK,0,OK,0,OK,0,OK,0,OK,0,,0,OK,,,,,,,,,,,,,,,,,,,,,,,,,,,,,,,,,,,,,,,,,,,,,,
2406150893C,NEW KAPPA IN 1.0,C,2024-06-15 18:27:01,19.173,30.95,OK,24.3,23.78,OK,24.32,23.92,OK,25.16,24.28,OK,24.57,23.94,OK,26.27,26.14,OK,22.85,22.51,OK,0,0,OK,0,0,,0,0,,0,OK,0,OK,0,OK,0,OK,0,OK,0,OK,0,OK,0,,0,OK,0,OK,0,OK,0,OK,0,OK,0,OK,0,OK,0,OK,0,,0,OK,,,,,,,,,,,,,,,,,,,,,,,,,,,,,,,,,,,,,,,,,,,,,,
2406150894C,NEW KAPPA IN 1.0,CM4P3,2024-06-15 18:47:34,19.185,33.3,OK,24.92,24.26,OK,25.88,25.4,OK,25.6,25.07,OK,26.19,25.77,OK,23.88,23.82,OK,22.96,22.56,OK,0,0,OK,0,0,,0,0,,0,OK,0,OK,0,OK,0,OK,0,OK,0,OK,0,OK,0,,0,OK,0,OK,0,OK,0,OK,0,OK,0,OK,0,OK,0,OK,0,,0,OK,,,,,,,,,,,,,,,,,,,,,,,,,,,,,,,,,,,,,,,,,,,,,,
2406150895C,NEW KAPPA IN 1.0,CM1P4,2024-06-15 18:45:56,19.195,31.3,OK,23.58,23.25,OK,24.44,23.79,OK,23.86,23.27,OK,21.83,21.5,OK,21.55,21.48,OK,22.32,21.76,OK,0,0,OK,0,0,,0,0,,6.03,OK,7.71,OK,7.32,OK,7.61,OK,7.5,OK,7.66,OK,0,OK,0,,0.24,OK,7.79,OK,7.75,OK,7.54,OK,7.96,OK,7.66,OK,7.73,OK,0,OK,0,,0.23,OK,,,,,,,,,,,,,,,,,,,,,,,,,,,,,,,,,,,,,,,,,,,,,,
2406150896C,NEW KAPPA IN 1.0,CM2P5,2024-06-15 18:46:12,18.782,26.07,OK,22.47,21.77,OK,23.52,23.15,OK,21.1,20.68,OK,22.33,21.89,OK,22.8,22.61,OK,21.98,21.56,OK,0,0,OK,0,0,,0,0,,15.36,OK,15.36,OK,15.36,OK,15.36,OK,15.36,OK,15.36,OK,0,OK,0,,15.36,OK,15.36,OK,15.36,OK,15.36,OK,15.36,OK,15.36,OK,15.36,OK,0,OK,0,,15.36,OK,,,,,,,,,,,,,,,,,,,,,,,,,,,,,,,,,,,,,,,,,,,,,,
2406150897C,NEW KAPPA IN 1.0,CM3P8,2024-06-15 18:46:45,19.19,32.13,OK,25.32,24.69,OK,22.45,22.04,OK,25.3,24.46,OK,25.41,24.57,OK,25.05,25,OK,23.49,23.15,OK,0,0,OK,0,0,,0,0,,0,OK,0,OK,0,OK,0,OK,0,OK,0,OK,0,OK,0,,0,OK,0,OK,0,OK,0,OK,0,OK,0,OK,0,OK,0,OK,0,,0,OK,,,,,,,,,,,,,,,,,,,,,,,,,,,,,,,,,,,,,,,,,,,,,,
2406150898C,NEW KAPPA IN 1.0,CM1P1,2024-06-15 18:49:07,18.995,32.07,OK,21.69,21.36,OK,23.32,23.02,OK,24.49,23.88,OK,21.59,21.22,OK,23.02,22.9,OK,22.67,22.41,OK,0,0,OK,0,0,,0,0,,5.89,OK,7.38,OK,7.4,OK,7.58,OK,7.53,OK,7.66,OK,0,OK,0,,0.2,OK,7.79,OK,7.88,OK,7.71,OK,8.31,OK,7.99,OK,7.71,OK,0,OK,0,,0.35,OK,,,,,,,,,,,,,,,,,,,,,,,,,,,,,,,,,,,,,,,,,,,,,,
22606-D3C,NEW KAPPA IN 1.0,CM3P6,2024-06-15 18:42:02,18.995,32.07,OK,24.6,24.1,OK,24.53,24.19,OK,24.71,23.99,OK,25.84,24.91,OK,26.9,26.63,OK,24.19,23.87,OK,0,0,OK,0,0,,0,0,,0,OK,0,OK,0,OK,0,OK,0,OK,0,OK,0,OK,0,,0,OK,0,OK,0,OK,0,OK,0,OK,0,OK,0,OK,0,OK,0,,0,OK,,,,,,,,,,,,,,,,,,,,,,,,,,,,,,,,,,,,,,,,,,,,,,
2406150899C,NEW KAPPA IN 1.0,CM2P2,2024-06-15 18:49:24,19.172,34.16,OK,23.17,22.66,OK,23.57,23.15,OK,22.87,22.45,OK,22.08,21.7,OK,21.7,21.59,OK,21.14,20.68,OK,0,0,OK,0,0,,0,0,,15.36,OK,15.36,OK,15.36,OK,15.36,OK,15.36,OK,15.36,OK,0,OK,0,,15.36,OK,15.36,OK,15.36,OK,15.36,OK,15.36,OK,15.36,OK,15.36,OK,0,OK,0,,15.36,OK,,,,,,,,,,,,,,,,,,,,,,,,,,,,,,,,,,,,,,,,,,,,,,
2406150900C,NEW KAPPA IN 1.0,CM3P6,2024-06-15 18:50:03,19.178,34.02,OK,23.65,22.97,OK,24.05,23.62,OK,24.62,23.8,OK,24.46,23.6,OK,26.09,26,OK,23.69,23.42,OK,0,0,OK,0,0,,0,0,,0,OK,0,OK,0,OK,0,OK,0,OK,0,OK,0,OK,0,,0,OK,0,OK,0,OK,0,OK,0,OK,0,OK,0,OK,0,OK,0,,0,OK,,,,,,,,,,,,,,,,,,,,,,,,,,,,,,,,,,,,,,,,,,,,,,
2406150901C,NEW KAPPA IN 1.0,CM4P9,2024-06-15 18:50:59,19.183,31.35,OK,22.25,21.66,OK,24.15,23.44,OK,25.88,25.38,OK,24.5,23.97,OK,23.51,23.4,OK,23.68,23.18,OK,0,0,OK,0,0,,0,0,,0,OK,0,OK,0,OK,0,OK,0,OK,0,OK,0,OK,0,,0,OK,0,OK,0,OK,0,OK,0,OK,0,OK,0,OK,0,OK,0,,0,OK,,,,,,,,,,,,,,,,,,,,,,,,,,,,,,,,,,,,,,,,,,,,,,
2406150902C,NEW KAPPA IN 1.0,CM1P4,2024-06-15 18:52:19,19.137,30.65,OK,23.06,22.55,OK,23.48,23.02,OK,23.83,23.23,OK,22.88,22.57,OK,22.18,22.04,OK,22.22,21.97,OK,0,0,OK,0,0,,0,0,,5.81,OK,7.13,OK,7.27,OK,7.38,OK,7.4,OK,7.58,OK,0,OK,0,,0.21,OK,7.71,OK,7.9,OK,7.76,OK,8.55,OK,7.88,OK,7.73,OK,0,OK,0,,0.21,OK,,,,,,,,,,,,,,,,,,,,,,,,,,,,,,,,,,,,,,,,,,,,,,
2406150903C,NEW KAPPA IN 1.0,CM2P5,2024-06-15 18:52:36,18.993,26.65,OK,22.19,21.4,OK,23.36,22.96,OK,22.99,22.59,OK,22.29,21.87,OK,22.12,21.98,OK,21.84,21.4,OK,0,0,OK,0,0,,0,0,,15.36,OK,15.36,OK,15.36,OK,15.36,OK,15.36,OK,15.36,OK,0,OK,0,,15.36,OK,15.36,OK,15.36,OK,15.36,OK,15.36,OK,15.36,OK,15.36,OK,0,OK,0,,15.36,OK,,,,,,,,,,,,,,,,,,,,,,,,,,,,,,,,,,,,,,,,,,,,,,
2406150904C,NEW KAPPA IN 1.0,CM3P8,2024-06-15 18:53:18,19.153,31.37,OK,23.03,22.4,OK,23.65,23.28,OK,23.4,22.56,OK,25.73,25.09,OK,26.54,26.43,OK,22.79,22.51,OK,0,0,OK,0,0,,0,0,,0,OK,0,OK,0,OK,0,OK,0,OK,0,OK,0,OK,0,,0,OK,0,OK,0,OK,0,OK,0,OK,0,OK,0,OK,0,OK,0,,0,OK,,,,,,,,,,,,,,,,,,,,,,,,,,,,,,,,,,,,,,,,,,,,,,
2406150905C,NEW KAPPA IN 1.0,CM4P3,2024-06-15 18:54:10,19.192,30.47,OK,23.86,23.11,OK,25.71,25.03,OK,24.92,24.52,OK,25.53,25.27,OK,24.21,24.19,OK,24.74,24.34,OK,0,0,OK,0,0,,0,0,,0,OK,0,OK,0,OK,0,OK,0,OK,0,OK,0,OK,0,,0,OK,0,OK,0,OK,0,OK,0,OK,0,OK,0,OK,0,OK,0,,0,OK,,,,,,,,,,,,,,,,,,,,,,,,,,,,,,,,,,,,,,,,,,,,,,
2406150906C,NEW KAPPA IN 1.0,CM1P1,2024-06-15 18:55:31,19.175,30.85,OK,22.25,21.85,OK,23.34,22.99,OK,22.71,22.27,OK,22.43,22.15,OK,22.41,22.29,OK,22.78,22.48,OK,0,0,OK,0,0,,0,0,,5.8,OK,7.18,OK,7.23,OK,7.34,OK,7.85,OK,7.55,OK,0,OK,0,,0.21,OK,7.78,OK,7.61,OK,7.75,OK,7.74,OK,8.3,OK,7.99,OK,0,OK,0,,0.17,OK,,,,,,,,,,,,,,,,,,,,,,,,,,,,,,,,,,,,,,,,,,,,,,
2406150907C,NEW KAPPA IN 1.0,CM2P2,2024-06-15 18:55:47,19.021,30.18,OK,22.75,22.08,OK,23.57,23.22,OK,23.73,23.36,OK,23.9,23.41,OK,22.12,21.96,OK,21.7,21.21,OK,0,0,OK,0,0,,0,0,,15.36,OK,15.36,OK,15.36,OK,15.36,OK,15.36,OK,15.36,OK,0,OK,0,,15.36,OK,15.36,OK,15.36,OK,15.36,OK,15.36,OK,15.36,OK,15.36,OK,0,OK,0,,15.36,OK,,,,,,,,,,,,,,,,,,,,,,,,,,,,,,,,,,,,,,,,,,,,,,
2406150908C,NEW KAPPA IN 1.0,C,2024-06-15 18:53:27,19.161,27.55,OK,22.75,22.08,OK,23.57,23.22,OK,23.73,23.36,OK,23.9,23.41,OK,22.12,21.96,OK,21.7,21.21,OK,0,0,OK,0,0,,0,0,,15.36,OK,15.36,OK,15.36,OK,15.36,OK,15.36,OK,15.36,OK,0,OK,0,,15.36,OK,15.36,OK,15.36,OK,15.36,OK,15.36,OK,15.36,OK,15.36,OK,0,OK,0,,15.36,OK,,,,,,,,,,,,,,,,,,,,,,,,,,,,,,,,,,,,,,,,,,,,,,
2406150909C,NEW KAPPA IN 1.0,CM4P9,2024-06-15 18:57:29,19.192,31.95,OK,24.28,23.38,OK,25.38,24.63,OK,25.18,24.87,OK,24.34,23.95,OK,23.82,23.62,OK,23.27,22.83,OK,0,0,OK,0,0,,0,0,,0,OK,0,OK,0,OK,0,OK,0,OK,0,OK,0,OK,0,,0,OK,0,OK,0,OK,0,OK,0,OK,0,OK,0,OK,0,OK,0,,0,OK,,,,,,,,,,,,,,,,,,,,,,,,,,,,,,,,,,,,,,,,,,,,,,
2406150910C,NEW KAPPA IN 1.0,CM1P4,2024-06-15 18:58:43,19.191,32.41,OK,23.37,23.16,OK,22.81,22.41,OK,23.13,22.76,OK,22.18,21.92,OK,22.39,22.39,OK,21.8,21.55,OK,0,0,OK,0,0,,0,0,,5.67,OK,7.09,OK,7.88,OK,7.23,OK,7.72,OK,7.48,OK,0,OK,0,,0.25,OK,8.02,OK,7.47,OK,7.86,OK,7.57,OK,8.69,OK,7.73,OK,0,OK,0,,0.17,OK,,,,,,,,,,,,,,,,,,,,,,,,,,,,,,,,,,,,,,,,,,,,,,
2406150911C,NEW KAPPA IN 1.0,CM2P5,2024-06-15 18:59:02,19.195,33.66,OK,24.9,24.34,OK,22.75,22.17,OK,22.01,21.68,OK,21.4,20.96,OK,22.08,21.94,OK,21.94,21.59,OK,0,0,OK,0,0,,0,0,,15.36,OK,15.36,OK,15.36,OK,15.36,OK,15.36,OK,15.36,OK,0,OK,0,,15.36,OK,15.36,OK,15.36,OK,15.36,OK,15.36,OK,15.36,OK,15.36,OK,0,OK,0,,15.36,OK,,,,,,,,,,,,,,,,,,,,,,,,,,,,,,,,,,,,,,,,,,,,,,
22610-D3C,NEW KAPPA IN 1.0,CM3P6,2024-06-15 18:56:30,19.195,33.66,OK,22.4,21.52,OK,21.97,21.61,OK,22.85,22.13,OK,24.03,23.13,OK,24.44,24.35,OK,21.68,21.34,OK,0,0,OK,0,0,,0,0,,0,OK,0,OK,0,OK,0,OK,0,OK,0,OK,0,OK,0,,0,OK,0,OK,0,OK,0,OK,0,OK,0,OK,0,OK,0,OK,0,,0,OK,,,,,,,,,,,,,,,,,,,,,,,,,,,,,,,,,,,,,,,,,,,,,,
2406150912C,NEW KAPPA IN 1.0,C,2024-06-15 18:56:39,19.195,33.66,OK,22.4,21.52,OK,21.97,21.61,OK,22.85,22.13,OK,24.03,23.13,OK,24.44,24.35,OK,21.68,21.34,OK,0,0,OK,0,0,,0,0,,0,OK,0,OK,0,OK,0,OK,0,OK,0,OK,0,OK,0,,0,OK,0,OK,0,OK,0,OK,0,OK,0,OK,0,OK,0,OK,0,,0,OK,,,,,,,,,,,,,,,,,,,,,,,,,,,,,,,,,,,,,,,,,,,,,,
2406150913C,NEW KAPPA IN 1.0,CM4P4,2024-06-15 19:24:46,19.176,30.68,OK,23.11,22.45,OK,24.23,23.64,OK,27.64,27.31,OK,24.56,24.15,OK,25.64,25.53,OK,24.56,24.26,OK,0,0,OK,0,0,,0,0,,0,OK,0,OK,0,OK,0,OK,0,OK,0,OK,0,OK,0,,0,OK,0,OK,0,OK,0,OK,0,OK,0,OK,0,OK,0,OK,0,,0,OK,,,,,,,,,,,,,,,,,,,,,,,,,,,,,,,,,,,,,,,,,,,,,,
2406150914C,NEW KAPPA IN 1.0,CM1P3,2024-06-15 19:18:26,19.184,33.42,OK,23.6,23.34,OK,24.23,23.65,OK,24.74,23.95,OK,23.16,22.48,OK,21.99,21.76,OK,21.5,21.03,OK,0,0,OK,0,0,,0,0,,5.79,OK,7.04,OK,7.38,OK,7.95,OK,7.42,OK,7.57,OK,0,OK,0,,0.23,OK,8.55,OK,7.62,OK,7.64,OK,7.98,OK,7.62,OK,7.58,OK,0,OK,0,,0.21,OK,,,,,,,,,,,,,,,,,,,,,,,,,,,,,,,,,,,,,,,,,,,,,,
2406150915C,NEW KAPPA IN 1.0,CM2P1,2024-06-15 19:22:33,19.184,33.42,OK,21.75,21.07,OK,21.12,20.84,OK,21.33,20.89,OK,22.01,21.54,OK,21.82,21.61,OK,20,19.53,OK,0,0,OK,0,0,,0,0,,15.36,OK,15.36,OK,15.36,OK,15.36,OK,15.36,OK,15.36,OK,0,OK,0,,15.36,OK,15.36,OK,15.36,OK,15.36,OK,15.36,OK,15.36,OK,15.36,OK,0,OK,0,,15.36,OK,,,,,,,,,,,,,,,,,,,,,,,,,,,,,,,,,,,,,,,,,,,,,,
2406150916C,NEW KAPPA IN 1.0,C,2024-06-15 18:59:51,19.161,29.65,OK,21.75,21.07,OK,21.12,20.84,OK,21.33,20.89,OK,22.01,21.54,OK,21.82,21.61,OK,20,19.53,OK,0,0,OK,0,0,,0,0,,15.36,OK,15.36,OK,15.36,OK,15.36,OK,15.36,OK,15.36,OK,0,OK,0,,15.36,OK,15.36,OK,15.36,OK,15.36,OK,15.36,OK,15.36,OK,15.36,OK,0,OK,0,,15.36,OK,,,,,,,,,,,,,,,,,,,,,,,,,,,,,,,,,,,,,,,,,,,,,,
2406150917C,NEW KAPPA IN 1.0,CM1P2,2024-06-15 19:25:51,19.161,29.65,OK,22.2,21.52,OK,25.44,25.09,OK,23.74,23.2,OK,23.37,22.95,OK,22.85,22.78,OK,23.02,22.67,OK,0,0,OK,0,0,,0,0,,5.9,OK,7.32,OK,7.29,OK,7.47,OK,8.19,OK,7.62,OK,0,OK,0,,0.24,OK,7.83,OK,8.06,OK,7.59,OK,7.78,OK,8.14,OK,7.86,OK,0,OK,0,,0.24,OK,,,,,,,,,,,,,,,,,,,,,,,,,,,,,,,,,,,,,,,,,,,,,,
22611-D3C,NEW KAPPA IN 1.0,CM3P8,2024-06-15 19:14:29,19.161,29.65,OK,23.83,23.44,OK,22.79,22.47,OK,23.24,22.47,OK,24.89,24.19,OK,25.64,25.5,OK,23.19,22.76,OK,0,0,OK,0,0,,0,0,,0,OK,0,OK,0,OK,0,OK,0,OK,0,OK,0,OK,0,,0,OK,0,OK,0,OK,0,OK,0,OK,0,OK,0,OK,0,OK,0,,0,OK,,,,,,,,,,,,,,,,,,,,,,,,,,,,,,,,,,,,,,,,,,,,,,
2406150918C,NEW KAPPA IN 1.0,CM2P5,2024-06-15 19:26:11,18.609,26.65,OK,22.78,22.17,OK,23.85,23.5,OK,23.59,23.22,OK,21.77,21.35,OK,22.4,22.31,OK,21.89,21.47,OK,0,0,OK,0,0,,0,0,,15.36,OK,15.36,OK,15.36,OK,15.36,OK,15.36,OK,15.36,OK,0,OK,0,,15.36,OK,15.36,OK,15.36,OK,15.36,OK,15.36,OK,15.36,OK,15.36,OK,0,OK,0,,15.36,OK,,,,,,,,,,,,,,,,,,,,,,,,,,,,,,,,,,,,,,,,,,,,,,
2406150919C,NEW KAPPA IN 1.0,CM3P8,2024-06-15 19:26:53,18.533,26.47,OK,21.45,20.75,OK,23.74,23.28,OK,25.55,24.62,OK,25.34,24.73,OK,25.34,25.16,OK,23.01,22.72,OK,0,0,OK,0,0,,0,0,,0,OK,0,OK,0,OK,0,OK,0,OK,0,OK,0,OK,0,,0,OK,0,OK,0,OK,0,OK,0,OK,0,OK,0,OK,0,OK,0,,0,OK,,,,,,,,,,,,,,,,,,,,,,,,,,,,,,,,,,,,,,,,,,,,,,
2406150920C,NEW KAPPA IN 1.0,CM4P9,2024-06-15 19:27:39,18.587,25.62,OK,21.13,20.56,OK,23.93,23.33,OK,25.91,25.58,OK,24.98,24.54,OK,23.71,23.57,OK,23.42,23.07,OK,0,0,OK,0,0,,0,0,,0,OK,0,OK,0,OK,0,OK,0,OK,0,OK,0,OK,0,,0,OK,0,OK,0,OK,0,OK,0,OK,0,OK,0,OK,0,OK,0,,0,OK,,,,,,,,,,,,,,,,,,,,,,,,,,,,,,,,,,,,,,,,,,,,,,
22612-D3C,NEW KAPPA IN 1.0,CM3P6,2024-06-15 19:23:58,18.587,25.62,OK,23.67,23.06,OK,23.08,22.65,OK,25.05,24.28,OK,24.46,23.74,OK,25.77,25.64,OK,23.31,23.03,OK,0,0,OK,0,0,,0,0,,0,OK,0,OK,0,OK,0,OK,0,OK,0,OK,0,OK,0,,0,OK,0,OK,0,OK,0,OK,0,OK,0,OK,0,OK,0,OK,0,,0,OK,,,,,,,,,,,,,,,,,,,,,,,,,,,,,,,,,,,,,,,,,,,,,,
2406150921C,NEW KAPPA IN 1.0,CM1P3,2024-06-15 19:29:03,18.821,26.91,OK,22.06,21.45,OK,23.79,23.3,OK,22.85,22.2,OK,21.31,20.85,OK,22.34,22.18,OK,22.08,21.64,OK,0,0,OK,0,0,,0,0,,5.71,OK,6.95,OK,7.35,OK,7.15,OK,7.47,OK,7.66,OK,0,OK,0,,0.19,OK,7.79,OK,7.41,OK,8.15,OK,7.59,OK,7.46,OK,7.58,OK,0,OK,0,,0.24,OK,,,,,,,,,,,,,,,,,,,,,,,,,,,,,,,,,,,,,,,,,,,,,,
2406150922C,NEW KAPPA IN 1.0,CM2P1,2024-06-15 19:29:22,19.159,27.55,OK,22.36,21.84,OK,22.87,22.4,OK,22.89,22.45,OK,22.99,22.5,OK,22.57,22.45,OK,20.77,20.33,OK,0,0,OK,0,0,,0,0,,15.36,OK,15.36,OK,15.36,OK,15.36,OK,15.36,OK,15.36,OK,0,OK,0,,15.36,OK,15.36,OK,15.36,OK,15.36,OK,15.36,OK,15.36,OK,15.36,OK,0,OK,0,,15.36,OK,,,,,,,,,,,,,,,,,,,,,,,,,,,,,,,,,,,,,,,,,,,,,,
2406150923C,NEW KAPPA IN 1.0,CM3P6,2024-06-15 19:30:05,19.198,31.37,OK,24.12,23.42,OK,23.03,22.67,OK,24.85,24.05,OK,25.14,24.26,OK,27.2,27.04,OK,22.38,22.13,OK,0,0,OK,0,0,,0,0,,0,OK,0,OK,0,OK,0,OK,0,OK,0,OK,0,OK,0,,0,OK,0,OK,0,OK,0,OK,0,OK,0,OK,0,OK,0,OK,0,,0,OK,,,,,,,,,,,,,,,,,,,,,,,,,,,,,,,,,,,,,,,,,,,,,,
2406150924C,NEW KAPPA IN 1.0,CM4P4,2024-06-15 19:30:54,19.171,27.43,OK,22.63,22.03,OK,25.11,24.39,OK,25.51,25,OK,24.28,23.82,OK,24.01,23.88,OK,24.32,23.93,OK,0,0,OK,0,0,,0,0,,0,OK,0,OK,0,OK,0,OK,0,OK,0,OK,0,OK,0,,0,OK,0,OK,0,OK,0,OK,0,OK,0,OK,0,OK,0,OK,0,,0,OK,,,,,,,,,,,,,,,,,,,,,,,,,,,,,,,,,,,,,,,,,,,,,,
2406150925C,NEW KAPPA IN 1.0,CM1P2,2024-06-15 19:32:11,19.198,32.52,OK,22.99,22.69,OK,23.6,23.16,OK,22.95,22.43,OK,22.55,21.97,OK,23.18,23.09,OK,21.73,21.29,OK,0,0,OK,0,0,,0,0,,5.81,OK,7.12,OK,7.13,OK,7.32,OK,8.05,OK,7.36,OK,0,OK,0,,0.19,OK,7.58,OK,7.85,OK,7.62,OK,7.36,OK,8.03,OK,7.52,OK,0,OK,0,,0.19,OK,,,,,,,,,,,,,,,,,,,,,,,,,,,,,,,,,,,,,,,,,,,,,,
2406150926C,NEW KAPPA IN 1.0,CM2P5,2024-06-15 19:32:34,19.159,27.12,OK,21.54,20.79,OK,22.82,22.5,OK,21.63,21.28,OK,21.8,21.31,OK,21.77,21.61,OK,22.92,22.45,OK,0,0,OK,0,0,,0,0,,15.36,OK,15.36,OK,15.36,OK,15.36,OK,15.36,OK,15.36,OK,0,OK,0,,15.36,OK,15.36,OK,15.36,OK,15.36,OK,15.36,OK,15.36,OK,15.36,OK,0,OK,0,,15.36,OK,,,,,,,,,,,,,,,,,,,,,,,,,,,,,,,,,,,,,,,,,,,,,,
2406150927C,NEW KAPPA IN 1.0,C,2024-06-15 19:30:11,19.175,28.01,OK,21.54,20.79,OK,22.82,22.5,OK,21.63,21.28,OK,21.8,21.31,OK,21.77,21.61,OK,22.92,22.45,OK,0,0,OK,0,0,,0,0,,15.36,OK,15.36,OK,15.36,OK,15.36,OK,15.36,OK,15.36,OK,0,OK,0,,15.36,OK,15.36,OK,15.36,OK,15.36,OK,15.36,OK,15.36,OK,15.36,OK,0,OK,0,,15.36,OK,,,,,,,,,,,,,,,,,,,,,,,,,,,,,,,,,,,,,,,,,,,,,,
2406150928C,NEW KAPPA IN 1.0,CM4P9,2024-06-15 19:34:06,19.192,38.67,OK,23.86,23.4,OK,23.49,22.78,OK,26.63,25.97,OK,23.93,23.4,OK,23.13,23.05,OK,23.84,23.46,OK,0,0,OK,0,0,,0,0,,0,OK,0,OK,0,OK,0,OK,0,OK,0,OK,0,OK,0,,0,OK,0,OK,0,OK,0,OK,0,OK,0,OK,0,OK,0,OK,0,,0,OK,,,,,,,,,,,,,,,,,,,,,,,,,,,,,,,,,,,,,,,,,,,,,,
2406150929C,NEW KAPPA IN 1.0,CM1P3,2024-06-15 19:35:23,19.193,38.62,OK,22.69,22.36,OK,22.2,21.76,OK,23.32,22.67,OK,22.88,22.55,OK,21.48,21.27,OK,22.34,21.83,OK,0,0,OK,0,0,,0,0,,5.7,OK,6.97,OK,7.41,OK,7.24,OK,7.47,OK,7.63,OK,0,OK,0,,0.23,OK,7.9,OK,7.34,OK,8,OK,7.51,OK,7.32,OK,8.05,OK,0,OK,0,,0.25,OK,,,,,,,,,,,,,,,,,,,,,,,,,,,,,,,,,,,,,,,,,,,,,,
2406150930C,NEW KAPPA IN 1.0,CM2P1,2024-06-15 19:35:43,19.192,37.83,OK,24.46,23.94,OK,23.99,23.55,OK,23.31,22.96,OK,23.78,23.5,OK,22.33,22.17,OK,21.8,21.4,OK,0,0,OK,0,0,,0,0,,15.36,OK,15.36,OK,15.36,OK,15.36,OK,15.36,OK,15.36,OK,0,OK,0,,15.36,OK,15.36,OK,15.36,OK,15.36,OK,15.36,OK,15.36,OK,15.36,OK,0,OK,0,,15.36,OK,,,,,,,,,,,,,,,,,,,,,,,,,,,,,,,,,,,,,,,,,,,,,,
22615-D3C,NEW KAPPA IN 1.0,CM3P8,2024-06-15 19:33:13,19.192,37.83,OK,21.59,20.79,OK,22.04,21.7,OK,24.48,23.78,OK,25.68,25.03,OK,25.64,25.57,OK,22.67,22.4,OK,0,0,OK,0,0,,0,0,,0,OK,0,OK,0,OK,0,OK,0,OK,0,OK,0,OK,0,,0,OK,0,OK,0,OK,0,OK,0,OK,0,OK,0,OK,0,OK,0,,0,OK,,,,,,,,,,,,,,,,,,,,,,,,,,,,,,,,,,,,,,,,,,,,,,
2406150931C,NEW KAPPA IN 1.0,CM3P6,2024-06-15 19:36:28,19.192,40.6,OK,25.5,24.94,OK,22.9,22.54,OK,24.96,24.23,OK,26.04,25.14,OK,26.29,26.11,OK,24.05,23.71,OK,0,0,OK,0,0,,0,0,,0,OK,0,OK,0,OK,0,OK,0,OK,0,OK,0,OK,0,,0,OK,0,OK,0,OK,0,OK,0,OK,0,OK,0,OK,0,OK,0,,0,OK,,,,,,,,,,,,,,,,,,,,,,,,,,,,,,,,,,,,,,,,,,,,,,
2406150932C,NEW KAPPA IN 1.0,CM4P4,2024-06-15 19:37:21,19.198,38.02,OK,25.84,25.22,OK,24.98,24.39,OK,26.13,25.84,OK,25.93,25.42,OK,23.64,23.57,OK,23.79,23.29,OK,0,0,OK,0,0,,0,0,,0,OK,0,OK,0,OK,0,OK,0,OK,0,OK,0,OK,0,,0,OK,0,OK,0,OK,0,OK,0,OK,0,OK,0,OK,0,OK,0,,0,OK,,,,,,,,,,,,,,,,,,,,,,,,,,,,,,,,,,,,,,,,,,,,,,
2406150933C,NEW KAPPA IN 1.0,CM1P2,2024-06-15 19:38:35,19.193,39.72,OK,23.74,23.44,OK,24,23.55,OK,23.18,22.6,OK,22.32,21.8,OK,23.25,23.13,OK,22.06,21.57,OK,0,0,OK,0,0,,0,0,,5.92,OK,7.43,OK,7.42,OK,7.5,OK,7.66,OK,7.58,OK,0,OK,0,,0.26,OK,7.66,OK,7.96,OK,7.47,OK,7.91,OK,7.97,OK,7.63,OK,0,OK,0,,0.17,OK,,,,,,,,,,,,,,,,,,,,,,,,,,,,,,,,,,,,,,,,,,,,,,
2406150934C,NEW KAPPA IN 1.0,CM2P5,2024-06-15 19:38:58,19.193,37.68,OK,23.92,23.29,OK,23.03,22.61,OK,21.59,21.35,OK,22.36,21.96,OK,21.94,21.82,OK,22.24,21.89,OK,0,0,OK,0,0,,0,0,,15.36,OK,15.36,OK,15.36,OK,15.36,OK,15.36,OK,15.36,OK,0,OK,0,,15.36,OK,15.36,OK,15.36,OK,15.36,OK,15.36,OK,15.36,OK,15.36,OK,0,OK,0,,15.36,OK,,,,,,,,,,,,,,,,,,,,,,,,,,,,,,,,,,,,,,,,,,,,,,
2406150935C,NEW KAPPA IN 1.0,C,2024-06-15 19:36:34,19.197,38.16,OK,23.92,23.29,OK,23.03,22.61,OK,21.59,21.35,OK,22.36,21.96,OK,21.94,21.82,OK,22.24,21.89,OK,0,0,OK,0,0,,0,0,,15.36,OK,15.36,OK,15.36,OK,15.36,OK,15.36,OK,15.36,OK,0,OK,0,,15.36,OK,15.36,OK,15.36,OK,15.36,OK,15.36,OK,15.36,OK,15.36,OK,0,OK,0,,15.36,OK,,,,,,,,,,,,,,,,,,,,,,,,,,,,,,,,,,,,,,,,,,,,,,
2406150936C,NEW KAPPA IN 1.0,CM4P9,2024-06-15 19:40:32,19.193,33.02,OK,22.94,22.19,OK,25.22,24.56,OK,25.53,25.16,OK,25.27,24.76,OK,24.52,24.41,OK,24.52,24.04,OK,0,0,OK,0,0,,0,0,,0,OK,0,OK,0,OK,0,OK,0,OK,0,OK,0,OK,0,,0,OK,0,OK,0,OK,0,OK,0,OK,0,OK,0,OK,0,OK,0,,0,OK,,,,,,,,,,,,,,,,,,,,,,,,,,,,,,,,,,,,,,,,,,,,,,
2406150937C,NEW KAPPA IN 1.0,CM1P3,2024-06-15 19:41:46,19.185,33.26,OK,22.64,22.2,OK,25.09,24.46,OK,23.48,22.85,OK,22.85,22.46,OK,23.88,23.67,OK,23.58,23.18,OK,0,0,OK,0,0,,0,0,,5.78,OK,7.24,OK,7.74,OK,7.46,OK,7.77,OK,8.06,OK,0,OK,0,,0.26,OK,7.87,OK,7.5,OK,8,OK,7.53,OK,7.71,OK,8.27,OK,0,OK,0,,0.17,OK,,,,,,,,,,,,,,,,,,,,,,,,,,,,,,,,,,,,,,,,,,,,,,
2406150938C,NEW KAPPA IN 1.0,CM2P1,2024-06-15 19:42:06,19.192,38.83,OK,24.69,24.13,OK,22.52,22.08,OK,21.42,21.05,OK,22.57,22.1,OK,22.64,22.47,OK,20.14,19.72,OK,0,0,OK,0,0,,0,0,,15.36,OK,15.36,OK,15.36,OK,15.36,OK,15.36,OK,15.36,OK,0,OK,0,,15.36,OK,15.36,OK,15.36,OK,15.36,OK,15.36,OK,15.36,OK,15.36,OK,0,OK,0,,15.36,OK,,,,,,,,,,,,,,,,,,,,,,,,,,,,,,,,,,,,,,,,,,,,,,
22617-D3C,NEW KAPPA IN 1.0,CM3P8,2024-06-15 19:39:37,19.192,38.83,OK,25.41,24.87,OK,23.51,23.13,OK,26.14,25.46,OK,26.36,25.57,OK,26.93,26.72,OK,24.48,24.12,OK,0,0,OK,0,0,,0,0,,0,OK,0,OK,0,OK,0,OK,0,OK,0,OK,0,OK,0,,0,OK,0,OK,0,OK,0,OK,0,OK,0,OK,0,OK,0,OK,0,,0,OK,,,,,,,,,,,,,,,,,,,,,,,,,,,,,,,,,,,,,,,,,,,,,,
2406150939C,NEW KAPPA IN 1.0,CM3P6,2024-06-15 19:42:52,19.193,32.38,OK,22.4,21.68,OK,22.31,21.97,OK,23.78,22.92,OK,25.77,25.12,OK,25.73,25.5,OK,23.26,22.94,OK,0,0,OK,0,0,,0,0,,0,OK,0,OK,0,OK,0,OK,0,OK,0,OK,0,OK,0,,0,OK,0,OK,0,OK,0,OK,0,OK,0,OK,0,OK,0,OK,0,,0,OK,,,,,,,,,,,,,,,,,,,,,,,,,,,,,,,,,,,,,,,,,,,,,,
2406150940C,NEW KAPPA IN 1.0,CM4P4,2024-06-15 19:43:44,19.189,39.76,OK,23.95,23.13,OK,24.08,23.57,OK,25.44,25.07,OK,24.48,23.93,OK,24.63,24.5,OK,24.76,24.28,OK,0,0,OK,0,0,,0,0,,0,OK,0,OK,0,OK,0,OK,0,OK,0,OK,0,OK,0,,0,OK,0,OK,0,OK,0,OK,0,OK,0,OK,0,OK,0,OK,0,,0,OK,,,,,,,,,,,,,,,,,,,,,,,,,,,,,,,,,,,,,,,,,,,,,,
2406150941C,NEW KAPPA IN 1.0,CM1P2,2024-06-15 19:44:55,19.199,30.47,OK,23.74,23.41,OK,24.35,24.02,OK,23.13,22.55,OK,23.44,22.9,OK,21.76,21.69,OK,22.74,22.29,OK,0,0,OK,0,0,,0,0,,5.77,OK,7.44,OK,7.2,OK,7.38,OK,7.41,OK,7.43,OK,0,OK,0,,0.28,OK,7.56,OK,7.53,OK,7.42,OK,8.09,OK,7.77,OK,7.41,OK,0,OK,0,,0.19,OK,,,,,,,,,,,,,,,,,,,,,,,,,,,,,,,,,,,,,,,,,,,,,,
2406150942C,NEW KAPPA IN 1.0,CM2P5,2024-06-15 19:45:18,19.191,32.03,OK,24.32,23.76,OK,23.06,22.59,OK,24.18,23.78,OK,21.84,21.47,OK,21.1,20.93,OK,22.22,21.96,OK,0,0,OK,0,0,,0,0,,15.36,OK,15.36,OK,15.36,OK,15.36,OK,15.36,OK,15.36,OK,0,OK,0,,15.36,OK,15.36,OK,15.36,OK,15.36,OK,15.36,OK,15.36,OK,15.36,OK,0,OK,0,,15.36,OK,,,,,,,,,,,,,,,,,,,,,,,,,,,,,,,,,,,,,,,,,,,,,,
2406150943C,NEW KAPPA IN 1.0,C,2024-06-15 19:42:55,19.147,28.83,OK,24.32,23.76,OK,23.06,22.59,OK,24.18,23.78,OK,21.84,21.47,OK,21.1,20.93,OK,22.22,21.96,OK,0,0,OK,0,0,,0,0,,15.36,OK,15.36,OK,15.36,OK,15.36,OK,15.36,OK,15.36,OK,0,OK,0,,15.36,OK,15.36,OK,15.36,OK,15.36,OK,15.36,OK,15.36,OK,15.36,OK,0,OK,0,,15.36,OK,,,,,,,,,,,,,,,,,,,,,,,,,,,,,,,,,,,,,,,,,,,,,,
2406150944C,NEW KAPPA IN 1.0,CM4P9,2024-06-15 19:46:46,18.987,25.32,OK,22.87,22.39,OK,25.31,24.74,OK,26.92,26.46,OK,24.45,24.12,OK,24.28,24.26,OK,24.76,24.28,OK,0,0,OK,0,0,,0,0,,0,OK,0,OK,0,OK,0,OK,0,OK,0,OK,0,OK,0,,0,OK,0,OK,0,OK,0,OK,0,OK,0,OK,0,OK,0,OK,0,,0,OK,,,,,,,,,,,,,,,,,,,,,,,,,,,,,,,,,,,,,,,,,,,,,,
2406150945C,NEW KAPPA IN 1.0,CM1P3,2024-06-15 19:48:10,19.004,31.55,OK,23.41,23.09,OK,24.39,23.83,OK,24.07,23.62,OK,23.48,23.16,OK,23.25,23.18,OK,22.81,22.29,OK,0,0,OK,0,0,,0,0,,5.85,OK,7.23,OK,8.04,OK,7.37,OK,7.87,OK,7.61,OK,0,OK,0,,0.3,OK,7.82,OK,7.44,OK,8.02,OK,7.56,OK,8.65,OK,7.88,OK,0,OK,0,,0.22,OK,,,,,,,,,,,,,,,,,,,,,,,,,,,,,,,,,,,,,,,,,,,,,,
2406150946C,NEW KAPPA IN 1.0,CM2P1,2024-06-15 19:48:30,19.196,31.42,OK,22.22,21.61,OK,23.22,22.89,OK,21.96,21.59,OK,21.68,21.26,OK,22.01,21.84,OK,21.14,20.63,OK,0,0,OK,0,0,,0,0,,15.36,OK,15.36,OK,15.36,OK,15.36,OK,15.36,OK,15.36,OK,0,OK,0,,15.36,OK,15.36,OK,15.36,OK,15.36,OK,15.36,OK,15.36,OK,15.36,OK,0,OK,0,,15.36,OK,,,,,,,,,,,,,,,,,,,,,,,,,,,,,,,,,,,,,,,,,,,,,,
22619-D3C,NEW KAPPA IN 1.0,CM3P8,2024-06-15 19:45:57,19.196,31.42,OK,24.6,24.19,OK,23.67,23.33,OK,25.59,24.89,OK,26.7,25.8,OK,25.46,25.39,OK,23.85,23.6,OK,0,0,OK,0,0,,0,0,,0,OK,0,OK,0,OK,0,OK,0,OK,0,OK,0,OK,0,,0,OK,0,OK,0,OK,0,OK,0,OK,0,OK,0,OK,0,OK,0,,0,OK,,,,,,,,,,,,,,,,,,,,,,,,,,,,,,,,,,,,,,,,,,,,,,
2406150947C,NEW KAPPA IN 1.0,C,2024-06-15 19:46:00,19.032,29.96,OK,24.6,24.19,OK,23.67,23.33,OK,25.59,24.89,OK,26.7,25.8,OK,25.46,25.39,OK,23.85,23.6,OK,0,0,OK,0,0,,0,0,,0,OK,0,OK,0,OK,0,OK,0,OK,0,OK,0,OK,0,,0,OK,0,OK,0,OK,0,OK,0,OK,0,OK,0,OK,0,OK,0,,0,OK,,,,,,,,,,,,,,,,,,,,,,,,,,,,,,,,,,,,,,,,,,,,,,
2406150948C,NEW KAPPA IN 1.0,CM4P5,2024-06-15 19:57:13,19.032,29.96,OK,25.51,25.09,OK,26.1,25.6,OK,26.92,26.46,OK,25.4,25.03,OK,24.87,24.76,OK,24.74,24.3,OK,0,0,OK,0,0,,0,0,,0,OK,0,OK,0,OK,0,OK,0,OK,0,OK,0,OK,0,,0,OK,0,OK,0,OK,0,OK,0,OK,0,OK,0,OK,0,OK,0,,0,OK,,,,,,,,,,,,,,,,,,,,,,,,,,,,,,,,,,,,,,,,,,,,,,
2406150949C,NEW KAPPA IN 1.0,CM1P4,2024-06-15 19:56:17,19.062,25.95,OK,21.87,21.41,OK,23.27,22.71,OK,22.25,21.66,OK,22.18,21.85,OK,21.64,21.55,OK,22.5,22.25,OK,0,0,OK,0,0,,0,0,,5.65,OK,7.03,OK,7.4,OK,7.22,OK,7.63,OK,7.64,OK,0,OK,0,,0.18,OK,7.84,OK,7.39,OK,7.92,OK,7.65,OK,7.49,OK,8.69,OK,0,OK,0,,0.15,OK,,,,,,,,,,,,,,,,,,,,,,,,,,,,,,,,,,,,,,,,,,,,,,
2406150950C,NEW KAPPA IN 1.0,CM2P2,2024-06-15 19:56:37,18.908,25.83,OK,22.08,21.28,OK,23.59,23.03,OK,22.61,22.19,OK,22.47,22.1,OK,22.17,22.03,OK,21.54,21.24,OK,0,0,OK,0,0,,0,0,,15.36,OK,15.36,OK,15.36,OK,15.36,OK,15.36,OK,15.36,OK,0,OK,0,,15.36,OK,15.36,OK,15.36,OK,15.36,OK,15.36,OK,15.36,OK,15.36,OK,0,OK,0,,15.36,OK,,,,,,,,,,,,,,,,,,,,,,,,,,,,,,,,,,,,,,,,,,,,,,
2406150951C,NEW KAPPA IN 1.0,CM3P6,2024-06-15 19:55:29,19.184,31.97,OK,23.53,23.03,OK,21.95,21.56,OK,23.96,23.15,OK,25.75,24.82,OK,25.32,25.16,OK,22.9,22.56,OK,0,0,OK,0,0,,0,0,,0,OK,0,OK,0,OK,0,OK,0,OK,0,OK,0,OK,0,,0,OK,0,OK,0,OK,0,OK,0,OK,0,OK,0,OK,0,OK,0,,0,OK,,,,,,,,,,,,,,,,,,,,,,,,,,,,,,,,,,,,,,,,,,,,,,
2406150952C,NEW KAPPA IN 1.0,CM3P8,2024-06-15 19:58:15,19.121,31.01,OK,25.73,25,OK,25.16,24.75,OK,24.85,24.08,OK,25.89,25.16,OK,27.97,27.83,OK,24.35,24.03,OK,0,0,OK,0,0,,0,0,,0,OK,0,OK,0,OK,0,OK,0,OK,0,OK,0,OK,0,,0,OK,0,OK,0,OK,0,OK,0,OK,0,OK,0,OK,0,OK,0,,0,OK,,,,,,,,,,,,,,,,,,,,,,,,,,,,,,,,,,,,,,,,,,,,,,
2406150953C,NEW KAPPA IN 1.0,CM1P3,2024-06-15 19:59:29,19.196,31.37,OK,24.23,23.86,OK,24.16,23.62,OK,23.86,23.32,OK,23.13,22.53,OK,23.18,23.04,OK,22.78,22.53,OK,0,0,OK,0,0,,0,0,,5.81,OK,7.18,OK,7.22,OK,7.39,OK,8.03,OK,7.46,OK,0,OK,0,,0.19,OK,7.66,OK,7.77,OK,7.49,OK,7.5,OK,7.99,OK,7.68,OK,0,OK,0,,0.16,OK,,,,,,,,,,,,,,,,,,,,,,,,,,,,,,,,,,,,,,,,,,,,,,
2406150954C,NEW KAPPA IN 1.0,CM2P1,2024-06-15 19:59:52,18.567,24.73,OK,23.5,22.99,OK,23.71,23.38,OK,24.2,23.85,OK,23.24,22.8,OK,21.75,21.68,OK,21.75,21.49,OK,0,0,OK,0,0,,0,0,,15.36,OK,15.36,OK,15.36,OK,15.36,OK,15.36,OK,15.36,OK,0,OK,0,,15.36,OK,15.36,OK,15.36,OK,15.36,OK,15.36,OK,15.36,OK,15.36,OK,0,OK,0,,15.36,OK,,,,,,,,,,,,,,,,,,,,,,,,,,,,,,,,,,,,,,,,,,,,,,
2406150955C,NEW KAPPA IN 1.0,CM4P9,2024-06-15 20:00:35,19.193,32.62,OK,20.56,19.88,OK,24.06,23.4,OK,24.5,23.95,OK,23.99,23.53,OK,22.76,22.72,OK,23.4,22.94,OK,0,0,OK,0,0,,0,0,,0,OK,0,OK,0,OK,0,OK,0,OK,0,OK,0,OK,0,,0,OK,0,OK,0,OK,0,OK,0,OK,0,OK,0,OK,0,OK,0,,0,OK,,,,,,,,,,,,,,,,,,,,,,,,,,,,,,,,,,,,,,,,,,,,,,
2406150956C,NEW KAPPA IN 1.0,CM3P6,2024-06-15 20:01:14,19.152,31.66,OK,24.46,23.96,OK,24.19,23.83,OK,24.71,23.85,OK,25.16,24.46,OK,25.84,25.75,OK,23.74,23.44,OK,0,0,OK,0,0,,0,0,,0,OK,0,OK,0,OK,0,OK,0,OK,0,OK,0,OK,0,,0,OK,0,OK,0,OK,0,OK,0,OK,0,OK,0,OK,0,OK,0,,0,OK,,,,,,,,,,,,,,,,,,,,,,,,,,,,,,,,,,,,,,,,,,,,,,
2406150957C,NEW KAPPA IN 1.0,CM1P4,2024-06-15 20:02:41,19.196,31.48,OK,22.39,22.08,OK,22.46,22.04,OK,22.36,21.97,OK,22.08,21.78,OK,22.25,22.15,OK,22.32,21.99,OK,0,0,OK,0,0,,0,0,,5.71,OK,7.02,OK,7.36,OK,7.56,OK,7.49,OK,7.51,OK,0,OK,0,,0.2,OK,8.04,OK,7.36,OK,7.97,OK,7.63,OK,7.56,OK,7.55,OK,0,OK,0,,0.23,OK,,,,,,,,,,,,,,,,,,,,,,,,,,,,,,,,,,,,,,,,,,,,,,
2406150958C,NEW KAPPA IN 1.0,CM2P2,2024-06-15 20:03:01,19.171,32.48,OK,25.06,24.43,OK,22.71,22.26,OK,23.17,22.85,OK,23.55,23.1,OK,22.61,22.5,OK,21.28,20.84,OK,0,0,OK,0,0,,0,0,,15.36,OK,15.36,OK,15.36,OK,15.36,OK,15.36,OK,15.36,OK,0,OK,0,,15.36,OK,15.36,OK,15.36,OK,15.36,OK,15.36,OK,15.36,OK,15.36,OK,0,OK,0,,15.36,OK,,,,,,,,,,,,,,,,,,,,,,,,,,,,,,,,,,,,,,,,,,,,,,
2406150959C,NEW KAPPA IN 1.0,CM4P5,2024-06-15 20:03:46,19.194,31.83,OK,23.13,22.47,OK,25.14,24.43,OK,27.18,26.79,OK,25.29,24.74,OK,24.1,23.97,OK,23.97,23.57,OK,0,0,OK,0,0,,0,0,,0,OK,0,OK,0,OK,0,OK,0,OK,0,OK,0,OK,0,,0,OK,0,OK,0,OK,0,OK,0,OK,0,OK,0,OK,0,OK,0,,0,OK,,,,,,,,,,,,,,,,,,,,,,,,,,,,,,,,,,,,,,,,,,,,,,
2406150960C,NEW KAPPA IN 1.0,CM3P8,2024-06-15 20:04:29,19.172,27.2,OK,23.28,22.72,OK,23.67,23.24,OK,26.75,25.95,OK,25.25,24.6,OK,26.88,26.72,OK,23.96,23.78,OK,0,0,OK,0,0,,0,0,,0,OK,0,OK,0,OK,0,OK,0,OK,0,OK,0,OK,0,,0,OK,0,OK,0,OK,0,OK,0,OK,0,OK,0,OK,0,OK,0,,0,OK,,,,,,,,,,,,,,,,,,,,,,,,,,,,,,,,,,,,,,,,,,,,,,
2406150961C,NEW KAPPA IN 1.0,CM1P3,2024-06-15 20:05:53,19.112,26.93,OK,23.25,22.95,OK,23.3,22.95,OK,22.9,22.36,OK,23.48,23.06,OK,22.6,22.46,OK,21.97,21.66,OK,0,0,OK,0,0,,0,0,,5.81,OK,7.16,OK,7.58,OK,7.36,OK,7.82,OK,7.61,OK,0,OK,0,,0.29,OK,7.72,OK,7.69,OK,7.63,OK,7.52,OK,8.4,OK,8.02,OK,0,OK,0,,0.26,OK,,,,,,,,,,,,,,,,,,,,,,,,,,,,,,,,,,,,,,,,,,,,,,
2406150962C,NEW KAPPA IN 1.0,CM1P1,2024-06-15 21:06:59,19.192,31.38,OK,23.25,22.95,OK,23.06,22.76,OK,22.46,21.87,OK,21.94,21.66,OK,20.94,20.87,OK,21.76,21.38,OK,0,0,OK,0,0,,0,0,,5.64,OK,7,OK,7.25,OK,7.38,OK,7.33,OK,7.47,OK,0,OK,0,,0.19,OK,7.84,OK,7.51,OK,7.29,OK,8.23,OK,7.9,OK,7.71,OK,0,OK,0,,0.22,OK,,,,,,,,,,,,,,,,,,,,,,,,,,,,,,,,,,,,,,,,,,,,,,
2406150963C,NEW KAPPA IN 1.0,CM2P9,2024-06-15 21:07:25,19.155,27.23,OK,23.31,22.82,OK,22.12,21.75,OK,22.15,21.8,OK,22.64,22.36,OK,21,20.79,OK,22.24,21.84,OK,0,0,OK,0,0,,0,0,,15.36,OK,15.36,OK,15.36,OK,15.36,OK,15.36,OK,15.36,OK,0,OK,0,,15.36,OK,15.36,OK,15.36,OK,15.36,OK,15.36,OK,15.36,OK,15.36,OK,0,OK,0,,15.36,OK,,,,,,,,,,,,,,,,,,,,,,,,,,,,,,,,,,,,,,,,,,,,,,
2406150964C,NEW KAPPA IN 1.0,CM3P6,2024-06-15 21:07:58,19.162,29.17,OK,24.03,23.42,OK,22.6,22.17,OK,24.91,24.21,OK,25.28,24.39,OK,26.11,26.02,OK,22.6,22.31,OK,0,0,OK,0,0,,0,0,,0,OK,0,OK,0,OK,0,OK,0,OK,0,OK,0,OK,0,,0,OK,0,OK,0,OK,0,OK,0,OK,0,OK,0,OK,0,OK,0,,0,OK,,,,,,,,,,,,,,,,,,,,,,,,,,,,,,,,,,,,,,,,,,,,,,
2406150965C,NEW KAPPA IN 1.0,CM4P4,2024-06-15 21:08:50,19.165,28.07,OK,21.44,20.87,OK,23.57,22.94,OK,24.74,24.41,OK,23.02,22.56,OK,23.71,23.57,OK,21.86,21.46,OK,0,0,OK,0,0,,0,0,,0,OK,0,OK,0,OK,0,OK,0,OK,0,OK,0,OK,0,,0,OK,0,OK,0,OK,0,OK,0,OK,0,OK,0,OK,0,OK,0,,0,OK,,,,,,,,,,,,,,,,,,,,,,,,,,,,,,,,,,,,,,,,,,,,,,
2406150966C,NEW KAPPA IN 1.0,CM1P3,2024-06-15 21:10:10,19.169,31.47,OK,21.78,21.31,OK,22.64,22.13,OK,23.41,22.88,OK,23.09,22.81,OK,22.57,22.5,OK,22.78,22.48,OK,0,0,OK,0,0,,0,0,,5.83,OK,7.14,OK,7.15,OK,7.21,OK,7.48,OK,7.67,OK,0,OK,0,,0.19,OK,7.52,OK,7.76,OK,7.62,OK,7.5,OK,7.39,OK,8.47,OK,0,OK,0,,0.25,OK,,,,,,,,,,,,,,,,,,,,,,,,,,,,,,,,,,,,,,,,,,,,,,
2406150967C,NEW KAPPA IN 1.0,CM2P2,2024-06-15 21:10:30,19.137,29.81,OK,23.34,22.68,OK,22.61,22.22,OK,22.99,22.52,OK,22.57,22.12,OK,22.38,22.15,OK,22.94,22.66,OK,0,0,OK,0,0,,0,0,,15.36,OK,15.36,OK,15.36,OK,15.36,OK,15.36,OK,15.36,OK,0,OK,0,,15.36,OK,15.36,OK,15.36,OK,15.36,OK,15.36,OK,15.36,OK,15.36,OK,0,OK,0,,15.36,OK,,,,,,,,,,,,,,,,,,,,,,,,,,,,,,,,,,,,,,,,,,,,,,
2406150968C,NEW KAPPA IN 1.0,CM3P8,2024-06-15 21:11:06,19.086,25.97,OK,22.08,21.41,OK,23.24,22.83,OK,25.28,24.48,OK,24.62,23.83,OK,26.54,26.36,OK,24.12,23.85,OK,0,0,OK,0,0,,0,0,,0,OK,0,OK,0,OK,0,OK,0,OK,0,OK,0,OK,0,,0,OK,0,OK,0,OK,0,OK,0,OK,0,OK,0,OK,0,OK,0,,0,OK,,,,,,,,,,,,,,,,,,,,,,,,,,,,,,,,,,,,,,,,,,,,,,
2406150969C,NEW KAPPA IN 1.0,CM4P5,2024-06-15 21:11:58,18.95,28.98,OK,22.74,22.03,OK,24.63,24.01,OK,27.86,27.56,OK,24.56,24.17,OK,25.44,25.42,OK,23.64,23.16,OK,0,0,OK,0,0,,0,0,,0,OK,0,OK,0,OK,0,OK,0,OK,0,OK,0,OK,0,,0,OK,0,OK,0,OK,0,OK,0,OK,0,OK,0,OK,0,OK,0,,0,OK,,,,,,,,,,,,,,,,,,,,,,,,,,,,,,,,,,,,,,,,,,,,,,
2406150970C,NEW KAPPA IN 1.0,CM1P1,2024-06-15 21:13:19,18.508,26.87,OK,20.99,20.66,OK,23.62,23.25,OK,24.14,23.48,OK,23.27,22.81,OK,21.59,21.48,OK,21.08,20.73,OK,0,0,OK,0,0,,0,0,,5.6,OK,7.1,OK,7.59,OK,7.24,OK,7.45,OK,7.56,OK,0,OK,0,,0.17,OK,7.5,OK,7.32,OK,7.78,OK,7.61,OK,7.51,OK,7.41,OK,0,OK,0,,0.16,OK,,,,,,,,,,,,,,,,,,,,,,,,,,,,,,,,,,,,,,,,,,,,,,
2406150971C,NEW KAPPA IN 1.0,CM2P9,2024-06-15 21:13:42,18.978,31.87,OK,19.91,19.23,OK,22.8,22.43,OK,21.7,21.33,OK,20.91,20.51,OK,20.33,20.23,OK,20.09,19.67,OK,0,0,OK,0,0,,0,0,,15.36,OK,15.36,OK,15.36,OK,15.36,OK,15.36,OK,15.36,OK,0,OK,0,,15.36,OK,15.36,OK,15.36,OK,15.36,OK,15.36,OK,15.36,OK,15.36,OK,0,OK,0,,15.36,OK,,,,,,,,,,,,,,,,,,,,,,,,,,,,,,,,,,,,,,,,,,,,,,
2406150972C,NEW KAPPA IN 1.0,CM3P6,2024-06-15 21:14:24,19.085,31.26,OK,21.43,20.77,OK,22.51,22.24,OK,24.37,23.62,OK,24.6,23.78,OK,25.71,25.52,OK,22.85,22.56,OK,0,0,OK,0,0,,0,0,,0,OK,0,OK,0,OK,0,OK,0,OK,0,OK,0,OK,0,,0,OK,0,OK,0,OK,0,OK,0,OK,0,OK,0,OK,0,OK,0,,0,OK,,,,,,,,,,,,,,,,,,,,,,,,,,,,,,,,,,,,,,,,,,,,,,
2406150973C,NEW KAPPA IN 1.0,CM4P4,2024-06-15 21:15:13,19.085,31.26,OK,22.78,22.19,OK,23.84,23.11,OK,25.91,25.51,OK,24.65,24.17,OK,25.03,25.03,OK,23.84,23.42,OK,0,0,OK,0,0,,0,0,,0,OK,0,OK,0,OK,0,OK,0,OK,0,OK,0,OK,0,,0,OK,0,OK,0,OK,0,OK,0,OK,0,OK,0,OK,0,OK,0,,0,OK,,,,,,,,,,,,,,,,,,,,,,,,,,,,,,,,,,,,,,,,,,,,,,
2406150974C,NEW KAPPA IN 1.0,CM1P3,2024-06-15 21:16:31,18.369,31.28,OK,23.41,23.11,OK,23.32,23.04,OK,22.34,21.71,OK,22.92,22.46,OK,21.73,21.66,OK,21.69,21.36,OK,0,0,OK,0,0,,0,0,,5.67,OK,7.01,OK,7.27,OK,7.73,OK,7.42,OK,7.51,OK,0,OK,0,,0.26,OK,7.9,OK,7.36,OK,7.26,OK,7.93,OK,7.64,OK,7.43,OK,0,OK,0,,0.17,OK,,,,,,,,,,,,,,,,,,,,,,,,,,,,,,,,,,,,,,,,,,,,,,
2406150975C,NEW KAPPA IN 1.0,CM2P2,2024-06-15 21:16:54,18.511,30.2,OK,22.99,22.36,OK,25.09,24.69,OK,22.64,22.17,OK,22.71,22.22,OK,21.59,21.47,OK,20.63,20.35,OK,0,0,OK,0,0,,0,0,,15.36,OK,15.36,OK,15.36,OK,15.36,OK,15.36,OK,15.36,OK,0,OK,0,,15.36,OK,15.36,OK,15.36,OK,15.36,OK,15.36,OK,15.36,OK,15.36,OK,0,OK,0,,15.36,OK,,,,,,,,,,,,,,,,,,,,,,,,,,,,,,,,,,,,,,,,,,,,,,
2406150976C,NEW KAPPA IN 1.0,CM3P8,2024-06-15 21:17:33,18.577,29.12,OK,23.08,22.56,OK,23.42,23.17,OK,24.82,24.05,OK,25.05,24.48,OK,25.82,25.68,OK,23.99,23.71,OK,0,0,OK,0,0,,0,0,,0,OK,0,OK,0,OK,0,OK,0,OK,0,OK,0,OK,0,,0,OK,0,OK,0,OK,0,OK,0,OK,0,OK,0,OK,0,OK,0,,0,OK,,,,,,,,,,,,,,,,,,,,,,,,,,,,,,,,,,,,,,,,,,,,,,
2406150977C,NEW KAPPA IN 1.0,CM4P5,2024-06-15 21:18:19,18.564,30.71,OK,23.18,22.56,OK,24.15,23.46,OK,26.7,26.32,OK,25.75,25.29,OK,24.19,24.08,OK,23.35,22.94,OK,0,0,OK,0,0,,0,0,,0,OK,0,OK,0,OK,0,OK,0,OK,0,OK,0,OK,0,,0,OK,0,OK,0,OK,0,OK,0,OK,0,OK,0,OK,0,OK,0,,0,OK,,,,,,,,,,,,,,,,,,,,,,,,,,,,,,,,,,,,,,,,,,,,,,
2406150978C,NEW KAPPA IN 1.0,CM1P1,2024-06-15 21:19:42,18.473,27.18,OK,21.97,21.64,OK,22.76,22.46,OK,21.87,21.31,OK,21.45,21.22,OK,21.69,21.62,OK,21.06,20.82,OK,0,0,OK,0,0,,0,0,,5.61,OK,6.93,OK,7.14,OK,7.37,OK,7.84,OK,7.43,OK,0,OK,0,,0.22,OK,8.31,OK,7.48,OK,7.34,OK,7.42,OK,8.23,OK,7.88,OK,0,OK,0,,0.16,OK,,,,,,,,,,,,,,,,,,,,,,,,,,,,,,,,,,,,,,,,,,,,,,
2406150979C,NEW KAPPA IN 1.0,CM2P9,2024-06-15 21:20:05,18.701,28.66,OK,23.13,22.47,OK,22.75,22.26,OK,23.34,22.94,OK,23.2,22.8,OK,22.85,22.66,OK,21.87,21.59,OK,0,0,OK,0,0,,0,0,,15.36,OK,15.36,OK,15.36,OK,15.36,OK,15.36,OK,15.36,OK,0,OK,0,,15.36,OK,15.36,OK,15.36,OK,15.36,OK,15.36,OK,15.36,OK,15.36,OK,0,OK,0,,15.36,OK,,,,,,,,,,,,,,,,,,,,,,,,,,,,,,,,,,,,,,,,,,,,,,
2406150980C,NEW KAPPA IN 1.0,CM3P6,2024-06-15 21:20:41,18.577,29.65,OK,23.17,22.67,OK,23.51,23.17,OK,26.04,25.09,OK,26.41,25.61,OK,27.13,27.02,OK,24.3,24.03,OK,0,0,OK,0,0,,0,0,,0,OK,0,OK,0,OK,0,OK,0,OK,0,OK,0,OK,0,,0,OK,0,OK,0,OK,0,OK,0,OK,0,OK,0,OK,0,OK,0,,0,OK,,,,,,,,,,,,,,,,,,,,,,,,,,,,,,,,,,,,,,,,,,,,,,
2406150981C,NEW KAPPA IN 1.0,CM4P4,2024-06-15 21:21:27,18.844,27.88,OK,21.75,21.33,OK,24.85,24.3,OK,24.98,24.56,OK,24.19,23.73,OK,24.1,24.06,OK,23.49,23.18,OK,0,0,OK,0,0,,0,0,,0,OK,0,OK,0,OK,0,OK,0,OK,0,OK,0,OK,0,,0,OK,0,OK,0,OK,0,OK,0,OK,0,OK,0,OK,0,OK,0,,0,OK,,,,,,,,,,,,,,,,,,,,,,,,,,,,,,,,,,,,,,,,,,,,,,
2406150982C,NEW KAPPA IN 1.0,CM1P3,2024-06-15 21:22:54,18.442,26.61,OK,21.13,20.8,OK,22.76,22.22,OK,23.27,22.88,OK,22.22,21.83,OK,21.22,21.01,OK,22.32,21.87,OK,0,0,OK,0,0,,0,0,,5.79,OK,7.28,OK,7.24,OK,7.16,OK,7.6,OK,7.88,OK,0,OK,0,,0.2,OK,7.46,OK,7.65,OK,7.59,OK,7.33,OK,7.42,OK,8.1,OK,0,OK,0,,0.16,OK,,,,,,,,,,,,,,,,,,,,,,,,,,,,,,,,,,,,,,,,,,,,,,
2406150983C,NEW KAPPA IN 1.0,CM2P2,2024-06-15 21:23:14,19.13,32.58,OK,24.04,23.57,OK,23.48,22.99,OK,23.31,22.96,OK,22.78,22.22,OK,22.31,22.22,OK,21.17,20.75,OK,0,0,OK,0,0,,0,0,,15.36,OK,15.36,OK,15.36,OK,15.36,OK,15.36,OK,15.36,OK,0,OK,0,,15.36,OK,15.36,OK,15.36,OK,15.36,OK,15.36,OK,15.36,OK,15.36,OK,0,OK,0,,15.36,OK,,,,,,,,,,,,,,,,,,,,,,,,,,,,,,,,,,,,,,,,,,,,,,
2406150984C,NEW KAPPA IN 1.0,CM3P8,2024-06-15 21:23:50,19.104,27.05,OK,21.45,20.7,OK,22.72,22.38,OK,25.37,24.64,OK,25.52,24.73,OK,26.34,26.23,OK,23.71,23.4,OK,0,0,OK,0,0,,0,0,,0,OK,0,OK,0,OK,0,OK,0,OK,0,OK,0,OK,0,,0,OK,0,OK,0,OK,0,OK,0,OK,0,OK,0,OK,0,OK,0,,0,OK,,,,,,,,,,,,,,,,,,,,,,,,,,,,,,,,,,,,,,,,,,,,,,
2406150985C,NEW KAPPA IN 1.0,CM4P5,2024-06-15 21:24:42,19.104,27.05,OK,22.36,21.62,OK,24.08,23.24,OK,25.66,25.03,OK,24.41,23.82,OK,23.09,22.98,OK,23.57,23.18,OK,0,0,OK,0,0,,0,0,,0,OK,0,OK,0,OK,0,OK,0,OK,0,OK,0,OK,0,,0,OK,0,OK,0,OK,0,OK,0,OK,0,OK,0,OK,0,OK,0,,0,OK,,,,,,,,,,,,,,,,,,,,,,,,,,,,,,,,,,,,,,,,,,,,,,
2406150986C,NEW KAPPA IN 1.0,CM1P1,2024-06-15 21:26:06,18.561,26.92,OK,21.52,21.13,OK,23.13,22.81,OK,22.64,22.2,OK,22.32,22.01,OK,21.76,21.73,OK,22.5,22.2,OK,0,0,OK,0,0,,0,0,,5.65,OK,7.17,OK,7.1,OK,7.33,OK,7.51,OK,7.71,OK,0,OK,0,,0.23,OK,7.46,OK,8.46,OK,7.67,OK,7.37,OK,7.56,OK,7.51,OK,0,OK,0,,0.16,OK,,,,,,,,,,,,,,,,,,,,,,,,,,,,,,,,,,,,,,,,,,,,,,
2406150987C,NEW KAPPA IN 1.0,CM2P9,2024-06-15 21:26:26,19.099,29.36,OK,24.55,24.11,OK,22.71,22.33,OK,22.64,22.29,OK,21.66,21.35,OK,22.43,22.36,OK,21.61,21.33,OK,0,0,OK,0,0,,0,0,,15.36,OK,15.36,OK,15.36,OK,15.36,OK,15.36,OK,15.36,OK,0,OK,0,,15.36,OK,15.36,OK,15.36,OK,15.36,OK,15.36,OK,15.36,OK,15.36,OK,0,OK,0,,15.36,OK,,,,,,,,,,,,,,,,,,,,,,,,,,,,,,,,,,,,,,,,,,,,,,
2406150988C,NEW KAPPA IN 1.0,CM3P6,2024-06-15 21:27:08,18.203,26.77,OK,22.45,21.74,OK,21.72,21.29,OK,24.1,23.35,OK,24.75,23.96,OK,26.54,26.38,OK,23.33,23.06,OK,0,0,OK,0,0,,0,0,,0,OK,0,OK,0,OK,0,OK,0,OK,0,OK,0,OK,0,,0,OK,0,OK,0,OK,0,OK,0,OK,0,OK,0,OK,0,OK,0,,0,OK,,,,,,,,,,,,,,,,,,,,,,,,,,,,,,,,,,,,,,,,,,,,,,
2406150989C,NEW KAPPA IN 1.0,CM4P4,2024-06-15 21:28:00,18.154,26.91,OK,22.36,21.84,OK,22.89,22.41,OK,26.5,26.17,OK,23.13,22.54,OK,23.53,23.44,OK,22.85,22.45,OK,0,0,OK,0,0,,0,0,,0,OK,0,OK,0,OK,0,OK,0,OK,0,OK,0,OK,0,,0,OK,0,OK,0,OK,0,OK,0,OK,0,OK,0,OK,0,OK,0,,0,OK,,,,,,,,,,,,,,,,,,,,,,,,,,,,,,,,,,,,,,,,,,,,,,
2406150990C,NEW KAPPA IN 1.0,CM1P3,2024-06-15 21:29:18,18.159,27.68,OK,19.91,19.49,OK,23.37,22.97,OK,23.79,23.13,OK,21.57,21.17,OK,21.59,21.57,OK,21.73,21.24,OK,0,0,OK,0,0,,0,0,,5.62,OK,7.09,OK,7.82,OK,7.17,OK,7.48,OK,7.52,OK,0,OK,0,,0.15,OK,7.34,OK,7.27,OK,7.6,OK,7.28,OK,7.5,OK,7.44,OK,0,OK,0,,0.2,OK,,,,,,,,,,,,,,,,,,,,,,,,,,,,,,,,,,,,,,,,,,,,,,
2406150991C,NEW KAPPA IN 1.0,CM2P2,2024-06-15 21:29:37,18.21,28.06,OK,23.1,22.59,OK,22.85,22.47,OK,23.03,22.64,OK,21.1,20.68,OK,20.51,20.42,OK,22.1,21.75,OK,0,0,OK,0,0,,0,0,,15.36,OK,15.36,OK,15.36,OK,15.36,OK,15.36,OK,15.36,OK,0,OK,0,,15.36,OK,15.36,OK,15.36,OK,15.36,OK,15.36,OK,15.36,OK,15.36,OK,0,OK,0,,15.36,OK,,,,,,,,,,,,,,,,,,,,,,,,,,,,,,,,,,,,,,,,,,,,,,
2406150992C,NEW KAPPA IN 1.0,CM3P8,2024-06-15 21:30:23,18.521,28.38,OK,22.42,21.86,OK,23.15,22.72,OK,24.21,23.4,OK,25.16,24.12,OK,26,25.86,OK,23.1,22.76,OK,0,0,OK,0,0,,0,0,,0,OK,0,OK,0,OK,0,OK,0,OK,0,OK,0,OK,0,,0,OK,0,OK,0,OK,0,OK,0,OK,0,OK,0,OK,0,OK,0,,0,OK,,,,,,,,,,,,,,,,,,,,,,,,,,,,,,,,,,,,,,,,,,,,,,
2406150993C,NEW KAPPA IN 1.0,CM4P5,2024-06-15 21:31:09,18.635,29,OK,23,22.43,OK,24.74,24.15,OK,25.11,24.61,OK,22.21,21.66,OK,23.16,23.05,OK,21.4,21.09,OK,0,0,OK,0,0,,0,0,,0,OK,0,OK,0,OK,0,OK,0,OK,0,OK,0,OK,0,,0,OK,0,OK,0,OK,0,OK,0,OK,0,OK,0,OK,0,OK,0,,0,OK,,,,,,,,,,,,,,,,,,,,,,,,,,,,,,,,,,,,,,,,,,,,,,
2406150994C,NEW KAPPA IN 1.0,CM1P1,2024-06-15 21:32:29,19.197,26.63,OK,19.4,19.14,OK,22.6,22.29,OK,21.9,21.34,OK,21.9,21.48,OK,21.55,21.52,OK,21.87,21.41,OK,0,0,OK,0,0,,0,0,,5.61,OK,7.02,OK,7.34,OK,7.17,OK,7.44,OK,7.48,OK,0,OK,0,,0.19,OK,7.54,OK,7.31,OK,8.03,OK,7.57,OK,7.49,OK,7.34,OK,0,OK,0,,0.18,OK,,,,,,,,,,,,,,,,,,,,,,,,,,,,,,,,,,,,,,,,,,,,,,
2406150995C,NEW KAPPA IN 1.0,CM2P9,2024-06-15 21:32:49,18.695,30.31,OK,22.01,21.24,OK,22.59,22.22,OK,21.17,20.84,OK,21.68,21.28,OK,20.68,20.54,OK,20.21,19.84,OK,0,0,OK,0,0,,0,0,,15.36,OK,15.36,OK,15.36,OK,15.36,OK,15.36,OK,15.36,OK,0,OK,0,,15.36,OK,15.36,OK,15.36,OK,15.36,OK,15.36,OK,15.36,OK,15.36,OK,0,OK,0,,15.36,OK,,,,,,,,,,,,,,,,,,,,,,,,,,,,,,,,,,,,,,,,,,,,,,
2406150996C,NEW KAPPA IN 1.0,CM3P6,2024-06-15 21:33:25,18.589,28.65,OK,22.79,22.11,OK,23.24,22.83,OK,24.78,23.83,OK,25.91,25.14,OK,24.91,24.8,OK,22.54,22.36,OK,0,0,OK,0,0,,0,0,,0,OK,0,OK,0,OK,0,OK,0,OK,0,OK,0,OK,0,,0,OK,0,OK,0,OK,0,OK,0,OK,0,OK,0,OK,0,OK,0,,0,OK,,,,,,,,,,,,,,,,,,,,,,,,,,,,,,,,,,,,,,,,,,,,,,
2406150997C,NEW KAPPA IN 1.0,CM4P4,2024-06-15 21:34:14,18.074,26.76,OK,21.81,21.33,OK,24.1,23.46,OK,25.64,25.09,OK,24.59,24.06,OK,23.68,23.6,OK,24.19,23.64,OK,0,0,OK,0,0,,0,0,,0,OK,0,OK,0,OK,0,OK,0,OK,0,OK,0,OK,0,,0,OK,0,OK,0,OK,0,OK,0,OK,0,OK,0,OK,0,OK,0,,0,OK,,,,,,,,,,,,,,,,,,,,,,,,,,,,,,,,,,,,,,,,,,,,,,
2406150998C,NEW KAPPA IN 1.0,CM1P3,2024-06-15 21:36:30,18.797,27.46,OK,21.85,21.57,OK,22.64,22.34,OK,22.62,22.04,OK,21.15,20.87,OK,21.66,21.62,OK,21.27,20.96,OK,0,0,OK,0,0,,0,0,,5.71,OK,7.1,OK,7.27,OK,7.14,OK,7.47,OK,7.69,OK,0,OK,0,,0.21,OK,7.49,OK,8.2,OK,7.41,OK,7.48,OK,7.44,OK,7.82,OK,0,OK,0,,0.26,OK,,,,,,,,,,,,,,,,,,,,,,,,,,,,,,,,,,,,,,,,,,,,,,
2406150999C,NEW KAPPA IN 1.0,CM2P2,2024-06-15 21:36:53,19.157,28.72,OK,23.01,22.52,OK,22.73,22.31,OK,22.03,21.63,OK,22.31,21.91,OK,22.24,22.15,OK,20.26,19.81,OK,0,0,OK,0,0,,0,0,,15.36,OK,15.36,OK,15.36,OK,15.36,OK,15.36,OK,15.36,OK,0,OK,0,,15.36,OK,15.36,OK,15.36,OK,15.36,OK,15.36,OK,15.36,OK,15.36,OK,0,OK,0,,15.36,OK,,,,,,,,,,,,,,,,,,,,,,,,,,,,,,,,,,,,,,,,,,,,,,
2406151000C,NEW KAPPA IN 1.0,CM3P8,2024-06-15 21:37:29,19.179,28.85,OK,25.95,25.39,OK,23.28,22.94,OK,24.78,23.96,OK,24.73,23.99,OK,24.98,24.85,OK,23.96,23.74,OK,0,0,OK,0,0,,0,0,,0,OK,0,OK,0,OK,0,OK,0,OK,0,OK,0,OK,0,,0,OK,0,OK,0,OK,0,OK,0,OK,0,OK,0,OK,0,OK,0,,0,OK,,,,,,,,,,,,,,,,,,,,,,,,,,,,,,,,,,,,,,,,,,,,,,
2406151001C,NEW KAPPA IN 1.0,CM4P5,2024-06-15 21:38:14,18.748,27.95,OK,22.76,22.25,OK,24.19,23.51,OK,23.75,23.33,OK,25.11,24.54,OK,21.7,21.59,OK,23.33,23,OK,0,0,OK,0,0,,0,0,,0,OK,0,OK,0,OK,0,OK,0,OK,0,OK,0,OK,0,,0,OK,0,OK,0,OK,0,OK,0,OK,0,OK,0,OK,0,OK,0,,0,OK,,,,,,,,,,,,,,,,,,,,,,,,,,,,,,,,,,,,,,,,,,,,,,
2406151002C,NEW KAPPA IN 1.0,CM1P1,2024-06-15 21:39:42,19.189,28.87,OK,21.73,21.52,OK,22.64,22.32,OK,22.6,22.22,OK,22.06,21.76,OK,20.17,20.17,OK,21.87,21.52,OK,0,0,OK,0,0,,0,0,,5.7,OK,7.05,OK,7.48,OK,7.26,OK,7.57,OK,7.51,OK,0,OK,0,,0.17,OK,7.49,OK,7.12,OK,7.74,OK,7.49,OK,7.57,OK,7.5,OK,0,OK,0,,0.18,OK,,,,,,,,,,,,,,,,,,,,,,,,,,,,,,,,,,,,,,,,,,,,,,
2406151003C,NEW KAPPA IN 1.0,CM2P9,2024-06-15 21:40:05,19.145,27.98,OK,22.12,21.56,OK,23.2,22.87,OK,21.96,21.52,OK,21.7,21.42,OK,22.22,22.1,OK,21.17,20.79,OK,0,0,OK,0,0,,0,0,,15.36,OK,15.36,OK,15.36,OK,15.36,OK,15.36,OK,15.36,OK,0,OK,0,,15.36,OK,15.36,OK,15.36,OK,15.36,OK,15.36,OK,15.36,OK,15.36,OK,0,OK,0,,15.36,OK,,,,,,,,,,,,,,,,,,,,,,,,,,,,,,,,,,,,,,,,,,,,,,
2406151004C,NEW KAPPA IN 1.0,CM3P6,2024-06-15 21:40:41,19.167,29.01,OK,22.38,21.68,OK,23.24,22.92,OK,24.19,23.37,OK,25.34,24.73,OK,25.66,25.59,OK,23.19,22.9,OK,0,0,OK,0,0,,0,0,,0,OK,0,OK,0,OK,0,OK,0,OK,0,OK,0,OK,0,,0,OK,0,OK,0,OK,0,OK,0,OK,0,OK,0,OK,0,OK,0,,0,OK,,,,,,,,,,,,,,,,,,,,,,,,,,,,,,,,,,,,,,,,,,,,,,
2406151005C,NEW KAPPA IN 1.0,CM4P4,2024-06-15 21:41:30,19.159,28.57,OK,22.65,22.1,OK,23.82,23.18,OK,24.48,24.01,OK,24.06,23.62,OK,21.79,21.73,OK,23.16,22.8,OK,0,0,OK,0,0,,0,0,,0,OK,0,OK,0,OK,0,OK,0,OK,0,OK,0,OK,0,,0,OK,0,OK,0,OK,0,OK,0,OK,0,OK,0,OK,0,OK,0,,0,OK,,,,,,,,,,,,,,,,,,,,,,,,,,,,,,,,,,,,,,,,,,,,,,
2406151006C,NEW KAPPA IN 1.0,CM1P3,2024-06-15 21:42:53,19.019,28.75,OK,24.53,24.3,OK,22.9,22.34,OK,24.07,23.48,OK,23.02,22.62,OK,22.95,22.88,OK,21.97,21.52,OK,0,0,OK,0,0,,0,0,,5.64,OK,7.05,OK,7.35,OK,7.76,OK,7.5,OK,7.49,OK,0,OK,0,,0.28,OK,7.68,OK,7.27,OK,7.29,OK,7.86,OK,7.76,OK,7.48,OK,0,OK,0,,0.24,OK,,,,,,,,,,,,,,,,,,,,,,,,,,,,,,,,,,,,,,,,,,,,,,
2406151007C,NEW KAPPA IN 1.0,CM2P2,2024-06-15 21:43:16,19.184,29.06,OK,23.87,23.41,OK,23.01,22.66,OK,23.01,22.54,OK,21.12,20.7,OK,20.44,20.33,OK,21.26,20.86,OK,0,0,OK,0,0,,0,0,,15.36,OK,15.36,OK,15.36,OK,15.36,OK,15.36,OK,15.36,OK,0,OK,0,,15.36,OK,15.36,OK,15.36,OK,15.36,OK,15.36,OK,15.36,OK,15.36,OK,0,OK,0,,15.36,OK,,,,,,,,,,,,,,,,,,,,,,,,,,,,,,,,,,,,,,,,,,,,,,
2406151008C,NEW KAPPA IN 1.0,CM3P8,2024-06-15 21:43:59,19.184,28.35,OK,22.9,22.04,OK,24.39,23.94,OK,24.6,23.89,OK,25.55,24.82,OK,25.64,25.59,OK,23.76,23.49,OK,0,0,OK,0,0,,0,0,,0,OK,0,OK,0,OK,0,OK,0,OK,0,OK,0,OK,0,,0,OK,0,OK,0,OK,0,OK,0,OK,0,OK,0,OK,0,OK,0,,0,OK,,,,,,,,,,,,,,,,,,,,,,,,,,,,,,,,,,,,,,,,,,,,,,
2406151009C,NEW KAPPA IN 1.0,CM4P5,2024-06-15 21:44:41,18.993,27.5,OK,21.75,21.24,OK,23.31,22.76,OK,25.14,24.52,OK,23.73,23.24,OK,23.86,23.77,OK,23.55,23.09,OK,0,0,OK,0,0,,0,0,,0,OK,0,OK,0,OK,0,OK,0,OK,0,OK,0,OK,0,,0,OK,0,OK,0,OK,0,OK,0,OK,0,OK,0,OK,0,OK,0,,0,OK,,,,,,,,,,,,,,,,,,,,,,,,,,,,,,,,,,,,,,,,,,,,,,
2406151010C,NEW KAPPA IN 1.0,CM1P1,2024-06-15 21:46:05,19.174,30.16,OK,22.55,22.27,OK,23.55,23.23,OK,24.23,23.69,OK,23.27,22.9,OK,22.41,22.39,OK,21.78,21.31,OK,0,0,OK,0,0,,0,0,,5.57,OK,6.86,OK,7.05,OK,7.3,OK,8.05,OK,7.39,OK,0,OK,0,,0.27,OK,8.19,OK,7.44,OK,7.13,OK,7.29,OK,8,OK,7.66,OK,0,OK,0,,0.26,OK,,,,,,,,,,,,,,,,,,,,,,,,,,,,,,,,,,,,,,,,,,,,,,
2406151011C,NEW KAPPA IN 1.0,CM2P9,2024-06-15 21:46:25,19.172,30.27,OK,24.48,23.99,OK,22.54,22.12,OK,22.57,22.22,OK,21.59,21.21,OK,21.8,21.75,OK,20.84,20.56,OK,0,0,OK,0,0,,0,0,,15.36,OK,15.36,OK,15.36,OK,15.36,OK,15.36,OK,15.36,OK,0,OK,0,,15.36,OK,15.36,OK,15.36,OK,15.36,OK,15.36,OK,15.36,OK,15.36,OK,0,OK,0,,15.36,OK,,,,,,,,,,,,,,,,,,,,,,,,,,,,,,,,,,,,,,,,,,,,,,
2406151012C,NEW KAPPA IN 1.0,CM3P6,2024-06-15 21:47:01,18.953,27.4,OK,24.85,24.35,OK,24.89,24.51,OK,26.14,25.25,OK,25.39,24.64,OK,25.43,25.34,OK,24.05,23.69,OK,0,0,OK,0,0,,0,0,,0,OK,0,OK,0,OK,0,OK,0,OK,0,OK,0,OK,0,,0,OK,0,OK,0,OK,0,OK,0,OK,0,OK,0,OK,0,OK,0,,0,OK,,,,,,,,,,,,,,,,,,,,,,,,,,,,,,,,,,,,,,,,,,,,,,
2406151013C,NEW KAPPA IN 1.0,CM4P4,2024-06-15 21:47:53,18.741,26.6,OK,20.87,20.21,OK,24.37,23.73,OK,26.72,25.99,OK,24.12,23.73,OK,24.17,24.01,OK,23.68,23.35,OK,0,0,OK,0,0,,0,0,,0,OK,0,OK,0,OK,0,OK,0,OK,0,OK,0,OK,0,,0,OK,0,OK,0,OK,0,OK,0,OK,0,OK,0,OK,0,OK,0,,0,OK,,,,,,,,,,,,,,,,,,,,,,,,,,,,,,,,,,,,,,,,,,,,,,
2406151014C,NEW KAPPA IN 1.0,CM1P3,2024-06-15 21:49:14,19.027,30.57,OK,23.79,23.41,OK,22.46,21.97,OK,21.76,21.03,OK,21.17,20.89,OK,22.11,22.06,OK,21.03,20.68,OK,0,0,OK,0,0,,0,0,,5.79,OK,7.18,OK,6.99,OK,7.15,OK,7.47,OK,7.65,OK,0,OK,0,,0.19,OK,7.32,OK,7.51,OK,7.1,OK,7.2,OK,7.23,OK,8.15,OK,0,OK,0,,0.18,OK,,,,,,,,,,,,,,,,,,,,,,,,,,,,,,,,,,,,,,,,,,,,,,
2406151015C,NEW KAPPA IN 1.0,CM2P2,2024-06-15 21:49:37,18.689,27.35,OK,23.29,22.66,OK,24.36,23.97,OK,22.4,21.94,OK,21.7,21.24,OK,22.12,21.96,OK,21.68,21.28,OK,0,0,OK,0,0,,0,0,,15.36,OK,15.36,OK,15.36,OK,15.36,OK,15.36,OK,15.36,OK,0,OK,0,,15.36,OK,15.36,OK,15.36,OK,15.36,OK,15.36,OK,15.36,OK,15.36,OK,0,OK,0,,15.36,OK,,,,,,,,,,,,,,,,,,,,,,,,,,,,,,,,,,,,,,,,,,,,,,
2406151016C,NEW KAPPA IN 1.0,CM3P8,2024-06-15 21:50:13,19.195,29.22,OK,23.13,22.7,OK,23.03,22.7,OK,25.39,24.62,OK,25.18,24.39,OK,25.75,25.68,OK,23.62,23.37,OK,0,0,OK,0,0,,0,0,,0,OK,0,OK,0,OK,0,OK,0,OK,0,OK,0,OK,0,,0,OK,0,OK,0,OK,0,OK,0,OK,0,OK,0,OK,0,OK,0,,0,OK,,,,,,,,,,,,,,,,,,,,,,,,,,,,,,,,,,,,,,,,,,,,,,
2406151017C,NEW KAPPA IN 1.0,CM4P5,2024-06-15 21:51:02,19.175,27.28,OK,23.09,22.52,OK,24.83,24.28,OK,26.96,26.43,OK,25.93,25.55,OK,24.19,24.01,OK,24.67,24.21,OK,0,0,OK,0,0,,0,0,,0,OK,0,OK,0,OK,0,OK,0,OK,0,OK,0,OK,0,,0,OK,0,OK,0,OK,0,OK,0,OK,0,OK,0,OK,0,OK,0,,0,OK,,,,,,,,,,,,,,,,,,,,,,,,,,,,,,,,,,,,,,,,,,,,,,
2406151018C,NEW KAPPA IN 1.0,CM1P1,2024-06-15 21:52:25,19.042,27.77,OK,22.41,22.08,OK,23.53,23.11,OK,24.11,23.53,OK,22.64,22.39,OK,20.96,20.89,OK,21.29,20.96,OK,0,0,OK,0,0,,0,0,,5.7,OK,7.09,OK,7.44,OK,7.21,OK,7.51,OK,7.48,OK,0,OK,0,,0.21,OK,7.62,OK,7.24,OK,8.33,OK,7.69,OK,7.44,OK,7.45,OK,0,OK,0,,0.18,OK,,,,,,,,,,,,,,,,,,,,,,,,,,,,,,,,,,,,,,,,,,,,,,
2406151019C,NEW KAPPA IN 1.0,CM2P9,2024-06-15 21:52:48,18.517,26.72,OK,21.21,20.68,OK,23.62,23.24,OK,21.42,21.14,OK,22.08,21.7,OK,22.24,22.05,OK,21.38,21.07,OK,0,0,OK,0,0,,0,0,,15.36,OK,15.36,OK,15.36,OK,15.36,OK,15.36,OK,15.36,OK,0,OK,0,,15.36,OK,15.36,OK,15.36,OK,15.36,OK,15.36,OK,15.36,OK,15.36,OK,0,OK,0,,15.36,OK,,,,,,,,,,,,,,,,,,,,,,,,,,,,,,,,,,,,,,,,,,,,,,
2406151020C,NEW KAPPA IN 1.0,CM3P6,2024-06-15 21:53:31,18.842,27.35,OK,23.1,22.56,OK,23.85,23.49,OK,24.94,24.12,OK,25.61,25,OK,24.57,24.48,OK,22.54,22.27,OK,0,0,OK,0,0,,0,0,,0,OK,0,OK,0,OK,0,OK,0,OK,0,OK,0,OK,0,,0,OK,0,OK,0,OK,0,OK,0,OK,0,OK,0,OK,0,OK,0,,0,OK,,,,,,,,,,,,,,,,,,,,,,,,,,,,,,,,,,,,,,,,,,,,,,
2406151021C,NEW KAPPA IN 1.0,CM4P4,2024-06-15 21:54:17,18.971,27.08,OK,24.04,23.38,OK,23.6,23,OK,25.14,24.78,OK,24.61,24.08,OK,24.32,24.23,OK,23.99,23.44,OK,0,0,OK,0,0,,0,0,,0,OK,0,OK,0,OK,0,OK,0,OK,0,OK,0,OK,0,,0,OK,0,OK,0,OK,0,OK,0,OK,0,OK,0,OK,0,OK,0,,0,OK,,,,,,,,,,,,,,,,,,,,,,,,,,,,,,,,,,,,,,,,,,,,,,
2406151022C,NEW KAPPA IN 1.0,CM1P3,2024-06-15 21:55:37,19.162,29.66,OK,22.2,21.78,OK,22.36,21.92,OK,21.78,21.17,OK,21.9,21.41,OK,23.04,22.92,OK,22.2,21.73,OK,0,0,OK,0,0,,0,0,,5.52,OK,6.92,OK,7.11,OK,7.24,OK,7.86,OK,7.26,OK,0,OK,0,,0.23,OK,7.85,OK,7.22,OK,6.98,OK,7.21,OK,7.66,OK,7.4,OK,0,OK,0,,0.2,OK,,,,,,,,,,,,,,,,,,,,,,,,,,,,,,,,,,,,,,,,,,,,,,
2406151023C,NEW KAPPA IN 1.0,CM2P2,2024-06-15 21:56:00,19.18,28.32,OK,22.78,22.08,OK,23.2,22.8,OK,22.96,22.45,OK,21.66,21.31,OK,22.29,22.08,OK,20.54,20.12,OK,0,0,OK,0,0,,0,0,,15.36,OK,15.36,OK,15.36,OK,15.36,OK,15.36,OK,15.36,OK,0,OK,0,,15.36,OK,15.36,OK,15.36,OK,15.36,OK,15.36,OK,15.36,OK,15.36,OK,0,OK,0,,15.36,OK,,,,,,,,,,,,,,,,,,,,,,,,,,,,,,,,,,,,,,,,,,,,,,
2406151024C,NEW KAPPA IN 1.0,CM3P8,2024-06-15 21:56:43,18.541,26.95,OK,22.42,21.95,OK,24.21,23.87,OK,26.04,25.12,OK,25.21,24.53,OK,27.06,26.81,OK,24.14,23.92,OK,0,0,OK,0,0,,0,0,,0,OK,0,OK,0,OK,0,OK,0,OK,0,OK,0,OK,0,,0,OK,0,OK,0,OK,0,OK,0,OK,0,OK,0,OK,0,OK,0,,0,OK,,,,,,,,,,,,,,,,,,,,,,,,,,,,,,,,,,,,,,,,,,,,,,
2406151025C,NEW KAPPA IN 1.0,CM4P5,2024-06-15 21:57:28,18.946,28.23,OK,23.73,23.05,OK,24.28,23.51,OK,25.22,24.81,OK,24.28,23.88,OK,24.81,24.74,OK,23.31,22.89,OK,0,0,OK,0,0,,0,0,,0,OK,0,OK,0,OK,0,OK,0,OK,0,OK,0,OK,0,,0,OK,0,OK,0,OK,0,OK,0,OK,0,OK,0,OK,0,OK,0,,0,OK,,,,,,,,,,,,,,,,,,,,,,,,,,,,,,,,,,,,,,,,,,,,,,
2406151124D,ATKINSON 3.8 OCV,DM1P2,2024-06-15 23:11:13,18.985,26.5,OK,32.32,31.99,OK,33.49,33.13,OK,31.67,31.18,OK,33.7,33.07,OK,32.66,32.05,OK,32.37,31.99,OK,32.08,31.49,OK,0,0,,0,0,,11.35,OK,11.45,OK,11.45,OK,11.5,OK,11.49,OK,11.57,OK,11.51,OK,0,,0,OK,10.61,OK,10.88,OK,10.89,OK,10.87,OK,10.88,OK,10.81,OK,10.8,OK,0,,0,OK,,,,,,,,,,,,,,,,,,,,,,,,,,,,,,,,,,,,,,,,,,,,,,
2406151131D,ATKINSON 3.8 OCV,DM4P6,2024-06-15 23:21:44,18.999,26.21,OK,26.26,26.14,OK,23.48,23.38,OK,25.1,24.8,OK,22.83,22.69,OK,25.24,24.47,OK,24.43,24.29,OK,24.73,24.57,OK,0,0,,0,0,,12.57,OK,12.59,OK,12.61,OK,12.62,OK,12.61,OK,12.63,OK,12.62,OK,0,,0,OK,9.11,OK,9.73,OK,9.97,OK,9.9,OK,10.01,OK,9.84,OK,9.79,OK,0,,0,OK,,,,,,,,,,,,,,,,,,,,,,,,,,,,,,,,,,,,,,,,,,,,,,
2406150947C,NEW KAPPA IN 1.0,CM2P3,2024-07-08 12:43:35,,,,26.09,25.44,OK,24.74,24.11,OK,24.48,23.85,OK,22.78,22.4,OK,23.55,23.38,OK,22.87,22.54,OK,0,0,,0,0,,0,0,,15.36,OK,15.36,OK,15.36,OK,15.36,OK,15.36,OK,15.36,OK,0,,0,,15.36,OK,15.36,OK,15.36,OK,15.36,OK,15.36,OK,15.36,OK,15.36,OK,0,,0,,15.36,OK,,,58.24,OK,,,,58.58,OK,,,,177.18,OK,,,,178.1,OK,,,,-298.28,OK,,,,-298.44,OK,,,,,,,,,,,,,,,,,
